# NTRAJ	1000
0.41273641
0.39447616
0.09588426
0.01003419
0.02870698
0.35534721
0.00475722
0.19769362
0.31617681
0.31906820
0.39085432
0.19618039
0.39560836
0.00000467
0.01273471
0.43169244
0.47189573
0.44709097
0.55277447
0.45286725
0.01962397
0.29967808
0.34978992
0.39979612
0.33783547
0.34416412
0.29828850
0.10407184
0.28337845
0.02508101
0.19783734
0.29025515
0.26883773
0.09679641
0.39106747
0.29607539
0.41730139
0.41236086
0.43206764
0.00445720
0.46762441
0.37868568
0.09343973
0.06603821
0.33812058
0.41781346
0.42425696
0.26888558
0.10817971
0.00096309
0.12158698
0.22554058
0.38079449
0.13402504
0.29991309
0.47285781
0.47492435
0.07962803
0.45597704
0.13837228
0.06865960
0.30080858
0.24739542
0.36061714
0.41540329
0.43570439
0.23329642
0.18285220
0.01329145
0.24550239
0.16471744
0.07503784
0.19558831
0.47356496
0.19449336
0.00030806
0.42342784
0.25967072
0.22208607
0.19283960
0.45625025
0.27651817
0.23726477
0.00349322
0.03166803
0.35654373
0.02022892
0.43460657
0.00195107
0.48285152
0.24960678
0.43408736
0.36989077
0.38406319
0.05809509
0.39899394
0.06031815
0.00958218
0.01444524
0.38167209
0.14692009
0.42837337
0.33701866
0.00909986
0.28750116
0.28422786
0.43671352
0.01230276
0.36872111
0.35102446
0.26674930
0.23491640
0.06382076
0.45411697
0.00009879
0.00893453
0.43158478
0.27748126
0.39501784
0.25023806
0.25768869
0.26689842
0.00525438
0.20161397
0.42130038
0.08774986
0.31954401
0.38201565
0.15086578
0.50181149
0.35113070
0.45297626
0.00194312
0.32044457
0.49355873
0.02348660
0.27784170
0.35253089
0.27761412
0.52097169
0.15832095
0.37835329
0.16877448
0.02826081
0.27250836
0.13009328
0.45793082
0.09109788
0.20290650
0.43060752
0.03986347
0.40118972
0.31003365
0.33828372
0.42084277
0.04739290
0.32543184
0.37166590
0.48923860
0.46961504
0.44585447
0.20617116
0.00926133
0.11959482
0.02129367
0.08467500
0.51605574
0.34837096
0.03791039
0.17867424
0.03052643
0.14400882
0.37359223
0.00246238
0.41355031
0.45749081
0.17991393
0.13917585
0.43747391
0.35729235
0.29667560
0.48958326
0.03995797
0.25655525
0.27848146
0.34256841
0.09403283
0.33010125
0.36829491
0.38399117
0.51926065
0.45251100
0.09321269
0.41360899
0.24304997
0.32531459
0.14098033
0.41021905
0.03500679
0.02976974
0.15749124
0.38188996
0.17786705
0.05677552
0.44582884
0.30437549
0.33843035
0.05298725
0.33479849
0.10667754
0.48600060
0.46494387
0.34286712
0.42928678
0.45529515
0.19414012
0.34097422
0.06243054
0.03016925
0.39427095
0.00436393
0.00080898
0.10652180
0.01893376
0.12868853
0.34013058
0.32595630
0.05350449
0.07015691
0.38486156
0.41990951
0.36413561
0.31800261
0.41380040
0.32182794
0.41845396
0.00775029
0.49166093
0.26657943
0.00013589
0.00161023
0.30065535
0.41534217
0.08294074
0.46304189
0.05124636
0.06570796
0.18633781
0.39927232
0.25115053
0.12297591
0.17684072
0.05242584
0.41973022
0.00001591
0.09774782
0.45876180
0.50107646
0.41127582
0.00001541
0.19074653
0.32548603
0.00469051
0.28952726
0.33208138
0.35531155
0.34715250
0.20965337
0.40022600
0.24799627
0.38596247
0.01023774
0.33396896
0.25277825
0.00015965
0.18036978
0.02065553
0.37925477
0.01515017
0.23796635
0.13049708
0.37849321
0.45437302
0.03583368
0.00227246
0.18160400
0.42625603
0.41451894
0.16054886
0.18715998
0.43806258
0.10511010
0.13492389
0.25722160
0.37440328
0.22590324
0.08413927
0.13719356
0.31016885
0.29085977
0.12941779
0.50646947
0.33524978
0.27635670
0.38342386
0.11920334
0.22248088
0.43281647
0.50661192
0.06163165
0.37320382
0.37049470
0.12910873
0.19978586
0.06553757
0.31699081
0.34492156
0.00070526
0.00101789
0.05930875
0.42888360
0.03700717
0.27072407
0.22024682
0.33525351
0.05508457
0.24698388
0.36689179
0.52952518
0.33869242
0.39203475
0.27630267
0.39760118
0.12295997
0.48499821
0.32781244
0.02228869
0.41496889
0.01787553
0.19568229
0.10591740
0.05362988
0.46765975
0.49827355
0.23800640
0.38284331
0.03645782
0.18327313
0.23369361
0.18387776
0.31413370
0.23131193
0.35599536
0.43724215
0.30997335
0.07715656
0.43536044
0.17621155
0.07572842
0.25497575
0.42626013
0.44195629
0.35051076
0.35314419
0.01800406
0.44029815
0.01657365
0.42509439
0.08684333
0.41562106
0.14521371
0.43960645
0.33220956
0.33306803
0.10135105
0.43507640
0.32836254
0.03438436
0.24252292
0.29086132
0.34403395
0.00757651
0.03389369
0.30833518
0.00203491
0.37332040
0.31621415
0.16635915
0.28431949
0.34425776
0.16188498
0.41972759
0.38420219
0.06855659
0.27026499
0.31134800
0.02456801
0.38863864
0.54993004
0.00485538
0.30113456
0.27718903
0.38942723
0.02127129
0.00030505
0.12192556
0.32261828
0.08945382
0.42034942
0.14883054
0.20668023
0.29532526
0.02582875
0.22646606
0.23810469
0.46331574
0.19431888
0.27474919
0.41143655
0.27583283
0.13291736
0.00973953
0.00310857
0.45559205
0.00954955
0.34004802
0.29637850
0.09045412
0.02920296
0.30351234
0.18288655
0.08517423
0.41375455
0.05649583
0.38798385
0.05002958
0.30756854
0.43257355
0.10532252
0.10936883
0.35030609
0.38976445
0.22422962
0.17909228
0.01346332
0.43212830
0.39698482
0.44607950
0.19835398
0.33812955
0.11132500
0.23203607
0.01310067
0.32802021
0.41116553
0.30703231
0.14022348
0.00159213
0.06652029
0.03948672
0.05855134
0.58642337
0.02879120
0.06632401
0.48173087
0.35569691
0.31236143
0.33388149
0.22901315
0.23307720
0.12866362
0.46187585
0.26938348
0.40751662
0.00207167
0.12229326
0.51844128
0.28911233
0.43354936
0.05959469
0.31906896
0.42877903
0.42497818
0.00070856
0.02217673
0.41774753
0.43855643
0.24812500
0.38260753
0.32222570
0.50539854
0.04113989
0.35879086
0.01054353
0.48554170
0.13124839
0.18663768
0.38926323
0.33548969
0.34177172
0.36775543
0.40543898
0.17203523
0.36232668
0.02866356
0.25764845
0.38700884
0.41504019
0.24231073
0.10341875
0.10816219
0.29806231
0.34612040
0.17304508
0.16453198
0.00891865
0.04689315
0.02626411
0.00036220
0.02627136
0.27219321
0.35844932
0.15608626
0.01048200
0.26717758
0.50115428
0.32034057
0.14153542
0.28504320
0.44966848
0.35741692
0.20039294
0.38715968
0.40247483
0.33093474
0.01278843
0.25287875
0.01583923
0.00152461
0.38839873
0.30310654
0.01025511
0.37654852
0.39492274
0.37903536
0.40258634
0.44810776
0.38146825
0.21524258
0.00388013
0.06250723
0.28590416
0.09094979
0.18045462
0.43161892
0.34239514
0.39114476
0.15433885
0.41715237
0.28655244
0.48186335
0.04067607
0.04910308
0.13581710
0.45633894
0.34868837
0.40849841
0.11622072
0.06647863
0.01352030
0.02677956
0.13434762
0.51949215
0.30963291
0.17411840
0.18964822
0.44690303
0.43440351
0.39393560
0.35951008
0.00132947
0.35623374
0.36869256
0.20733808
0.32709772
0.45326140
0.43446257
0.01539798
0.42147903
0.01436880
0.33720808
0.17815528
0.38919396
0.46216496
0.36433636
0.34722224
0.23994888
0.45999452
0.18027792
0.25832046
0.28847708
0.22391598
0.09339269
0.46219995
0.04037621
0.28789713
0.42117076
0.19054694
0.25200076
0.21869471
0.11712367
0.46710960
0.26540276
0.25893053
0.18922065
0.38710216
0.39198723
0.37325371
0.45754834
0.36044055
0.00522876
0.40437623
0.29492301
0.40079425
0.44143980
0.00420098
0.32250674
0.00956739
0.37079786
0.00747708
0.41906343
0.42105796
0.39833451
0.45176873
0.33382231
0.36864261
0.30380735
0.34629333
0.10638185
0.45759984
0.12067758
0.41974702
0.03020620
0.27416772
0.41366860
0.00028049
0.42604486
0.37694818
0.26225299
0.25539819
0.55780171
0.42521400
0.14596053
0.32484592
0.33903570
0.31353978
0.41157939
0.04938354
0.33797002
0.48938213
0.44459502
0.24348337
0.42679102
0.02764260
0.06926601
0.00000156
0.36584924
0.24935893
0.36783206
0.50032436
0.10865841
0.53946397
0.50235050
0.02827742
0.52089854
0.26753865
0.15993373
0.11638581
0.43289333
0.01692269
0.48236617
0.31205021
0.51822441
0.46760677
0.05280412
0.00549182
0.46547688
0.08056929
0.44638502
0.43416110
0.30111637
0.26150083
0.02747272
0.00143452
0.19565397
0.02240769
0.17683357
0.01945632
0.34429347
0.29233201
0.31886179
0.00169619
0.46127451
0.19640137
0.28425628
0.38948654
0.01593252
0.34697751
0.40349014
0.52084379
0.24457323
0.05273395
0.10393297
0.11889745
0.42743141
0.14930551
0.40238059
0.11554314
0.02798033
0.32803949
0.00710820
0.49035894
0.40080166
0.47087876
0.44626786
0.37560442
0.42986572
0.40452919
0.30697176
0.34713619
0.46932314
0.31615600
0.19151526
0.32219897
0.17834540
0.14634066
0.28159475
0.36841351
0.02152919
0.08067350
0.56517362
0.44558139
0.44200574
0.00018127
0.01449278
0.07772738
0.00450742
0.08259220
0.07534501
0.04645937
0.34730618
0.17816839
0.07434712
0.32352429
0.16836204
0.22303693
0.18560225
0.41918191
0.29992690
0.28228433
0.38669996
0.08490885
0.36466517
0.34734091
0.53539942
0.37924655
0.26635318
0.31796197
0.38119206
0.47620410
0.49252687
0.16061552
0.00364654
0.27620519
0.29628441
0.30058821
0.45264223
0.36349518
0.22270416
0.36396550
0.31070241
0.30939447
0.00163599
0.23237484
0.18633191
0.15628277
0.27329307
0.42953784
0.11818309
0.21780372
0.00062453
0.30127191
0.21124424
0.34606309
0.11024441
0.37042147
0.32232590
0.45340327
0.44083075
0.04555831
0.27853879
0.22891688
0.26308594
0.37458712
0.41825114
0.31088448
0.05058663
0.42462449
0.02470806
0.35070593
0.27546183
0.44059013
0.02608205
0.07047287
0.23683415
0.00871699
0.32414517
0.20208027
0.44261514
0.33865108
0.00431248
0.58859071
0.51678245
0.26757774
0.34369691
0.29112334
0.40232173
0.30769744
0.48012315
0.29127548
0.21003887
0.19342979
0.03458763
0.15138450
0.22311582
0.02072338
0.06305013
0.13047157
0.41209609
0.35611453
0.06632480
0.38544191
0.47327428
0.37080204
0.31456979
0.11809575
0.54541723
0.41333486
0.42298370
0.47568133
0.17027867
0.34535945
0.06063131
0.48614338
0.10559853
0.07864282
0.18907515
0.01613243
0.02249055
0.45360700
0.46338821
0.53867809
0.46272044
0.10126509
0.00384448
0.36077999
0.13748836
0.01385176
0.32490748
0.32003640
0.42675741
0.23607825
0.20692294
0.41140793
0.19601606
0.04790164
0.00038343
0.41242172
0.33445182
0.27458327
0.35747090
0.17056886
0.22151401
0.04151404
0.12360843
0.16670385
0.04669824
0.30690283
0.08858230
0.36362608
0.33725088
0.26825864
0.49059675
0.39232967
0.53438615
0.40469892
0.10549567
0.15368246
0.10094383
0.03879376
0.39947514
0.13251693
0.29438911
0.03016460
0.00336056
0.00000068
0.45190964
0.29983144
0.50840134
0.19398266
0.25263782
0.00074382
0.12022790
0.25834114
0.35966005
0.07842233
0.00246079
0.28382161
0.26536999
0.38013805
0.44919320
0.02105682
0.17941862
0.46241779
0.38810070
0.20181295
0.19624147
0.38501991
0.29233458
0.16341044
0.19811215
0.46115150
0.02478251
0.45676977
0.36516354
0.43655639
0.08815330
0.02861831
0.01579723
0.46235060
0.41787116
0.31967157
0.49494300
0.14878067
0.39870421
0.29268659
0.40420696
0.30199598
0.28818463
0.44992654
0.29360976
0.39673505
0.28031173
0.48383512
0.06473563
0.14311822
0.38712233
0.15237344
0.19810078
0.48112145
0.46533899
0.30068666
0.17237372
0.33069192
0.32681678
0.26156321
0.00000114
0.47467519
0.46644081
0.19198524
0.03669059
0.22584928
0.14878133
0.23503576
0.00012492
0.50187291
0.18484097
0.18820957
0.17983199
0.33680417
0.37841751
0.13177148
0.49132684
0.04231227
0.00156193
0.40959914
0.18003596
0.02488873
0.41160121
0.01446286
0.03728403
0.34872447
0.01523078
0.47614716
0.41967430
0.41052451
0.07397125
0.39658476
0.41555082
0.18589494
