# NTRAJ	1000
0.71425983
0.82285782
0.29928791
0.59716115
0.76610106
0.83357824
0.66410454
0.46794512
0.70165772
0.64173201
0.49742902
0.85761030
0.46599882
0.38897741
0.80081483
0.41086252
0.63585655
0.42634980
0.74294903
0.49343059
0.69802879
0.93530658
0.79690892
0.70572952
0.37690059
0.82117804
0.58029922
0.50267825
0.55613819
0.75656091
0.92382644
0.71962558
0.62175216
0.57852370
0.83600827
0.81832851
0.46395190
0.47718688
0.44189331
0.42766944
0.53637310
0.87936860
0.53479010
0.77306823
0.69254563
0.37478566
0.60804531
0.85256831
0.74656200
0.88662762
0.56698072
0.56050505
0.30081560
0.32961824
0.44670979
0.51566438
0.62423917
0.47630714
0.62310540
0.66639526
0.37472774
0.45930541
0.64888900
0.62194077
0.41721928
0.48337556
0.67364938
0.61269719
0.85020999
0.89632493
0.42659233
0.60991599
0.86692241
0.62717348
0.85889994
0.82737120
0.86495420
0.55331456
0.50681736
0.78532938
0.45527849
0.93789550
0.40081142
0.88751052
0.91091882
0.84693086
0.64311498
0.82108933
0.67839597
0.56372023
0.45305177
0.59653738
0.53582390
0.92990582
0.77049641
0.85499401
0.73385124
0.64622690
0.51474752
0.83747800
0.56254060
0.88492972
0.51676282
0.74892266
0.75595325
0.48896507
0.71278786
0.39510854
0.83718674
0.52935991
0.77397368
0.85291418
0.61377578
0.76012081
0.61620375
0.32969061
0.79099150
0.90637924
0.61597379
0.91335033
0.43517425
0.32518645
0.73883701
0.88400419
0.63623541
0.83394202
0.64666643
0.87755275
0.70776301
0.67210334
0.44853753
0.76568197
0.40571660
0.87391677
0.57467540
0.94391654
0.58787750
0.46165219
0.67472503
0.80228420
0.55246791
0.38342088
0.88881797
0.80214851
0.45904245
0.41283789
0.62051030
0.89212051
0.72125797
0.73969180
0.89590345
0.85413155
0.24546791
0.72500542
0.79023446
0.85975911
0.59881751
0.42713721
0.63542892
0.83211366
0.74711926
0.73386528
0.73556829
0.92340061
0.57241150
0.49931866
0.68830579
0.88884093
0.75891512
0.94925523
0.48482844
0.91678552
0.69308592
0.72431467
0.82682514
0.82567263
0.49145962
0.84896634
0.30777797
0.90638349
0.68397378
0.62588730
0.16237442
0.64198228
0.66169773
0.51018198
0.61742904
0.45004524
0.81405382
0.78847639
0.81241019
0.83679143
0.88408215
0.70839476
0.65877494
0.46344798
0.79797111
0.64613595
0.50934874
0.84621784
0.51021911
0.69827325
0.92854589
0.67528553
0.87303767
0.93600482
0.31432706
0.62903555
0.86232550
0.66658235
0.73680696
0.93973385
0.80813620
0.51033744
0.45238199
0.84349397
0.61923587
0.83885567
0.70750272
0.81931616
0.79740885
0.77828095
0.93233717
0.75109491
0.61526950
0.78083234
0.90635566
0.56518936
0.85048154
0.43260810
0.88036435
0.75091608
0.67763009
0.43526936
0.54055102
0.56542162
0.59747525
0.67806027
0.90916231
0.57282827
0.78483177
0.38642752
0.72111958
0.44910741
0.45611542
0.63431579
0.91025329
0.81578454
0.74937936
0.52207571
0.46497950
0.83896258
0.59782948
0.83358744
0.87910025
0.86335317
0.73681536
0.89515587
0.95683800
0.75366058
0.48051448
0.48613348
0.67118826
0.52727914
0.64409276
0.73469002
0.81588586
0.91574931
0.68896151
0.90373706
0.54518150
0.42237145
0.30915253
0.48180196
0.83576243
0.72535015
0.96291555
0.93625254
0.67964600
0.75147756
0.52038097
0.56874137
0.65995723
0.30679229
0.61467962
0.71818013
0.58364125
0.71347530
0.62379755
0.57370940
0.32138517
0.39099487
0.66217213
0.73573134
0.65252939
0.80466848
0.81413293
0.70679017
0.37329052
0.91836137
0.50146765
0.49972592
0.64574408
0.36085923
0.44648017
0.34335222
0.62353609
0.53946791
0.92893286
0.81281552
0.46203325
0.83995250
0.93642188
0.68468281
0.79617168
0.73132903
0.73018141
0.60824479
0.82014517
0.41351638
0.68943078
0.45029735
0.66808932
0.41705047
0.67115018
0.69081489
0.40935498
0.53227198
0.51828384
0.29826095
0.36424131
0.80530547
0.61139082
0.46068977
0.78504738
0.81060108
0.74047615
0.87548054
0.76144883
0.67424359
0.60511927
0.94642171
0.22018962
0.69004411
0.44748606
0.85912142
0.52375247
0.51999080
0.44459082
0.71273432
0.46615038
0.76293258
0.89201506
0.51230775
0.81612032
0.58927484
0.84665982
0.73768295
0.76385783
0.69640423
0.65623453
0.52082403
0.37607085
0.86457227
0.61946836
0.64468631
0.80724161
0.52414525
0.90861565
0.43581601
0.76050092
0.46408265
0.47675150
0.65018112
0.71447480
0.38558021
0.21337620
0.80232322
0.53144058
0.42867460
0.93852496
0.45043842
0.86707502
0.54202510
0.62930546
0.62540198
0.72566517
0.76021845
0.86319434
0.79364721
0.62347079
0.53542944
0.71816776
0.47848975
0.58194985
0.31933364
0.77926543
0.64707606
0.74268104
0.45844782
0.68113254
0.77846492
0.26225446
0.57140738
0.96292448
0.32320224
0.89659576
0.79860328
0.53754391
0.43644633
0.72038798
0.77497139
0.89534298
0.59204719
0.55745425
0.54523641
0.66678951
0.88749520
0.36909467
0.58953195
0.64430151
0.62296708
0.42887822
0.44412840
0.43440402
0.85825606
0.65611403
0.84431285
0.95822370
0.57255594
0.75492017
0.31402677
0.52723765
0.88916241
0.83677839
0.63970215
0.75721691
0.32901566
0.74284735
0.47021201
0.71193448
0.66630372
0.64776885
0.31548367
0.89894382
0.86928378
0.59460888
0.75032602
0.52376033
0.94277772
0.72610035
0.91412049
0.47189233
0.92515521
0.48534048
0.73943717
0.74791714
0.47696104
0.52652131
0.63598334
0.47596256
0.61818851
0.68839741
0.72167156
0.88350936
0.45729014
0.95363528
0.76408962
0.44368366
0.69516837
0.76542769
0.39142705
0.94439773
0.85833093
0.55434209
0.70997002
0.52700396
0.77002157
0.63597172
0.65803423
0.74918978
0.52929537
0.87790843
0.69633016
0.90874711
0.61611532
0.49724802
0.44097661
0.41288038
0.73766205
0.90241246
0.47219473
0.56795587
0.70157939
0.92221022
0.86598968
0.82154222
0.78754289
0.84968776
0.52030547
0.71259652
0.56845915
0.84676695
0.62030669
0.79474462
0.83090031
0.77944733
0.93233042
0.35057068
0.74693495
0.84670602
0.76387892
0.24511662
0.72980851
0.47201821
0.52577025
0.44159159
0.81879306
0.93902682
0.52743725
0.55321601
0.45392933
0.80062568
0.74210813
0.39044734
0.52704295
0.51987219
0.86942494
0.51014235
0.45123579
0.88684765
0.93556889
0.64465013
0.82081891
0.68931176
0.41086235
0.42621964
0.57900913
0.47429529
0.34797612
0.34793296
0.81689843
0.75846499
0.56582215
0.86673597
0.54863696
0.34024926
0.94334196
0.59721158
0.91654509
0.96095764
0.59342130
0.36319428
0.79579359
0.53802731
0.82267877
0.61755240
0.91169142
0.80740052
0.29378858
0.85041609
0.88186314
0.94664093
0.80204342
0.64469101
0.44367363
0.44823779
0.93421889
0.92805809
0.64190487
0.34336142
0.70707275
0.63917410
0.89309789
0.79356299
0.74831667
0.91631095
0.62754505
0.67214151
0.42147697
0.93292495
0.61663096
0.55469799
0.73098266
0.68263771
0.40654102
0.83457052
0.46148782
0.93346796
0.74074633
0.39201849
0.77645006
0.71206435
0.77885995
0.71499866
0.80785076
0.80502729
0.70547920
0.93180739
0.57026827
0.89581134
0.77568122
0.51256548
0.55850094
0.91003270
0.41050404
0.40880403
0.43900486
0.88982754
0.76708438
0.95857673
0.52877256
0.58992027
0.72290525
0.77048316
0.88550533
0.91016011
0.70471519
0.84675186
0.82012607
0.79916419
0.84126422
0.57975062
0.79803510
0.93568483
0.46055003
0.90413102
0.71596878
0.88630066
0.67118920
0.38047091
0.84863327
0.49191432
0.81666480
0.72953996
0.67332941
0.41783928
0.65645478
0.78908539
0.65791514
0.64776130
0.60672387
0.47735640
0.59113310
0.51889361
0.42985816
0.68552059
0.33772728
0.57351982
0.58061199
0.47873745
0.85927937
0.79611427
0.56765063
0.94589330
0.71029650
0.87083322
0.47166746
0.82291247
0.31569720
0.92580352
0.65448514
0.39156649
0.38763869
0.46352894
0.89490887
0.25676755
0.64029114
0.42317687
0.63871516
0.81792769
0.41894840
0.51717518
0.70786126
0.72899428
0.37922360
0.40759798
0.53812163
0.66576126
0.92720459
0.76648076
0.92517963
0.93998572
0.44849921
0.60188220
0.37680353
0.60132433
0.69629832
0.74797205
0.87276959
0.80367555
0.83133279
0.73072086
0.51396356
0.91167244
0.93526283
0.67624603
0.54564756
0.89108349
0.47413192
0.46734709
0.90568034
0.45057820
0.61171680
0.51388357
0.45912937
0.70180660
0.69473873
0.39140087
0.40441202
0.68432123
0.92383149
0.67074847
0.70533344
0.82587218
0.57366629
0.85713976
0.89377613
0.52774107
0.57363937
0.57054733
0.45720671
0.84771141
0.71552528
0.63939124
0.77395327
0.83694594
0.90602774
0.77286457
0.83241707
0.86965247
0.65828782
0.80507540
0.92943887
0.65009533
0.77942512
0.63463771
0.92730859
0.76143297
0.86691300
0.66737637
0.42107339
0.63519113
0.71520745
0.85241858
0.36354710
0.72882191
0.51434254
0.81629915
0.58405106
0.73439494
0.90244950
0.48891717
0.69450236
0.52045129
0.83856584
0.65355982
0.45522976
0.81198752
0.54290333
0.51485753
0.53192932
0.95836074
0.50068215
0.84816297
0.96008977
0.57840487
0.78682300
0.60845652
0.51022108
0.81661411
0.90117345
0.79745318
0.35780909
0.44001967
0.77448461
0.61895919
0.91774988
0.55900854
0.38122863
0.44574425
0.41052153
0.76287992
0.74025328
0.81521719
0.45488118
0.78096975
0.79477047
0.80570811
0.85246742
0.85588238
0.33077011
0.88998953
0.42014369
0.90590717
0.60297861
0.85450771
0.53568486
0.80037252
0.55029436
0.52524452
0.72909756
0.81593753
0.89834396
0.42066382
0.76468308
0.60615898
0.55711632
0.86014200
0.45662990
0.54241390
0.86525477
0.81259399
0.84257008
0.86652631
0.46202272
0.35674475
0.63398312
0.49995650
0.49613011
0.56334687
0.63491074
0.71493409
0.75898341
0.61515596
0.44553498
0.78232149
0.88960471
0.36719780
0.60950777
0.87734408
0.88715507
0.71768868
0.47278474
0.84569781
0.58905751
0.55755161
0.77945733
0.49109782
0.85860856
0.79679300
0.77684967
0.80698910
0.55643375
0.62347703
0.66072299
0.75148986
0.63528613
0.80344261
0.81101218
0.47050059
0.91884938
0.73629839
0.51227262
0.65376533
0.43836892
0.67932583
0.68630469
0.78459538
0.52441389
0.49598312
0.23062713
0.57777098
0.42716061
0.83021159
0.57331405
0.70566475
0.73136165
0.59694974
0.79790063
0.57345735
0.85869643
0.44029805
0.52922857
0.79420569
0.42492378
0.74196195
0.94504966
0.84895722
0.38577386
0.68346573
0.65922029
0.53621572
0.58466127
0.57225342
0.40221732
0.74290939
0.47916979
0.86305659
0.46741865
0.48967369
0.47850030
0.77117736
0.79994543
0.41909179
0.78815416
0.91653956
0.84168282
0.69120070
0.34521558
0.86121098
0.60100968
0.42539844
0.64558440
0.74728917
0.71630599
0.66930855
0.90232788
0.73181170
0.72732565
0.68117766
0.68932526
0.64866650
0.75567965
0.61100549
0.64092009
0.80800925
0.72993317
0.92521253
0.72135925
0.78238492
0.60010445
0.85849555
0.72141874
0.98097717
0.69368706
0.74249888
0.54718087
0.46922973
0.83042716
0.68332008
0.83444303
0.97064608
0.89802799
0.68808687
0.45286247
0.86895913
0.67151022
0.91971758
0.79152296
0.57927968
0.73441455
0.97538719
0.85982440
0.76404045
0.95349867
0.47363307
0.74614371
0.79188931
0.58146328
0.47641913
0.63051273
0.90433594
0.60867518
0.96354445
0.80625504
0.46671823
0.66805956
0.51684453
0.86217987
0.48588929
0.76042228
0.43345857
0.57579738
0.72218667
0.96341144
0.66229479
0.92431458
0.83239147
0.59944282
0.58100709
0.81198449
0.74157788
0.26730884
0.91721877
0.75390445
0.37521552
0.85073080
0.85543808
0.75576288
0.38503743
0.42983000
0.46837737
0.52095833
0.44961437
0.59397211
0.66547477
0.93201863
0.80385005
0.45590453
0.74117489
0.69399121
0.37500216
0.63791424
0.86553307
0.86699966
0.94981140
0.70200134
0.77102489
0.69008293
