0.99881937
0.41258941
0.90381447
0.41258941
0.41258941
0.33949440
0.41258941
0.27173524
0.47484840
0.37609384
0.41258941
0.33360030
0.41258941
0.32559451
0.37481120
0.41258941
0.35046136
0.34619232
0.37071676
0.41258941
0.77657713
0.75265122
0.41258941
0.99999986
0.98046479
0.43701965
0.21707511
0.51486815
0.97217488
0.98617432
0.46087854
0.65482122
0.41258941
0.59489990
0.81966324
0.41258941
0.98207525
0.32229336
0.14107981
0.41258941
0.32909284
0.88318389
0.35086333
0.22889275
0.45137622
0.99999999
0.41258941
0.41258941
0.49718900
0.33442746
0.41258941
0.41258941
0.41258941
0.41258941
0.32862325
0.97682232
0.32344827
0.51878785
0.50516592
0.49366043
0.41258941
0.50482989
0.23102663
0.99045635
0.37005777
0.41258941
0.39512208
0.98767470
0.51989665
0.37109248
0.50966120
0.66243185
0.41258941
0.99998493
0.50887079
0.99388762
0.53728246
0.48950118
0.90696405
0.39408909
0.99999999
0.84740581
0.22853936
0.97369861
0.41258941
0.98407489
0.41258941
0.66369326
0.42816200
0.43967126
0.41258941
0.90602600
0.99850736
1.00000000
0.36780743
0.41258941
0.32237466
0.41258941
0.84530001
0.98492137
0.91977181
0.89056268
0.18818476
0.98941871
0.21249575
0.39869789
0.37984744
0.77502119
0.41258941
0.49558843
0.99525608
0.99549246
0.41258941
0.37805562
0.56397187
0.33131818
0.40820134
0.47214165
0.99936765
0.99135701
0.35811336
0.41258941
0.41258941
0.71768375
0.35667876
0.99697104
0.34080322
1.00000000
0.45269980
0.41258941
0.47594135
0.41258941
0.44888592
0.48468424
0.52040793
0.90882265
0.41258941
0.32384267
0.41416600
1.00000000
0.43100893
0.40539293
0.86870473
0.34436754
0.91216964
0.41258941
0.96596487
0.34148103
0.32273563
0.49006853
0.41258941
0.33958593
0.41258941
0.51345318
0.41258941
0.51753498
0.41258941
0.91306892
0.48447456
0.41258941
0.97410402
0.51950344
0.37150860
0.92146496
0.98998165
0.51875381
0.38802142
0.24655502
0.97503323
0.41258941
0.14107981
0.41258941
0.51773874
0.91485013
0.41258941
0.41258941
0.41258941
0.41258941
0.50586384
0.49730292
0.99805547
0.41457816
0.99999954
0.51249770
0.37334235
0.13780781
0.41258941
0.41258941
0.99682429
0.41258941
0.93419680
0.94026544
0.41258941
0.10003182
0.41258941
1.00000000
0.23052966
0.96547671
0.41258941
0.17250915
0.41258941
0.41258941
0.41258941
0.18767758
0.41258941
0.92586883
0.33121635
0.39783205
0.48618283
0.50486247
0.41258941
0.41258941
0.99999750
0.99993345
0.99999962
0.41258941
0.41052456
0.50003230
0.36845025
0.48200045
0.99845569
0.35214285
0.41258941
0.41514338
0.49597063
0.39604387
0.44367607
0.32228420
0.11966267
0.40434161
0.99862286
0.41421264
0.54435297
0.44441496
0.38946182
0.41258941
0.41258941
0.33963450
0.35601054
0.91660826
0.99172362
1.00000000
0.26653032
0.97719383
0.89498467
0.97146274
0.41258941
0.41258941
0.41258941
0.41178447
0.98735179
0.87175723
0.32241639
0.41258941
0.45105807
0.41258941
0.99997388
0.46136541
0.41258941
0.09450454
0.22404778
0.41258941
1.00000000
0.41258941
0.35686987
0.94304445
0.68665718
0.99991818
0.47234626
0.25019930
0.43927068
0.41258941
0.49165869
0.99900649
0.36358299
0.24584279
0.47275412
0.42023267
0.53869913
0.32829812
0.99688361
0.32434169
0.41258941
0.41258941
0.45400643
0.30098775
0.99918112
0.09952480
0.98837975
0.51448825
0.39133451
0.41258941
0.99984079
0.41258941
0.41521759
0.45235946
0.45088184
0.41258941
0.99667234
0.29437089
0.99994899
0.38645495
0.36549785
0.41258941
0.50797507
0.41258941
0.41258941
0.60031428
0.99999984
0.24370880
0.99993187
0.41258941
0.52063912
0.52093351
0.32644970
0.36890111
0.99999832
0.40851898
0.41258941
0.75482841
0.91126457
0.99967022
0.99579405
0.16649015
0.50232184
0.26738688
0.35757846
0.33353588
0.09752984
0.13304059
0.39763734
0.41258941
0.41258941
0.32405445
0.99982148
0.99886154
0.41258941
0.25083755
0.41258941
0.87883636
0.35153860
0.79232239
0.10965667
0.41258941
0.99755783
0.41258941
0.41258941
0.99999670
0.99988682
0.41258941
0.32927703
0.41258941
0.27464058
0.41258941
0.94050032
0.92985167
0.85647386
0.41258941
0.32234067
0.41258941
0.52084390
0.33969353
0.10833130
0.41258941
0.10965766
0.29216933
0.41258941
0.99821611
0.39277679
0.99951990
0.42644449
0.16899318
0.32529011
0.26937083
0.41258941
0.99998996
0.98112059
0.51132876
0.51157486
0.50796385
0.31796986
0.41258941
0.41258941
0.41258941
0.41258941
0.51835683
0.41258941
0.41258941
0.27464058
0.46037473
0.23239993
0.45112926
0.93979387
0.41258941
0.48236747
0.37841492
0.41258941
0.49814489
0.41258941
0.33693799
0.13252189
0.35796327
0.27682283
0.33507112
0.98860825
0.99909117
0.41258941
0.45162271
0.38454885
0.33169128
0.41258941
0.42024237
0.41258941
0.38834410
0.41258941
0.41258941
0.60771535
0.49799887
0.41258941
0.33915864
0.35572617
0.89798096
0.41258941
0.41258941
0.41258941
0.41258941
0.41258941
0.41258941
0.27360705
0.76022866
0.32603365
0.41258941
0.41258941
0.94440177
0.48186961
0.69031300
0.41258941
0.09461799
0.40897762
0.47997554
0.42024237
0.41258941
0.52037423
0.52875612
0.42113914
0.41258941
0.34112042
0.33129466
0.68236770
0.31353079
0.33293145
0.41258941
0.41258941
0.98248850
0.51148870
0.81688473
0.36706020
0.41258941
0.93618011
0.99987706
0.46087854
0.12587576
0.41258941
0.41258941
0.44624820
0.40109136
0.71710136
0.99513454
0.32538423
0.71065755
0.52036659
0.41258941
0.41258941
0.41258941
0.39689215
0.41258941
0.42497655
0.99827372
0.45287696
0.41258941
0.68052138
0.41258941
0.99978145
0.36147192
0.48799679
0.41258941
0.89498467
0.22539935
0.10146032
0.35318602
0.79032505
0.99999514
0.99435687
0.51387593
0.44443264
0.10643134
0.46774063
0.95586659
0.99999473
0.47770067
0.93494513
0.99575719
0.12599501
0.41258941
0.32303222
0.32950820
0.09642412
0.97503323
0.36553733
0.32229846
0.92959051
0.99977348
0.40902066
0.34813082
0.69696473
0.92450994
0.32275306
0.76715711
0.41258941
0.98228271
0.41258941
0.99313139
0.43015974
0.99956159
0.41258941
0.41502295
0.41258941
0.46711304
0.12502844
0.99667234
0.38596848
0.42192860
0.68848751
0.34268358
0.41258941
0.41258941
0.43764100
0.84907849
0.41258941
0.99772540
0.48892929
0.37754598
0.52019895
0.41258941
0.39715313
0.41258941
0.93764198
0.99732908
0.38513724
0.32241639
0.97490191
0.32659269
0.41258941
0.15661359
0.41258941
0.49165869
0.99799252
0.32270178
0.80505477
0.99870114
0.28119529
1.00000000
0.38127249
0.41258941
0.62894649
0.98397882
0.32320026
0.33963450
0.41258941
0.40074698
0.32230250
0.37825046
0.41258941
0.94961921
0.34595156
0.34134454
0.35601340
0.11463168
0.41258941
0.42219037
0.97898979
0.44823411
0.51842028
0.27536769
0.75645490
0.41258941
0.41258941
0.41258941
0.99910280
0.10674040
0.41258941
0.37004144
0.45813381
0.41258941
0.95489580
0.71006835
0.89929560
0.94877298
0.99997312
0.99999823
0.51882696
0.50292421
0.37682181
0.32585735
0.41258941
0.58672943
0.89994899
0.98984297
0.32533548
0.34225178
0.11350687
0.41258941
0.99840269
0.41258941
0.24971323
0.84740581
0.32957920
0.57987703
0.41258941
0.99999951
0.64906642
0.52091697
0.51659736
0.41258941
0.32915922
0.10253674
0.36243185
0.94834639
0.88848419
0.41258941
0.41258941
0.41258941
0.50957500
0.52094270
0.85115438
0.47131872
0.33894687
0.99999972
0.41258941
0.41258941
0.41258941
0.33354681
0.11039888
0.99989816
0.99999685
0.88602924
0.49713635
0.51330969
0.33276175
0.90253642
0.41258941
0.99999494
0.39511158
0.41258941
0.41258941
0.41258941
0.96708570
0.41258941
0.37841492
0.38198222
0.09819566
0.41258941
0.41258941
0.14542400
0.35316205
0.46360611
0.51940506
0.98660338
0.99860679
0.34776478
0.99993652
0.41258941
0.99988916
0.41260567
0.44150913
0.13790959
0.18970654
0.99995025
0.41258941
0.51301288
0.09518899
0.41258941
0.32235334
0.41166961
0.97632049
0.85362350
0.41258941
0.51986803
0.50628850
0.37553667
0.41258941
0.10070006
0.09512858
0.18869198
0.88246594
0.85280312
0.39241999
0.65736608
0.33200218
0.49772179
0.41258941
0.51588559
0.99969125
0.27827863
0.49641174
0.41258941
0.86482920
0.32514021
0.99998722
0.41258941
0.41258941
0.64262597
0.41258941
0.41258941
0.96802629
0.99829260
0.41258941
0.26224559
0.99682429
1.00000000
0.46577217
0.35543871
0.40202035
0.41258941
0.97632049
0.12551041
0.94898541
0.41258941
0.41258941
0.34422206
0.36434961
0.41258941
0.40068474
0.96481850
0.41258941
0.82287502
0.41258941
0.10718167
0.99982811
0.16051804
0.41258941
0.41258941
0.85239194
0.41258941
0.41258941
0.18109041
0.37536222
0.99593915
0.99426520
0.38004857
0.96612654
0.49616687
0.52082551
0.49243733
0.33551291
0.41258941
0.76979404
0.41258941
0.39316546
0.41258941
0.13998115
0.41258941
0.51100515
0.41025011
0.99999897
0.42192860
0.40788323
0.16250262
0.40705654
0.35736790
0.43708583
0.41258941
0.41258941
0.99999965
0.41258941
0.14163756
0.41258941
0.41258941
0.96755831
0.41258941
0.95605906
0.51114643
0.53940699
0.98956151
0.38897664
0.51157486
0.41258941
0.52065422
0.45032058
0.94940852
0.40762262
0.09783383
0.28429465
0.49305238
0.39728980
0.51950344
0.38721708
0.41258941
0.41258941
0.41258941
0.99085020
0.41446514
0.62236078
0.99823547
0.98814801
0.41258941
0.99999773
0.46628446
0.82241816
0.41258941
0.41258941
0.51541138
0.53444531
0.14163206
0.99998119
0.99116939
0.34951261
0.85115438
0.17769708
0.99961886
0.50223401
0.41258941
0.80745327
0.50482989
0.92774496
0.41258941
0.77502119
0.24434626
0.14210783
0.91631684
0.73601492
0.41258941
0.41258941
0.41258941
0.41258941
0.41258941
0.77554046
0.41258941
0.41258941
0.45162271
0.41258941
0.94726971
0.45880435
0.34088756
0.41258941
0.90413236
0.41258941
0.41258941
0.41258941
0.41258941
0.99938521
0.99940240
0.37933883
0.41258941
0.41258941
0.32265349
0.41258941
0.99431117
0.41258941
0.41258941
0.35006908
0.96955311
0.99635239
0.40849586
0.99462548
0.32294575
0.36079986
0.51184431
0.71065755
0.35487191
0.33635351
0.49497740
0.45949986
0.35318602
0.51157486
0.42664407
0.14781683
0.41258941
0.21914791
0.40109475
0.41258941
0.41258941
0.52304756
0.50798560
0.43491644
0.52049052
0.41258941
0.99038954
0.41258941
0.41258941
0.41258941
0.84487686
0.42888416
0.41258941
0.39547877
0.40210739
0.41258941
0.41258941
0.39928610
0.39454584
0.51373630
0.41258941
0.32943853
0.30467119
0.10368322
0.50736184
0.33067763
0.13149137
0.81408267
0.28475470
0.54998577
0.99932208
0.41258941
0.39687845
0.41258941
0.41258941
0.41151282
0.41258941
0.38057796
0.41258941
0.41258941
0.41258941
0.33062648
0.98207525
0.99984685
0.96465264
0.42113914
0.46727826
0.34899644
0.22704418
0.48743286
0.99930316
0.99667234
0.51688520
0.44388618
0.94595840
0.98248850
0.41258941
0.41258941
0.50661494
0.16083055
0.49670476
0.94395171
0.99929356
0.79331722
0.41258941
0.41274755
0.41258941
0.35263272
0.75428502
0.41258941
0.52094633
0.99921304
0.41258941
0.48882088
0.99999382
0.80936040
0.43948706
0.41258941
0.41258941
0.74661395
0.99911433
0.41258941
0.41258941
0.34434652
0.40508622
0.13744811
0.41258941
0.35221956
0.23029400
0.41258941
0.46110672
0.91631684
0.41258941
0.39849889
0.09536763
0.51331768
0.50281407
0.48332795
0.41258941
0.38101718
0.99956159
0.63873870
0.41258941
0.99989147
0.34353387
0.41258941
0.99275621
0.41258941
0.39172152
0.41258941
0.41258941
0.43038242
0.37425828
0.41258941
0.28013665
0.99871639
0.86793495
0.51294538
0.30540847
