# NTRAJ	1000
0.33546037
0.03329492
0.40939883
0.40011288
0.34004753
0.22636232
0.30044900
0.28562993
0.17787343
0.27388737
0.16955692
0.36734848
0.16849734
0.40025120
0.48997116
0.09075190
0.26835170
0.36587784
0.35801868
0.24195757
0.19853172
0.02210135
0.21536761
0.35863343
0.43652465
0.36183100
0.22300017
0.22760025
0.33060705
0.40970136
0.27488529
0.45217520
0.28911357
0.29863000
0.06073299
0.25321892
0.32294897
0.44653147
0.13452768
0.37623790
0.21388244
0.31701602
0.37861639
0.17882777
0.28142717
0.25422471
0.45844531
0.31463911
0.45069944
0.41868124
0.24880107
0.29104901
0.15517841
0.23931108
0.24110400
0.34131898
0.38039073
0.04386178
0.28519807
0.29306459
0.11108412
0.27032705
0.37597288
0.28702791
0.02737933
0.09674396
0.28709435
0.42767305
0.33509154
0.15579750
0.34923150
0.36578495
0.09523252
0.17384953
0.39046778
0.00486417
0.26722741
0.24475586
0.19186311
0.34048584
0.40353548
0.37344218
0.17152555
0.30198747
0.39768244
0.33577733
0.08936716
0.29260638
0.41844600
0.45642322
0.41476344
0.31428931
0.39749113
0.31698282
0.26894326
0.28638295
0.23160128
0.39164048
0.33330089
0.32847790
0.25813682
0.37826006
0.42193607
0.34942615
0.15115003
0.23666311
0.08219221
0.30690439
0.39016246
0.41334265
0.31859023
0.15045150
0.23065588
0.13962421
0.04580181
0.19192823
0.13192851
0.29372970
0.35500951
0.32616999
0.22485927
0.15453461
0.06194611
0.36295154
0.45398493
0.07498535
0.21872032
0.23394469
0.47418707
0.22791323
0.18346897
0.20886315
0.20456434
0.36877336
0.38480005
0.43155361
0.21062851
0.30659847
0.35237554
0.44107625
0.31038639
0.39614878
0.05646948
0.14272346
0.18423476
0.36677253
0.38498100
0.29918411
0.22169288
0.37074729
0.19533937
0.38067052
0.38702155
0.15048735
0.20730259
0.03443490
0.05459667
0.37713856
0.30246023
0.33403602
0.33849662
0.14996973
0.04512837
0.37072676
0.31801802
0.04699457
0.16722227
0.40247698
0.03420032
0.22493570
0.33017740
0.23599207
0.36915307
0.39832087
0.31250717
0.05359255
0.32161824
0.16683068
0.26215073
0.35454417
0.29484055
0.26286035
0.24354254
0.36465100
0.24559124
0.31378923
0.39262182
0.12864641
0.11508352
0.16180309
0.20481600
0.26549005
0.28184067
0.34769025
0.45113476
0.20677753
0.30393683
0.22265193
0.08947836
0.15899439
0.21518868
0.26811668
0.21474741
0.02186655
0.21622408
0.14790968
0.33497259
0.14156738
0.14532250
0.21684616
0.15340703
0.32866268
0.13490508
0.36517848
0.12060397
0.22484862
0.37824849
0.32720089
0.33663276
0.26126072
0.32109563
0.40164948
0.26085252
0.29162101
0.32103629
0.28019536
0.01159533
0.09427605
0.29110394
0.20837423
0.22621756
0.24269099
0.28171549
0.27141646
0.32500907
0.20026537
0.12642042
0.08577452
0.23557605
0.37774334
0.14057531
0.09813057
0.39511565
0.36490283
0.38368942
0.13929583
0.09364456
0.32714740
0.22854978
0.15275458
0.21669310
0.05976651
0.07544983
0.37568014
0.03038387
0.52357271
0.36057670
0.24474931
0.35880882
0.08045817
0.41643695
0.30140267
0.05397658
0.01235311
0.32584810
0.18378202
0.27451870
0.43093754
0.19918925
0.34587522
0.15742170
0.37394631
0.26443547
0.42950048
0.07021818
0.34790857
0.27646812
0.13143106
0.17835557
0.11406405
0.28563088
0.28647866
0.32945022
0.51972893
0.38045717
0.08973676
0.42315812
0.39344735
0.14492673
0.07203170
0.11739587
0.27730832
0.40389723
0.20937605
0.36184436
0.42408538
0.04560787
0.23443601
0.38615642
0.10911044
0.42815253
0.30483545
0.41130821
0.36665656
0.43922824
0.43370868
0.24778626
0.07174592
0.46501988
0.37877621
0.23952570
0.27724921
0.32035750
0.40208848
0.28519147
0.06161945
0.31078256
0.47164085
0.26704617
0.03569193
0.40751006
0.40581297
0.28537213
0.17110497
0.51336545
0.32517809
0.27107927
0.37003508
0.24239456
0.17517223
0.30420419
0.30254398
0.00186671
0.18122662
0.32506986
0.17278344
0.26957029
0.15702222
0.25856086
0.44282216
0.22979351
0.32872336
0.42717941
0.23706928
0.09943516
0.19630016
0.20099688
0.41732055
0.14859440
0.26989195
0.30773926
0.40535023
0.29585994
0.00309745
0.18872032
0.24190476
0.30764728
0.35092616
0.30433022
0.36982178
0.27080800
0.16734211
0.39624595
0.26500375
0.34943456
0.41641702
0.26185961
0.29042035
0.26379128
0.15301685
0.40594855
0.10481307
0.30161194
0.09701528
0.35085360
0.30545691
0.46186133
0.29336550
0.30972659
0.07901171
0.33310210
0.14618053
0.18151650
0.32465933
0.39881357
0.48679138
0.04370520
0.35461282
0.15180774
0.09768920
0.18157035
0.44295154
0.06703857
0.29566189
0.44859848
0.36621606
0.27323232
0.36199992
0.42174127
0.37533850
0.48134281
0.36667662
0.16131834
0.18586096
0.29105874
0.01446256
0.17123893
0.54149769
0.14387453
0.36867010
0.15864335
0.13573905
0.29513067
0.09859198
0.34335167
0.46660108
0.40930773
0.39556200
0.31224366
0.32090293
0.21350010
0.27260933
0.39185101
0.06000496
0.44996869
0.49105363
0.27135860
0.38258219
0.32819158
0.21659262
0.29532603
0.04565319
0.20381431
0.19673023
0.21235227
0.30277643
0.22949345
0.31520021
0.16411666
0.23169992
0.26005246
0.08701398
0.29830537
0.15011458
0.34443177
0.34015331
0.24889796
0.28831614
0.27487747
0.29419730
0.33012536
0.26504944
0.36187316
0.28334995
0.28881676
0.44830602
0.08556153
0.21015598
0.25885140
0.32581734
0.05236277
0.32547447
0.32772669
0.31236699
0.47858955
0.11377102
0.36270828
0.33997555
0.42683612
0.05408040
0.11177368
0.29262986
0.32890428
0.30130750
0.26931126
0.25554948
0.36772534
0.36964584
0.16390106
0.29341997
0.14157674
0.22915086
0.29810712
0.22165030
0.39212658
0.32565123
0.33910968
0.32928210
0.40802707
0.26413490
0.32634154
0.43166614
0.17742108
0.30923301
0.28755252
0.27954581
0.33297620
0.41750418
0.06014941
0.28984508
0.26720700
0.20541725
0.45411345
0.23767107
0.34015030
0.17418936
0.32106286
0.11289002
0.46045469
0.19145389
0.18479414
0.27150064
0.33121374
0.40026530
0.31540393
0.34871401
0.27460318
0.30066625
0.39448025
0.25334518
0.28895337
0.43390614
0.19578753
0.32113948
0.15881488
0.28134074
0.42428199
0.09958872
0.33770778
0.14879747
0.38222326
0.41242847
0.39174636
0.24726150
0.30780325
0.20004695
0.28802946
0.33995792
0.34172031
0.30744785
0.25026911
0.09311358
0.30477127
0.22417042
0.09859462
0.04989627
0.33372781
0.08321392
0.30564422
0.35844005
0.08965630
0.12609391
0.35338905
0.03142469
0.38109870
0.35760200
0.32958451
0.12173653
0.23205884
0.29812815
0.13629981
0.40913223
0.26634460
0.26664024
0.38740567
0.10091885
0.25159742
0.14667525
0.28708495
0.21381385
0.34028824
0.00307591
0.48396189
0.40571441
0.12751038
0.21045441
0.45737677
0.40587887
0.18768693
0.29412031
0.27897516
0.02639113
0.27145582
0.35303888
0.50723094
0.30369031
0.34230008
0.28931122
0.04841727
0.21525872
0.24901426
0.28593763
0.39207264
0.40536170
0.24314995
0.43290588
0.08511028
0.10251488
0.27225610
0.35342559
0.04027868
0.22408522
0.20452047
0.33065579
0.35872790
0.32567848
0.44711706
0.16486378
0.54118448
0.50147666
0.37868106
0.29655624
0.30577336
0.42010329
0.36429379
0.40816105
0.22795407
0.27167547
0.32610554
0.44618353
0.13446884
0.30749754
0.46702387
0.35114099
0.41857638
0.09017833
0.12677673
0.43748395
0.43949383
0.14318498
0.22010328
0.38437790
0.24285928
0.47210135
0.28720818
0.20482989
0.31525367
0.32173372
0.32872692
0.21841620
0.27376881
0.30971289
0.27429478
0.01028381
0.18900308
0.09575616
0.42334895
0.40335845
0.16037332
0.36485067
0.29583341
0.34602270
0.28291159
0.33046129
0.22749978
0.34201038
0.01512478
0.19135826
0.28088208
0.20917207
0.40777919
0.36180463
0.46638781
0.14957653
0.06251067
0.05665882
0.20857875
0.18432797
0.34430677
0.35050613
0.43010090
0.42979203
0.08088855
0.43728742
0.36610874
0.39935185
0.03582020
0.20798725
0.49869533
0.14597802
0.14518807
0.30445507
0.27899288
0.40081295
0.19473470
0.32536733
0.14915921
0.41100734
0.35719555
0.28584727
0.08850481
0.31940816
0.12861812
0.27357040
0.39603667
0.00996200
0.32807474
0.12415512
0.27132048
0.25488493
0.39831240
0.35257829
0.32352265
0.24585455
0.38223616
0.46404911
0.16125841
0.25783880
0.36320750
0.18698716
0.37510520
0.25816482
0.09980689
0.37415928
0.32865845
0.06812211
0.46063349
0.34857000
0.31820435
0.39814851
0.14933047
0.19178695
0.19744288
0.31094205
0.38807420
0.19093546
0.32367035
0.14732728
0.29555317
0.32647145
0.14072353
0.04120908
0.18929524
0.13724984
0.39590550
0.18273510
0.27472122
0.07280124
0.31117032
0.22755921
0.23956129
0.03493311
0.46073072
0.25658851
0.33124110
0.19583632
0.04879176
0.13665185
0.34748264
0.09131160
0.29227444
0.36484838
0.11153637
0.00091933
0.35521962
0.38422653
0.36182769
0.24145524
0.17452084
0.28882939
0.03766045
0.06397677
0.06989855
0.42421235
0.36731983
0.26433273
0.34306757
0.39111373
0.46886569
0.36856396
0.16409548
0.37962968
0.40970628
0.29394120
0.25697020
0.33520213
0.37846292
0.47248909
0.24389504
0.28404410
0.24346275
0.50316630
0.22534314
0.16927806
0.07226166
0.27479797
0.31788074
0.34054078
0.38215710
0.41020067
0.02223785
0.05291617
0.14193293
0.44874839
0.19163311
0.13967543
0.38931379
0.01022144
0.01310375
0.26800159
0.23799954
0.18637655
0.37641407
0.14223206
0.30843291
0.34027342
0.18424944
0.00818455
0.46014425
0.19517158
0.49075510
0.41931405
0.35284451
0.30469830
0.01213776
0.38512683
0.22784985
0.34690185
0.28854050
0.35407583
0.15604939
0.32615330
0.05639792
0.40219321
0.18438007
0.28337141
0.39899996
0.05465357
0.23562843
0.00332185
0.31976182
0.37386068
0.20768837
0.36120734
0.33214126
0.38143385
0.45786438
0.34503705
0.23625484
0.27983548
0.27099683
0.24459678
0.49373936
0.20234266
0.39510023
0.42993386
0.32261679
0.21334038
0.34865007
0.15071083
0.32671627
0.36688469
0.30021239
0.38143571
0.32990857
0.37057405
0.18018503
0.25014396
0.19725447
0.04580075
0.44934263
0.32247579
0.24178174
0.08454636
0.35704505
0.30021170
0.33268798
0.34398204
0.26866718
0.43672375
0.43960000
0.13637857
0.35429966
0.22448794
0.38027733
0.27176947
0.31486100
0.20011762
0.06778147
0.35274400
0.37406983
0.18161025
0.36154843
0.09224690
0.25089418
0.28428289
0.43677515
0.34205768
0.32653432
0.13119148
0.46629903
0.30884527
0.20273553
0.20913519
0.46762645
0.30810781
0.17002643
0.19800309
0.06966891
0.35790366
0.32752030
0.20275301
0.41372801
0.30417053
0.27268955
0.30390340
0.16069740
0.17723361
0.35636620
0.25770497
0.16612964
0.24168228
0.37672202
0.48083705
0.39225480
0.15251566
0.43769379
0.22373413
0.11608594
0.23667324
0.28099498
0.22981364
0.36068177
0.21829340
0.08370696
0.26365727
0.07613506
0.05946707
0.23114350
0.34413820
0.34417763
0.25272068
0.31777759
0.34125206
0.22747588
0.04570845
0.37743278
0.38230498
0.25411260
0.29900693
0.08315451
0.39556210
0.12697755
0.38031361
0.20261865
0.41497224
0.41541233
0.51441105
0.14594722
0.36313047
0.16923311
0.31084836
0.25062528
0.41041958
0.39099488
0.44440012
0.03854077
0.43691377
0.32111038
0.27886938
0.25012388
0.29685536
0.30684219
0.12533137
0.38700694
0.32902261
0.10223791
0.21089046
0.32869505
0.03402696
0.38702029
0.12637577
0.40835833
0.08606250
0.11343865
0.32401425
0.21882806
0.39013055
0.20078062
0.18648672
0.07457466
0.21937637
0.18323554
0.28021594
0.38854700
0.33137665
0.35754578
0.15038836
0.30970910
0.13266072
0.43054953
0.10370166
0.10087739
0.45636667
0.42506917
0.50007790
0.42480796
0.06138728
0.29691699
0.36161036
