0.99426520
0.09558480
0.94349927
0.09558480
0.09558480
0.09558480
0.09558480
0.82650621
0.09558480
0.09558480
0.09558480
0.84275114
0.97875620
0.59489990
0.96498384
0.90413236
0.09558480
0.09558480
0.43997947
0.09558480
0.09558480
0.09558480
0.09558480
0.92005559
0.09558480
0.99797121
0.09558480
0.09558480
0.09558480
0.09558480
0.09558480
0.09558480
0.09558480
0.99247931
0.78172273
0.09558480
0.09558480
0.09558480
0.09558480
0.09558480
0.09558480
0.09558480
0.09558480
0.09558480
0.09558480
0.09558480
0.89665584
0.09558480
0.09558480
0.09558480
0.09558480
0.09558480
0.09558480
0.09558480
0.98537767
0.09558480
0.09558480
0.09558480
0.89397408
0.09558480
0.97875620
0.99172362
0.99999995
0.09558480
0.09558480
0.09558480
0.09558480
0.92005559
0.09558480
0.99954802
0.73994486
0.09558480
0.09558480
0.09558480
0.74440050
0.09558480
0.09558480
0.09558480
0.09558480
0.09558480
0.09558480
0.09558480
0.09558480
0.09558480
0.89464846
0.99339060
0.98643291
0.99999571
0.99956159
0.09558480
0.98217919
0.98068513
0.09558480
0.09558480
0.09558480
0.99982148
0.09558480
0.81031006
0.95663314
0.09558480
0.09558480
0.09558480
0.99999553
0.09558480
0.09558480
0.09558480
0.94639785
0.09558480
0.99965373
0.24441968
0.99962486
0.09558480
0.09558480
0.99927404
0.09558480
0.09558480
0.09558480
0.09558480
0.09558480
0.99740702
0.99969125
0.97029757
0.09558480
0.92827537
0.09558480
0.09558480
0.09558480
0.98046479
0.09558480
0.09558480
0.43257595
0.75753618
0.99369219
0.93469630
0.92640799
0.09558480
0.09558480
0.09558480
0.99815709
0.09558480
0.46797301
0.09558480
0.09558480
0.09558480
0.09558480
0.95906310
0.91156690
0.80360789
0.09558480
0.09558480
0.09558480
0.85929160
0.63483441
0.57436728
0.46063030
0.09558480
0.99888901
0.09558480
0.09558480
0.72749637
0.09558480
0.09558480
0.09558480
0.09558480
0.09558480
0.09558480
0.99955485
0.99836660
0.09558480
0.09558480
0.09558480
0.99914822
0.99996255
0.09558480
0.09558480
0.09558480
0.99996051
0.09558480
0.09558480
0.09558480
0.94748621
0.09558480
0.97174907
0.09558480
0.98799170
0.94462592
0.09558480
0.91977181
0.09558480
0.99831133
0.99954111
0.09558480
0.09558480
0.97875620
0.09558480
0.09558480
0.47675855
0.79677896
0.96122382
0.47675855
0.09558480
0.09558480
0.09558480
0.99393578
0.78528708
0.09558480
0.99949795
0.09558480
0.09558480
0.09558480
0.99670315
0.09558480
0.09558480
0.33577641
0.09558480
0.89665584
0.09558480
0.99219483
0.73714073
0.99904348
0.09558480
0.94813222
0.99880505
0.09558480
0.09558480
0.09558480
0.09558480
0.09558480
0.63352923
0.99891598
0.09558480
0.09558480
0.09558480
0.09558480
0.09558480
0.98573563
0.09558480
0.93618011
0.98349236
0.09558480
0.09558480
0.94395171
0.99638537
0.86207672
0.09558480
0.09558480
0.87920230
0.09558480
0.09558480
0.99999996
0.09558480
0.09558480
0.09558480
0.09558480
0.70652137
0.09558480
0.09558480
0.09558480
0.09558480
0.98079464
0.09558480
0.09558480
0.99997938
0.09558480
0.09558480
0.99641812
0.09558480
0.09558480
0.68359593
0.94073459
0.09558480
0.98860825
0.09558480
0.80020922
0.09558480
0.87289094
0.09558480
0.09558480
0.09558480
0.97707045
0.09558480
0.85889107
0.09558480
0.09558480
0.09558480
0.09558480
0.96802629
0.76926790
0.82875432
0.09558480
0.99196171
0.97682232
0.09558480
0.09558480
0.09558480
0.09558480
0.99986397
0.93063143
0.09558480
0.09558480
0.99995148
0.98735179
0.09558480
0.99648298
0.96787081
0.09558480
0.09558480
0.09558480
0.99999997
0.99529609
0.86088709
0.09558480
0.97102952
0.09558480
0.09558480
0.09558480
0.09558480
0.09558480
0.09558480
0.09558480
0.09558480
0.59286274
0.84275114
0.09558480
0.89863959
0.09558480
0.98608736
0.09558480
0.09558480
0.67557470
0.99999965
0.09558480
0.95271044
0.09558480
0.09558480
0.09558480
0.09558480
0.96086914
0.09558480
0.99997874
0.09558480
0.99870114
0.97898979
0.09558480
0.09558480
0.99999988
0.09558480
0.09558480
0.09558480
0.09558480
0.09558480
0.98259076
0.99604554
0.09558480
0.09558480
0.09558480
0.09558480
0.97529444
0.99501073
0.09558480
0.99976529
0.09558480
0.09558480
0.09558480
0.09558480
0.49351086
0.84614433
0.09558480
1.00000000
0.99999994
0.09558480
0.09558480
0.09558480
0.09558480
0.73770274
0.95887949
0.98279402
0.09558480
0.09558480
0.92721205
0.99907942
0.09558480
0.55559695
0.09558480
0.09558480
0.09558480
0.67495401
0.99909117
0.99685405
0.99979673
0.96676805
0.09558480
0.09558480
0.09558480
0.93593433
0.99960667
0.95961064
0.90508210
0.09558480
0.09558480
0.09558480
0.09558480
0.09558480
0.09558480
0.99993187
0.09558480
0.09558480
0.09558480
0.99891598
0.96547671
0.99983454
0.09558480
0.09558480
0.99998541
0.09558480
0.09558480
0.09558480
0.09558480
0.09558480
0.09558480
0.09558480
0.99735525
0.09558480
0.09558480
0.09558480
0.09558480
0.09558480
0.09558480
0.09558480
0.31131348
0.09558480
0.79776225
0.09558480
0.09558480
0.99998885
0.39018335
0.09558480
0.09558480
0.99867024
0.09558480
0.99765467
0.99928385
0.95003885
0.09558480
0.09558480
0.09558480
0.09558480
0.99560736
0.78982412
0.98079464
0.98767470
0.09558480
0.09558480
0.09558480
0.99999655
0.99403126
0.09558480
0.09558480
0.09558480
0.98822562
0.09558480
0.09558480
0.59082192
0.09558480
0.09558480
0.09558480
0.09558480
0.09558480
0.80983556
0.09558480
0.99911433
0.09558480
0.84907849
0.93191865
0.09558480
0.09558480
0.09558480
0.94484947
0.96740129
0.09558480
0.99564517
0.09558480
0.99883355
0.09558480
0.09558480
0.95851062
0.99792807
0.99745804
0.90317675
0.09558480
0.09558480
0.99349227
0.09558480
0.09558480
0.97174907
0.09558480
0.09558480
0.88246594
0.09558480
0.09558480
0.09558480
0.99980406
0.09558480
0.09558480
0.99987706
0.09558480
0.09558480
0.09558480
0.09558480
0.09558480
0.09558480
0.93319044
0.62697555
0.54717204
0.09558480
0.09558480
0.99995388
0.09558480
0.09558480
0.09558480
0.09558480
0.09558480
0.92230299
0.09558480
0.09558480
0.99978920
0.09558480
0.71065755
0.57160331
0.09558480
0.94395171
0.87213580
0.09558480
0.41921915
0.95605906
0.09558480
0.56813998
0.09558480
0.99767842
0.99998287
0.09558480
0.09558480
0.09558480
0.09558480
0.99939385
0.94026544
0.94258726
0.99992527
0.09558480
0.67743364
0.99895550
0.09558480
0.09558480
0.09558480
0.84614433
0.09558480
0.09558480
0.74162020
0.09558480
0.09558480
0.99935873
0.82920196
0.99735525
0.09558480
0.09558480
0.09558480
0.96210108
0.09558480
0.09558480
0.54435297
0.09558480
0.96122382
0.09558480
0.52733077
0.09558480
0.09558480
0.09558480
0.99838472
0.09558480
0.09558480
0.09558480
0.09558480
0.09558480
0.09558480
0.09558480
0.09558480
0.84656549
0.52661764
0.09558480
0.09558480
0.83143029
0.09558480
0.09558480
0.44958292
0.09558480
0.09558480
0.80649582
0.99999986
0.09558480
0.98626090
0.67805224
0.86985441
0.70116319
0.09558480
0.97840246
0.96192671
0.99999305
0.09558480
0.09558480
0.09558480
0.09558480
0.99755783
0.09558480
0.98417056
0.09558480
0.59896317
0.09558480
0.98591227
0.09558480
0.09558480
0.09558480
0.09558480
0.99967558
0.91247004
0.09558480
0.09558480
0.86009068
0.09558480
0.99880505
0.09558480
0.09558480
0.09558480
0.09558480
0.09558480
0.09558480
0.95757880
0.09558480
0.99996255
0.09558480
0.09558480
0.09558480
0.97669755
0.90285691
0.98555743
0.09558480
0.09558480
0.09558480
0.09558480
0.09558480
0.98378546
0.09558480
0.09558480
0.99475623
0.09558480
0.99999999
0.09558480
0.86677529
0.09558480
0.09558480
0.19602213
0.94417704
0.09558480
0.09558480
0.99921304
0.09558480
0.09558480
0.95851062
0.98608736
0.09558480
0.09558480
0.09558480
0.09558480
0.09558480
0.96448625
0.09558480
0.09558480
0.48696990
0.09558480
0.09558480
0.63678867
0.09558480
0.99899393
0.09558480
0.94073459
0.09558480
0.09558480
0.97945160
0.09558480
0.09558480
0.69455354
0.09558480
0.09558480
0.09558480
0.09558480
0.99937648
0.09558480
0.09558480
0.09558480
0.09558480
0.09558480
0.99479929
0.09558480
0.09558480
0.92423627
0.09558480
0.09558480
0.09558480
0.09558480
0.09558480
0.09558480
0.09558480
0.09558480
0.87476716
0.09558480
0.09558480
0.57505733
0.09558480
0.09558480
0.09558480
0.09558480
0.09558480
0.09558480
0.99196171
0.93063143
0.09558480
0.99934060
0.99979299
0.99999357
0.93812441
0.09558480
0.09558480
0.09558480
0.09558480
0.09558480
0.09558480
0.09558480
0.09558480
0.09558480
0.98991248
0.09558480
0.99667234
0.09558480
0.59557814
0.09558480
0.80649582
0.09558480
0.09558480
0.68052138
0.97000129
0.09558480
0.09558480
0.99011896
0.09558480
0.09558480
0.99990032
0.99435687
0.79132500
0.09558480
0.09558480
0.09558480
0.09558480
0.96628770
0.09558480
0.09558480
0.09558480
0.09558480
0.98001888
0.09558480
0.09558480
0.70414552
0.09558480
0.09558480
0.09558480
0.75537118
0.09558480
0.79032505
0.76662786
0.09558480
0.09558480
0.99505225
0.34247044
0.99541465
0.85969147
0.09558480
0.98101237
0.99999913
0.96833572
0.41996210
0.99488464
0.09558480
0.96086914
0.52946834
0.09558480
0.09558480
0.09558480
0.09558480
0.09558480
0.95003885
0.09558480
0.09558480
0.99999750
0.09558480
0.09558480
0.09558480
0.09558480
0.09558480
0.99999992
0.09558480
0.09558480
0.94813222
0.09558480
0.09558480
0.92396198
0.09558480
0.09558480
0.99937648
0.09558480
0.09558480
0.99471291
0.09558480
0.09558480
0.97743921
0.09558480
0.09558480
0.99688361
0.09558480
0.93114818
0.09558480
0.09558480
0.09558480
0.99989147
0.09558480
0.99936765
0.09558480
0.09558480
0.98176087
0.84402856
0.99919186
0.09558480
0.09558480
0.09558480
0.09558480
0.09558480
0.09558480
0.92985167
0.54646777
0.09558480
0.09558480
0.17641812
0.09558480
0.09558480
0.09558480
0.99900649
0.82514945
0.09558480
0.09558480
0.40285219
0.99781722
0.09558480
0.99928385
0.09558480
0.09558480
0.81641935
0.99999429
0.09558480
0.09558480
0.09558480
0.09558480
0.99992179
0.09558480
0.99202046
0.99999761
0.99281070
0.09558480
0.09558480
0.98068513
0.09558480
1.00000000
0.43775981
0.78427186
0.99302567
0.09558480
0.09558480
0.09558480
0.09558480
0.09558480
0.09558480
0.89261742
0.84275114
0.09558480
0.09558480
0.83888304
0.09558480
0.09558480
0.09558480
0.99412566
0.95605906
0.09558480
0.09558480
0.09558480
0.09558480
0.09558480
0.99996451
0.99553100
0.99135701
0.99998232
0.09558480
0.95739078
0.95128393
0.09558480
0.09558480
0.09558480
0.94595840
0.09558480
0.40359693
0.09558480
0.09558480
0.09558480
0.09558480
0.09558480
0.09558480
0.99880505
0.09558480
0.99999514
0.92062124
0.09558480
0.09558480
0.09558480
0.09558480
0.09558480
0.09558480
0.09558480
0.09558480
0.09558480
0.09558480
0.09558480
0.09558480
0.09558480
0.09558480
0.33800692
0.84017837
0.09558480
0.09558480
0.09558480
0.70176076
0.09558480
0.67743364
0.09558480
0.09558480
0.09558480
0.09558480
0.09558480
0.99564517
0.09558480
0.09558480
0.09558480
0.09558480
0.57574700
0.09558480
0.09558480
0.09558480
0.09558480
0.94529481
0.09558480
0.90913015
0.09558480
0.09558480
0.09558480
0.39987262
0.99998232
0.09558480
0.09558480
0.09558480
0.09558480
0.09558480
0.09558480
0.99990860
0.09558480
0.54223522
0.09558480
0.09558480
0.09558480
0.09558480
0.09558480
0.09558480
0.09558480
0.09558480
0.78982412
0.09558480
0.09558480
0.09558480
0.09558480
0.09558480
0.09558480
0.09558480
0.09558480
0.09558480
0.09558480
0.09558480
0.09558480
