# NTRAJ	1000
0.82552494
0.91363491
0.58871663
0.68787078
0.28875820
0.42499517
0.47478907
0.79017540
0.45437271
0.96260534
0.64504980
0.84191867
0.65416751
0.55161090
0.81760025
0.88820065
0.62756858
0.86431835
0.76321711
0.71457032
0.26179132
0.77551399
0.76562639
0.80191226
0.67980426
0.78225523
0.53106934
0.10915768
0.82245730
0.78938415
0.66289612
0.50685780
0.26987297
0.26139194
0.88689542
0.89991704
0.82011622
0.56263625
0.84506767
0.44439719
0.72145206
0.64719808
0.89201424
0.19004783
0.91560393
0.61668694
0.76396097
0.43599856
0.82864308
0.27039234
0.72966197
0.57038348
0.76748991
0.48373607
0.96674330
0.83934569
0.84663601
0.70630261
0.84881970
0.40190062
0.28236755
0.42937457
0.25696797
0.57600954
0.89696534
0.69724037
0.89125045
0.41993343
0.46358087
0.26281137
0.92979329
0.36796750
0.19576103
0.84870853
0.92172236
0.60176581
0.87856455
0.59887608
0.28821913
0.75502432
0.89973381
0.87683626
0.45069372
0.35613956
0.66564176
0.48480704
0.75618797
0.72775943
0.21796923
0.73990266
0.26276484
0.43705126
0.89861979
0.58407849
0.43128237
0.92696740
0.79027033
0.04360581
0.01577693
0.47763798
0.56943251
0.81891355
0.95093530
0.26667434
0.90696269
0.29107769
0.88948373
0.44292787
0.76549943
0.86730870
0.79323601
0.53492182
0.45092735
0.75769901
0.75147624
0.74677792
0.67747639
0.83405515
0.92924259
0.25024122
0.89004410
0.94287876
0.46077679
0.76008499
0.80065064
0.53304429
0.54480130
0.85001726
0.56988070
0.83469470
0.85020116
0.89922560
0.30869634
0.57438171
0.72858686
0.04191719
0.59777346
0.84068494
0.29621083
0.76916605
0.54096046
0.48047209
0.31289740
0.26383787
0.93475730
0.57400808
0.60627543
0.13274754
0.49833814
0.90981195
0.63408428
0.81041513
0.47239660
0.39834897
0.81535156
0.80022101
0.77286910
0.95294414
0.75724252
0.81378569
0.75245485
0.46901667
0.40923649
0.54911617
0.22823771
0.63220260
0.71742438
0.56922786
0.41287940
0.40111326
0.65827264
0.80339270
0.95110821
0.37366044
0.85954216
0.69943740
0.91601484
0.57979861
0.71189251
0.92510139
0.90543798
0.65346854
0.27741798
0.72364978
0.92812107
0.94569792
0.25254771
0.93357893
0.39320245
0.93696252
0.68095652
0.55973311
0.69631043
0.92395388
0.32441407
0.92922525
0.19603107
0.90674083
0.79505971
0.80870362
0.33990790
0.80791821
0.19029523
0.06451228
0.81715481
0.81454061
0.70544433
0.65674867
0.33481919
0.61824062
0.52592166
0.88874274
0.91911392
0.82501141
0.71043283
0.41787948
0.47042658
0.77674146
0.56557896
0.86143310
0.58260489
0.77864448
0.50369293
0.56462046
0.70070336
0.89430941
0.44410582
0.50447936
0.84977680
0.66835362
0.77867876
0.70016516
0.40693354
0.72055878
0.56081411
0.91032269
0.11060728
0.81383399
0.96143236
0.36037459
0.22314966
0.66202322
0.41537956
0.41480188
0.62942908
0.74760466
0.13568320
0.21536037
0.74745938
0.67958334
0.41961173
0.28577838
0.52787184
0.91257202
0.52650815
0.35598273
0.51545225
0.52022853
0.87450370
0.15240962
0.62983511
0.95431956
0.59631525
0.41331336
0.42698521
0.43607063
0.38768424
0.23979923
0.86322903
0.58171456
0.75813910
0.59964878
0.77025308
0.89173345
0.75718031
0.71077804
0.25443483
0.88996189
0.84116482
0.89026240
0.75692716
0.88065535
0.78225680
0.27363104
0.23655576
0.48719183
0.84528777
0.81356287
0.63846320
0.79421863
0.84004563
0.67624832
0.14087890
0.75010274
0.51044419
0.24690632
0.46982161
0.33771109
0.82676664
0.65422121
0.24447637
0.68820907
0.57006368
0.85002750
0.66079877
0.39877701
0.34424685
0.74977272
0.71806037
0.08767426
0.79481382
0.95362736
0.24831805
0.27336688
0.51400778
0.92194693
0.63873096
0.43149020
0.60897388
0.24382255
0.48439093
0.22755855
0.86850067
0.78477505
0.49039299
0.58339851
0.25569804
0.37068424
0.70328203
0.95776045
0.88714548
0.82120073
0.92808098
0.49061385
0.82118639
0.87943749
0.15770837
0.92673843
0.02032398
0.80868189
0.34765892
0.15198271
0.85266643
0.80861822
0.37882490
0.69964536
0.78758099
0.72638236
0.62949964
0.37358787
0.82544173
0.78581457
0.89304017
0.47752943
0.69899975
0.52643154
0.89716700
0.59493142
0.15598631
0.62829558
0.85432039
0.82940215
0.50357681
0.89007967
0.84622291
0.77732157
0.49118275
0.86786069
0.54599843
0.87777910
0.38962882
0.85849236
0.51852284
0.90671727
0.40311960
0.56291171
0.82754470
0.15223570
0.46669205
0.93431493
0.64666426
0.29583220
0.73236804
0.95085284
0.40360713
0.37527383
0.51274184
0.28771069
0.91441970
0.34553743
0.59724409
0.90557761
0.85687118
0.79335006
0.94889307
0.94977818
0.76889221
0.77238544
0.76891251
0.15685286
0.36857034
0.56629744
0.79244892
0.34397820
0.35082988
0.12192777
0.64474339
0.44611822
0.85313995
0.27041844
0.34589228
0.56604670
0.07654034
0.74888022
0.70571041
0.81083855
0.50426063
0.85870568
0.67478454
0.58278537
0.30990526
0.32013174
0.46368231
0.72140254
0.17017376
0.44152752
0.30383138
0.71594833
0.39259985
0.40374932
0.40242478
0.54264342
0.81907723
0.26788148
0.90314756
0.60745768
0.34921144
0.77935741
0.87342866
0.64023064
0.79838824
0.90949022
0.59803349
0.17910365
0.91176125
0.86923721
0.61279198
0.51701421
0.41620211
0.89303258
0.34995185
0.43532069
0.24438839
0.85110688
0.93969694
0.37765239
0.48507888
0.67315327
0.43845214
0.77564317
0.62598980
0.65789367
0.22312598
0.57100083
0.54574526
0.43874101
0.50958806
0.85584936
0.75503639
0.64705750
0.76005448
0.68892107
0.34878368
0.57314403
0.68078058
0.16267519
0.79364363
0.85345105
0.67604999
0.17435573
0.46111032
0.74529392
0.60626524
0.10840656
0.73373636
0.61855319
0.71619645
0.76347867
0.89585325
0.32551537
0.69299896
0.89458489
0.93224122
0.57747734
0.60488512
0.62878525
0.21365246
0.91139686
0.43078158
0.94017715
0.55054175
0.88996560
0.62462196
0.73966223
0.54673951
0.91200157
0.49842023
0.87549457
0.93622109
0.15760912
0.40155275
0.49094837
0.78432631
0.56516723
0.34303174
0.63255265
0.30832218
0.50085033
0.68690931
0.57981994
0.82611818
0.93206051
0.65986662
0.50473443
0.41678379
0.74665728
0.92667832
0.46435246
0.51221748
0.63312379
0.70791719
0.30013456
0.61388968
0.81849873
0.93107666
0.57395107
0.34156056
0.16141799
0.24794572
0.90106020
0.94753909
0.30893337
0.83626599
0.80196640
0.72629505
0.42592559
0.82948140
0.92594094
0.37503834
0.65225957
0.57657709
0.33089511
0.30959255
0.62721234
0.75598702
0.58490155
0.64682650
0.73988550
0.55602178
0.59413929
0.75366231
0.18812552
0.36009166
0.28605704
0.87329882
0.38158245
0.41423932
0.27793514
0.75899181
0.63437237
0.82272038
0.19579751
0.69830152
0.51916751
0.25002285
0.74071030
0.51090191
0.70893520
0.65749593
0.90362939
0.11184562
0.79107716
0.46869510
0.70643831
0.73220403
0.90815647
0.87020296
0.59301391
0.84939407
0.49895689
0.49771608
0.44012261
0.87642303
0.89064136
0.89518489
0.60796416
0.38963786
0.49396758
0.64284778
0.37828242
0.82285233
0.85927890
0.49953799
0.80331380
0.20843429
0.47103911
0.67491201
0.26384616
0.83908212
0.91609662
0.68557937
0.89444465
0.51651938
0.96917903
0.55821383
0.86340226
0.89104388
0.72266966
0.45772539
0.50679223
0.30256161
0.83789319
0.46275883
0.66784698
0.66562740
0.53757937
0.75355421
0.39907144
0.90140675
0.08782471
0.73097567
0.89230923
0.87988279
0.67166336
0.84041928
0.54432322
0.83014466
0.67064261
0.17600303
0.85677361
0.13866464
0.87907364
0.17866799
0.71361003
0.88688909
0.71197931
0.53712022
0.92302936
0.97313154
0.91887114
0.81838979
0.59673294
0.88674781
0.87202980
0.73523226
0.76401941
0.54966524
0.36729596
0.94519275
0.80146590
0.65603394
0.24614802
0.52576920
0.06567199
0.35154538
0.47047409
0.89906536
0.85021002
0.76035578
0.80086062
0.49099039
0.83002651
0.59133497
0.50960995
0.87132063
0.96052868
0.34363775
0.17534817
0.56747758
0.53953424
0.65511756
0.73384139
0.66515644
0.80263344
0.60913971
0.56975507
0.75600350
0.44725574
0.88342388
0.76378981
0.42007994
0.37496460
0.63466051
0.83307676
0.47009410
0.33453962
0.35922649
0.45987884
0.60883851
0.36383357
0.88064897
0.49324872
0.67859557
0.28946253
0.78930007
0.86953668
0.49527322
0.91359525
0.77068892
0.81292860
0.59942131
0.71875526
0.31262639
0.43350211
0.45420559
0.74870066
0.91101118
0.81338281
0.21740485
0.73756706
0.19672789
0.81525980
0.85524311
0.86439119
0.79595931
0.76467522
0.78506992
0.85989854
0.92318545
0.76878967
0.73458196
0.33267843
0.52366310
0.93314739
0.20566268
0.19331574
0.67113636
0.88751089
0.28248900
0.29660946
0.68247472
0.84266789
0.74149092
0.06420566
0.70185728
0.61364937
0.11883105
0.08835028
0.79604167
0.40559977
0.35407054
0.33840431
0.79947641
0.57788853
0.80394452
0.68964007
0.69506835
0.58056207
0.86992020
0.97353178
0.69979955
0.61639309
0.94730068
0.95035090
0.72520397
0.65074262
0.60920953
0.86826036
0.82004382
0.76686398
0.62727367
0.46722273
0.32821140
0.34035826
0.43096974
0.88150424
0.67010419
0.91866934
0.84987235
0.94901111
0.93495182
0.95986184
0.22080469
0.57171811
0.83868326
0.16401170
0.86462267
0.84920777
0.12052866
0.83680063
0.42132753
0.94335733
0.61267811
0.91711645
0.19284966
0.73999856
0.82409411
0.83258880
0.86671223
0.37438208
0.85435153
0.68744898
0.94254654
0.94756739
0.54432299
0.38301926
0.30478938
0.73092240
0.26599385
0.51894351
0.43282361
0.45053861
0.63059498
0.57618283
0.82560195
0.57764889
0.40352994
0.36136141
0.81659161
0.79537208
0.40506354
0.80644467
0.57923523
0.87306228
0.94120392
0.53895300
0.68646934
0.37582523
0.65262457
0.31970032
0.28278987
0.88723862
0.83563661
0.30105536
0.71963249
0.14101701
0.12932839
0.38753297
0.58930513
0.93755178
0.28569348
0.68038222
0.56125491
0.74348218
0.96676728
0.90969622
0.78444084
0.63954900
0.71808511
0.83391042
0.32552118
0.95635292
0.44432231
0.65635646
0.19719728
0.57280884
0.88509914
0.64474334
0.48584164
0.53644514
0.81045388
0.71739993
0.84759023
0.27191864
0.25576288
0.93165288
0.71754187
0.08393268
0.47214396
0.90602670
0.87821318
0.66090493
0.67865772
0.74080023
0.23832008
0.48930699
0.32949439
0.72860888
0.65528260
0.78062823
0.53664110
0.19193231
0.26680409
0.31760444
0.46978084
0.17800820
0.79072001
0.39583989
0.41786067
0.94320156
0.71360437
0.67663203
0.77786493
0.90391220
0.79410277
0.89806750
0.47986927
0.40209844
0.34882058
0.68666616
0.89975094
0.27573766
0.65330231
0.07905656
0.02957380
0.69348983
0.84014020
0.36070972
0.73321779
0.88927734
0.71526486
0.40568073
0.18261622
0.29101942
0.86172594
0.38420076
0.87593853
0.95191855
0.88285994
0.66843039
0.77464921
0.27503286
0.32738494
0.80851906
0.56087835
0.74427774
0.82161063
0.94117795
0.86782469
0.31236393
0.90352765
0.64868613
0.54592361
0.77051556
0.71965318
0.87242053
0.29285644
0.50489464
0.68916950
0.60179668
0.61692578
0.39768188
0.61555900
0.83454332
0.74601193
0.55192562
0.68989581
0.61910651
0.41165317
0.84648375
0.71166078
0.85049451
0.85720254
0.75149607
0.16591020
0.77831366
0.93030534
0.48361905
0.21179843
0.57300915
0.67515467
0.59016251
0.21903708
0.66395460
0.84245563
0.93753789
0.78079248
0.88737893
0.78809824
0.85907883
0.33582034
0.23041778
0.49752717
0.90597344
0.67379456
0.72765624
0.49378065
0.75408192
0.82197807
0.35577153
0.52490827
0.21818481
0.70401941
0.20719967
0.33690390
0.74241995
0.22007775
0.09995766
0.48030629
0.71094285
0.54997955
0.89315769
0.54695583
0.76192073
0.81288610
0.55307665
0.10198947
0.90303101
0.91543351
0.18965062
