0.30263109
0.95183586
0.20924530
0.81578417
0.37883588
0.94306122
0.79265332
0.26665062
0.77666706
0.47225596
0.61368991
0.60822126
0.50302108
0.77679557
0.67870353
0.14164725
0.79018901
0.80215457
0.89167335
0.76732781
0.28685966
0.78302376
0.40953242
0.29381853
0.70708212
0.64670611
0.55089458
0.86000755
0.88579586
0.66862045
0.80591933
0.82558281
0.87854847
0.85114261
0.45033767
0.77001986
0.79309988
0.89334260
0.17640517
0.62262348
0.86742146
0.76371522
0.73495557
0.66698956
0.46090503
0.34846868
0.89174909
0.77818622
0.75774333
0.94811908
0.53529765
0.82872599
0.79477106
0.33323784
0.41641612
0.19550607
0.93103863
0.54423943
0.90416885
0.82404186
0.92680512
0.92360697
0.62788539
0.27251484
0.59886887
0.29347366
0.35149855
0.65384684
0.43972420
0.81383920
0.94145747
0.72904155
0.58557007
0.39367316
0.42650427
0.70146521
0.76095056
0.90335091
0.76602545
0.50008422
0.63723365
0.38197857
0.53467228
0.16402659
0.11362106
0.80753377
0.46850234
0.74558189
0.77410961
0.21326571
0.87347289
0.81687499
0.84154998
0.26847494
0.18526609
0.26274344
0.53484806
0.94514808
0.94029403
0.88592869
0.26149066
0.82485082
0.33304677
0.24061538
0.15662310
0.80460120
0.52449447
0.42623710
0.14726191
0.24976122
0.56668119
0.17683860
0.86275357
0.81475635
0.76622294
0.50874602
0.85971688
0.27271498
0.44621095
0.75911235
0.36493572
0.77837766
0.55067838
0.81554672
0.80851122
0.26365015
0.24908393
0.84959323
0.82675216
0.32964641
0.39805784
0.38732164
0.62138985
0.74847141
0.84460660
0.84948334
0.41705918
0.72566337
0.57924659
0.38165944
0.21018211
0.91301711
0.19794194
0.58285317
0.85930650
0.58796935
0.17204319
0.83516279
0.71440617
0.81702362
0.30627473
0.35370793
0.42213248
0.39187104
0.59847216
0.91710249
0.80130728
0.10714750
0.80280779
0.82290018
0.23738477
0.24837148
0.33233417
0.68521852
0.77297923
0.67137455
0.48925669
0.64703167
0.88058214
0.66047708
0.82573116
0.84736352
0.51631228
0.30429762
0.24884223
0.72466021
0.23803311
0.48472687
0.27564628
0.47960536
0.62604515
0.54400720
0.80418361
0.58809442
0.85875825
0.62131175
0.30249150
0.70502500
0.66922062
0.26142866
0.54267905
0.55410457
0.78183733
0.64676602
0.38113788
0.47647562
0.88980192
0.93304476
0.35708792
0.43428877
0.73619441
0.89619245
0.85926842
0.38798632
0.21260311
0.28399648
0.43506026
0.82612321
0.92719393
0.73416114
0.46615636
0.76303932
0.19512055
0.12866720
0.65802037
0.54051737
0.74219076
0.51889693
0.74809320
0.56009519
0.81694829
0.78431915
0.25802723
0.88098791
0.91248579
0.31371454
0.42906695
0.39094941
0.92313356
0.93925068
0.89664915
0.83321477
0.55898811
0.83927450
0.44976307
0.97931917
0.57691995
0.75902693
0.85112343
0.07211287
0.79654457
0.39181725
0.34899237
0.81611749
0.70007970
0.61876834
0.38521385
0.89031567
0.75811828
0.76996851
0.55324954
0.96897863
0.88622236
0.70118376
0.76004199
0.85968731
0.89707903
0.65906770
0.49090881
0.38528259
0.97297825
0.68516729
0.47754635
0.63940344
0.30162330
0.77747155
0.71419000
0.39902020
0.74741835
0.52746430
0.62759601
0.38222126
0.40443851
0.38427928
0.77150299
0.48383318
0.80650646
0.38032486
0.69729560
0.59600028
0.22265128
0.21796888
0.85458602
0.76862484
0.50189366
0.49820287
0.42944146
0.47736269
0.34181025
0.30424013
0.49496443
0.15523207
0.20840243
0.21197129
0.41973654
0.34127567
0.82300723
0.86120711
0.21816980
0.15654463
0.59998770
0.32308457
0.82638286
0.90325856
0.79756752
0.51172301
0.78830574
0.61260330
0.25573602
0.87375974
0.16286292
0.45234131
0.27819610
0.88622944
0.62499803
0.87863801
0.64322179
0.78510140
0.75212429
0.31915166
0.79014970
0.29924210
0.82062541
0.84656702
0.75288433
0.87755051
0.85411539
0.55769228
0.96639597
0.55737421
0.68775010
0.55405432
0.87626235
0.75977371
0.52477277
0.53493105
0.71759674
0.65601856
0.88509271
0.50657024
0.87219849
0.42999489
0.67625298
0.37733859
0.54061799
0.70534637
0.41569353
0.22055572
0.38715127
0.12282700
0.96932440
0.46551335
0.67358801
0.39966161
0.72110216
0.34378176
0.65321624
0.90256905
0.48230580
0.50923906
0.42900413
0.16702927
0.86296279
0.83916062
0.53596046
0.56079478
0.53838575
0.80233439
0.92346393
0.08766155
0.34396791
0.49973089
0.90090030
0.37145686
0.29977619
0.25762771
0.49352805
0.73624200
0.88810041
0.52506787
0.84083504
0.53059275
0.66880826
0.78635543
0.70864074
0.17933011
0.40221597
0.35640741
0.59863702
0.70348460
0.21151367
0.84167780
0.64914144
0.16594261
0.88597466
0.63422973
0.74857503
0.41810588
0.53097418
0.54805648
0.95586433
0.63748408
0.75360417
0.58444365
0.48032378
0.55594564
0.44722316
0.48381805
0.61614976
0.77680618
0.53123198
0.64707009
0.30311064
0.32153910
0.74499784
0.86869564
0.88992386
0.51852293
0.79660547
0.56089718
0.55931581
0.33748041
0.32127983
0.20026258
0.33287119
0.48070296
0.88953412
0.88994633
0.24542771
0.64647436
0.88942580
0.82987747
0.29161600
0.39238165
0.86382691
0.50813558
0.29123113
0.69793161
0.18384382
0.78323891
0.37067996
0.55255802
0.95674993
0.22521027
0.61434842
0.77751340
0.58339968
0.89264952
0.77122713
0.62074768
0.51594730
0.68498549
0.45111938
0.91079220
0.70227619
0.91295366
0.81560035
0.44084934
0.92513180
0.58868497
0.61986660
0.74467729
0.54908788
0.44048289
0.44052409
0.60877063
0.88999127
0.44536834
0.21080600
0.79044982
0.90653020
0.30553001
0.94654854
0.35986626
0.84389376
0.39771380
0.40755569
0.22558886
0.14630995
0.57387995
0.26425945
0.14041140
0.91307112
0.14799469
0.50718284
0.48412404
0.86945622
0.85242652
0.44116225
0.40651077
0.66109779
0.88680737
0.20556909
0.21945935
0.93463580
0.70219410
0.48343912
0.88103254
0.44108067
0.71282323
0.55090804
0.80237957
0.43251528
0.80245660
0.73153057
0.42279502
0.85958132
0.90861173
0.41054354
0.83585364
0.16701602
0.31839927
0.47303494
0.60218276
0.29610735
0.43381438
0.37692877
0.71712336
0.53957811
0.07441693
0.37109012
0.43388422
0.25382820
0.37351476
0.92469148
0.85533169
0.61518339
0.67041862
0.56594760
0.72538901
0.39739114
0.48373755
0.71164565
0.89369765
0.68487358
0.51663678
0.17869824
0.20908711
0.45507252
0.25349747
0.72987605
0.51085737
0.78324736
0.42530502
0.52085934
0.50162159
0.92401917
0.55971728
0.52452796
0.69934147
0.89749736
0.48518790
0.75603151
0.19148594
0.56975825
0.86856774
0.30425228
0.67835526
0.43028571
0.61468132
0.18020244
0.53834572
0.29718218
0.79015457
0.82788934
0.84175113
0.64914783
0.87637435
0.46073654
0.26498721
0.92508770
0.45510450
0.58765089
0.90657071
0.83056302
0.94938040
0.70954245
0.56009571
0.47158892
0.90467641
0.80157356
0.92317939
0.75975992
0.75876569
0.90662195
0.59286739
0.88439546
0.83459311
0.72939573
0.96630584
0.11836836
0.89901507
0.85552770
0.40381449
0.52537741
0.14093414
0.62396733
0.66046743
0.93970642
0.81388545
0.23161983
0.52367408
0.91135546
0.30802329
0.48916756
0.88801753
0.76001447
0.90991545
0.57956226
0.15353010
0.19381180
0.25040533
0.49225170
0.14573348
0.65868889
0.38803076
0.55716635
0.48322053
0.42182416
0.11750724
0.75482811
0.47820929
0.75815838
0.17287121
0.63471408
0.73566322
0.60270999
0.32741119
0.21547860
0.27253046
0.68507068
0.18369063
0.46644558
0.77340327
0.36062173
0.34934875
0.78789617
0.46716684
0.84131079
0.86951002
0.36002638
0.88889262
0.53295770
0.37089647
0.66820311
0.88277537
0.77926484
0.91347132
0.86610543
0.64536626
0.78189913
0.56505226
0.53860674
0.41738813
0.90612410
0.61208946
0.65884761
0.92215819
0.86046783
0.82769116
0.62465272
0.46926167
0.68075021
0.72454822
0.93309864
0.50744122
0.45164984
0.42082227
0.76354288
0.85425128
0.60379627
0.79746256
0.32672893
0.66106398
0.20274269
0.73026185
0.75801026
0.95013358
0.32863472
0.85695355
0.87033284
0.64675750
0.79198201
0.80946545
0.63078043
0.91683414
0.77715979
0.66309831
0.40246211
0.06548279
0.87670203
0.89558802
0.91309462
0.31875326
0.07888694
0.72924429
0.62333912
0.69996441
0.30564057
0.15642780
0.49597361
0.93035037
0.29478598
0.89619794
0.19665954
0.63195437
0.90446630
0.89117720
0.71869196
0.47095465
0.82408418
0.57877599
0.50709199
0.17535998
0.83069646
0.88678241
0.70112203
0.85422091
0.93525613
0.34433827
0.69679902
0.13109190
0.89966997
0.89114561
0.42484746
0.52959477
0.88047807
0.89790029
0.80404714
0.40639385
0.48210967
0.55455369
0.81643166
0.47070497
0.77157350
0.15840301
0.87045488
0.23732944
0.93156695
0.92998841
0.83471851
0.95281597
0.16441789
0.38530843
0.18602254
0.82505566
0.39697663
0.37445628
0.56183841
0.85108304
0.60070465
0.91909360
0.84972216
0.27029124
0.23949059
0.29664315
0.29394771
0.76271387
0.14603567
0.35975797
0.38443724
0.25946157
0.52109523
0.85586768
0.84764216
0.18084579
0.46103142
0.76325670
0.48154195
0.73524372
0.21781198
0.37110009
0.68722036
0.87605424
0.60914799
0.85149750
0.37833311
0.58173858
0.25058720
0.35716800
0.26358602
0.56559126
0.86943273
0.35466252
0.78372407
0.48583073
0.88149894
0.89630649
0.76285851
0.88638862
0.42071565
0.86895540
0.81534971
0.89603861
0.18955902
0.25970499
0.57876239
0.75966568
0.40841427
0.64552079
0.06490985
0.16437357
0.91888989
0.52965348
0.65271879
0.33495663
0.84800485
0.13850292
0.24685030
0.17583034
0.20419605
0.29056172
0.86353336
0.43672737
0.68228970
0.25355153
0.14569486
0.94541298
0.96996895
0.35158698
0.73114433
0.63382281
0.77642183
0.71166377
0.53214074
0.87257029
0.40429557
0.58328159
0.26715294
0.74121251
0.68897842
0.91417201
0.64714496
0.79242494
0.38400700
0.49681890
0.38415322
0.92232894
0.74406946
0.81616243
0.38674228
0.46193558
0.54393570
0.71916386
0.19564635
0.27418701
0.57717827
0.78499587
0.47445401
0.75040076
0.48558619
0.86935398
0.64355746
0.72876766
0.48839839
0.30475241
0.57396906
0.68893690
0.92040767
0.79159418
0.34826592
0.18923500
0.79377655
0.81434735
0.78096947
0.88296740
0.85615823
0.85801080
0.40162525
0.95956641
0.65163055
0.38961833
0.80599399
0.83519773
0.14732971
0.63362876
0.83882052
0.85265989
0.80914671
0.38251019
0.60258842
0.87180739
0.77798452
0.45555720
0.28469323
0.81195382
0.16733863
0.82397474
0.61067037
0.55086941
0.88728295
0.69120537
0.27829166
0.74984479
0.92173301
0.58790604
0.59053967
0.56886070
0.57026857
0.37619860
0.85464551
0.87569143
0.68919125
0.82344009
0.88177329
0.54160348
0.88146939
0.45887512
0.25116453
0.69388668
0.76421623
0.72945847
0.49885970
0.48653152
0.55625150
0.67480284
0.71644199
0.13318448
0.68795008
0.32106967
0.47826640
0.56376016
0.95013793
0.50166612
0.87113298
0.73159920
0.22255874
0.65076095
0.29457630
0.61795041
0.21651958
0.15137516
0.43656073
0.23491005
0.85684461
0.62987454
0.29402062
0.26152069
0.63733977
0.41203654
0.66140033
0.82206754
0.27235180
0.87895529
0.35004446
0.59646764
0.70474891
0.55532892
0.34730976
0.68612470
0.65546554
0.34737395
0.57724840
0.58796594
0.49329903
0.84899781
0.76614017
0.40386110
0.27224958
0.82027819
0.55619107
0.74566197
0.73083485
0.83847435
0.71629714
0.94225350
0.81297944
0.45566798
0.62676712
0.23675943
0.79088427
0.58026308
0.70216416
0.67175614
0.37941106
0.64396149
0.73160195
0.94906508
0.32292987
0.69334438
0.78312901
0.60197557
0.78245159
0.29017659
0.47002330
0.73937318
0.34945253
0.60621888
0.53650857
0.84744006
0.48961723
0.38525770
0.63126199
0.35143168
0.80472525
0.62515184
0.68915009
0.60856598
0.73243888
0.38401596
