# NTRAJ	1000
0.28848537
0.29696284
0.11299684
0.40772371
0.49605969
0.36424904
0.34670045
0.24590647
0.18801761
0.24123343
0.23665602
0.34890728
0.19109241
0.18187330
0.37097600
0.15620212
0.42896438
0.17730676
0.29165863
0.13790578
0.34816747
0.26230450
0.30200860
0.27201155
0.14897588
0.30218944
0.28717172
0.16549219
0.41253434
0.25106787
0.22705248
0.37252426
0.43517259
0.21844287
0.37290227
0.33592494
0.34359380
0.20858927
0.18398315
0.18190954
0.31006646
0.28784598
0.30881859
0.39447872
0.35791443
0.21910776
0.40962898
0.26199391
0.25917375
0.28972416
0.33475571
0.28087611
0.12017125
0.18028576
0.18120459
0.19720765
0.29713989
0.23071391
0.30612865
0.45926850
0.17804137
0.18532600
0.43633784
0.32510897
0.18259112
0.27056570
0.39680602
0.40709178
0.43210755
0.27406640
0.27882696
0.37433012
0.46277305
0.30963744
0.21845162
0.22650874
0.40856430
0.36892755
0.26521471
0.34092577
0.19985711
0.25473742
0.15444158
0.23261832
0.23816210
0.34004952
0.19828612
0.44657198
0.25502898
0.22633713
0.26726388
0.30852324
0.23171577
0.36803415
0.26266268
0.36606519
0.44773129
0.37177800
0.17559424
0.42270860
0.22545771
0.34637998
0.38411488
0.37453852
0.27055496
0.24490989
0.28460952
0.17564555
0.24665109
0.31929112
0.32313683
0.24740212
0.27985369
0.29564179
0.33825905
0.14234023
0.23016994
0.29556220
0.32083552
0.27545350
0.15647262
0.15465943
0.25326751
0.35394430
0.43771605
0.36410806
0.45903031
0.33064903
0.29531317
0.33989504
0.19671074
0.26325390
0.19867948
0.22908624
0.43546462
0.20296091
0.34614905
0.16746496
0.24023687
0.24465988
0.28480124
0.15835721
0.26188221
0.44145964
0.21264316
0.20789531
0.37422331
0.26400399
0.22074668
0.39394906
0.30075765
0.46281301
0.08907022
0.33090854
0.40550286
0.19142162
0.24305653
0.18830667
0.26900788
0.34184741
0.31101218
0.40919862
0.21489421
0.34209191
0.22382016
0.22245352
0.37052337
0.36740936
0.29636783
0.24078929
0.27251843
0.35382220
0.31185963
0.33675214
0.28126895
0.33961135
0.29753876
0.38973506
0.18791148
0.19217999
0.35620210
0.24395761
0.07438472
0.41889789
0.27862974
0.19392534
0.27010258
0.27751055
0.35806374
0.29785244
0.34127687
0.25242175
0.31584133
0.44304800
0.34391985
0.19604488
0.23202699
0.25395040
0.17314096
0.20738755
0.22975282
0.18537913
0.28566429
0.29383567
0.36566670
0.19574276
0.12229410
0.31969259
0.21605122
0.33514278
0.21934193
0.29604795
0.35679412
0.22680584
0.20686825
0.42509944
0.16491658
0.24638832
0.32248150
0.33538359
0.28516320
0.21860808
0.26048285
0.28472740
0.38339860
0.47841643
0.34755572
0.26987604
0.19671538
0.17935049
0.36285913
0.22678975
0.43019692
0.16463547
0.37184750
0.23692630
0.21710242
0.37903230
0.24730290
0.32501771
0.27218276
0.17745506
0.44951998
0.18269771
0.16538083
0.40311494
0.29496423
0.30707168
0.22427071
0.26626193
0.35555871
0.26989692
0.26277324
0.26539245
0.32685387
0.33328765
0.36516545
0.27400654
0.24262701
0.44014851
0.16093871
0.18876806
0.26849898
0.36452705
0.27614531
0.30791171
0.34290290
0.34846428
0.23625366
0.32780183
0.22534702
0.20014869
0.14983372
0.25216038
0.34909784
0.36262600
0.25291931
0.31796816
0.25897735
0.41550439
0.36816545
0.26579568
0.23778736
0.07271534
0.31282056
0.28514831
0.41344028
0.37088918
0.25381305
0.22063134
0.15406231
0.20621570
0.26468115
0.22150081
0.21195660
0.26468255
0.37684282
0.19583001
0.13655824
0.34038840
0.28282207
0.16734175
0.33958889
0.24216331
0.17564956
0.21250091
0.28022153
0.36343946
0.29441378
0.27373469
0.21361471
0.35148854
0.32386297
0.25226364
0.32342813
0.44470517
0.33338591
0.34079896
0.26914729
0.19547580
0.25394778
0.30717145
0.31230209
0.19362228
0.23409258
0.31030375
0.23338053
0.20256814
0.20581097
0.14466351
0.13713941
0.41556921
0.26085114
0.22194836
0.28028445
0.40144217
0.41290505
0.25232609
0.27180074
0.24841554
0.27183320
0.25149828
0.09929023
0.48470971
0.14201628
0.22297103
0.21270725
0.17883632
0.22468174
0.25778688
0.26102115
0.34547370
0.19240249
0.15712677
0.31539872
0.34927869
0.35295713
0.18168489
0.34736468
0.21150570
0.26829403
0.28061304
0.23165099
0.29380315
0.42580405
0.29474979
0.34250844
0.24282489
0.32247484
0.28964383
0.23330247
0.23406537
0.18581580
0.29919240
0.32762767
0.18169400
0.12176781
0.43733532
0.25542106
0.13846263
0.24647655
0.25788529
0.35922967
0.30568819
0.31654764
0.19880286
0.28566652
0.32025476
0.25917142
0.21098769
0.28833684
0.29578336
0.46424358
0.21103308
0.25393687
0.22974962
0.25013862
0.24331092
0.38075289
0.23102116
0.35673433
0.41958250
0.10502943
0.15298745
0.27382448
0.14900923
0.37622574
0.26452729
0.36052399
0.15063888
0.35487358
0.39594497
0.32387733
0.35242856
0.34087739
0.27794751
0.39625571
0.35218063
0.19009841
0.38985346
0.24972752
0.32411099
0.19774421
0.20018982
0.12258675
0.34662707
0.19212755
0.19723129
0.29778145
0.25864729
0.33551187
0.10504309
0.24820241
0.30724151
0.28764363
0.23866645
0.23096414
0.09902781
0.44873986
0.19708517
0.24764004
0.32426008
0.43590768
0.17937775
0.24753594
0.32468084
0.32675383
0.39014897
0.23685423
0.24898803
0.35105184
0.36288247
0.19958833
0.29404581
0.19665008
0.26070553
0.25467830
0.38101680
0.35840347
0.28076992
0.29259911
0.18623149
0.26717425
0.41606829
0.30514425
0.26205055
0.26864082
0.46198505
0.26939817
0.30960011
0.22506578
0.15689765
0.25110389
0.25319970
0.33328191
0.36423493
0.40270706
0.23833728
0.26446995
0.26875339
0.33464092
0.25504844
0.25091519
0.26178724
0.35112041
0.42701760
0.35912838
0.29426068
0.20801613
0.25930406
0.21071224
0.14842434
0.20070481
0.42841666
0.29261162
0.26554327
0.43920862
0.27551260
0.45907455
0.36633098
0.24766341
0.34574173
0.29361030
0.35747871
0.36225197
0.40746244
0.35692138
0.31879121
0.26177964
0.31060296
0.23441156
0.37341083
0.14407960
0.41107985
0.23353526
0.38270897
0.32807082
0.23938004
0.27818041
0.35027205
0.25598469
0.16925137
0.18488553
0.32718747
0.19192658
0.23096456
0.23031436
0.36282266
0.35523640
0.32231337
0.22880252
0.23096186
0.43180945
0.39349159
0.21910333
0.20282015
0.17158602
0.20052662
0.32860060
0.12382936
0.17175920
0.27855936
0.20725275
0.21394266
0.28342865
0.31269415
0.15107670
0.25212550
0.41329384
0.22765606
0.23622890
0.32180578
0.21556888
0.46059410
0.20049821
0.20703315
0.31824474
0.21079755
0.30973207
0.12613123
0.21835006
0.24379110
0.30365136
0.44178377
0.29097172
0.26805044
0.24532561
0.30683674
0.33820631
0.26415383
0.15739017
0.35883480
0.31711099
0.30607154
0.34914509
0.39313066
0.26071636
0.26102575
0.28828564
0.21092744
0.23340568
0.30728624
0.17373110
0.22808461
0.27950601
0.17705707
0.26504599
0.25401978
0.27658406
0.35859475
0.13943542
0.31589795
0.24428166
0.31451878
0.33673715
0.47596857
0.24345808
0.47242896
0.29276914
0.38841238
0.27615762
0.26035722
0.14365971
0.25406085
0.25146224
0.23175280
0.13966644
0.29423431
0.41873722
0.21263079
0.22005270
0.27360408
0.32950717
0.35482453
0.45857040
0.25980907
0.33546686
0.49208289
0.33890825
0.28868889
0.40889507
0.31201637
0.30201793
0.20142314
0.34327192
0.16756564
0.26563808
0.27569518
0.37140943
0.23085832
0.16231708
0.28328485
0.19783139
0.35979411
0.29591049
0.36988454
0.13984202
0.36166758
0.42947659
0.25161336
0.30762122
0.32522255
0.27412351
0.30747690
0.24408316
0.21647387
0.44066540
0.14705785
0.25119999
0.37892330
0.24294063
0.28029350
0.37967050
0.23890372
0.25993697
0.25186294
0.39750877
0.33289929
0.32831278
0.16235897
0.35340739
0.38130518
0.18562805
0.16871310
0.32970072
0.23930268
0.17942560
0.32531428
0.28449516
0.42526102
0.29566031
0.10371967
0.20975170
0.30238837
0.33695099
0.12970798
0.18664132
0.37917883
0.39037250
0.32746568
0.18989668
0.35222510
0.18567138
0.27612891
0.26155623
0.21938708
0.22390948
0.30094380
0.29138672
0.23499429
0.35811365
0.26331031
0.34156415
0.28301599
0.31074211
0.32721448
0.39047118
0.19832861
0.34033921
0.35646055
0.12233875
0.22435882
0.23002776
0.37821583
0.25197193
0.20609999
0.20011637
0.36918898
0.18202316
0.13026200
0.45011130
0.29868642
0.39541822
0.32071802
0.38192970
0.23614015
0.34624142
0.25112937
0.27746342
0.20945503
0.40127337
0.22931389
0.34553971
0.22696555
0.36681510
0.27906108
0.19424885
0.34074208
0.25749131
0.27294880
0.28916969
0.27845953
0.20625507
0.36350591
0.26093690
0.36858796
0.32220072
0.32050167
0.23458567
0.26435763
0.23360311
0.17009873
0.20335589
0.24230693
0.21931321
0.16754455
0.28834808
0.33087524
0.29257267
0.24438333
0.23211498
0.28636915
0.25034682
0.30864860
0.27631648
0.25980616
0.25134570
0.17125448
0.23561586
0.25703845
0.25463961
0.26253883
0.24904966
0.36987646
0.28267757
0.23093912
0.23976598
0.21386444
0.29501953
0.24842304
0.25825239
0.31876715
0.28996965
0.15674210
0.31633360
0.35563652
0.27612086
0.33885307
0.23523783
0.19948337
0.17042681
0.31257187
0.25559120
0.36991755
0.35606258
0.20689612
0.22703007
0.25390546
0.32604691
0.22059705
0.38999241
0.11181184
0.36890193
0.16148694
0.33148955
0.35611120
0.39276776
0.28925385
0.34441970
0.26853389
0.24799372
0.44404772
0.20989268
0.35105549
0.21263574
0.38751774
0.18862485
0.24006297
0.37030803
0.18432887
0.21258769
0.32382735
0.37088056
0.30101520
0.21725186
0.22584626
0.13477739
0.41442567
0.22935512
0.24834707
0.35605307
0.26376749
0.35911978
0.22876963
0.27394367
0.18016068
0.44225935
0.28670457
0.16953847
0.27443748
0.38640582
0.29045531
0.23375963
0.20920306
0.39318961
0.33875345
0.32645362
0.23823971
0.21984592
0.32666494
0.46831478
0.24758209
0.22125074
0.40744485
0.34286068
0.26570402
0.26003041
0.43867557
0.40351211
0.24655275
0.35091593
0.32627982
0.30763728
0.31684032
0.22870680
0.30369946
0.34176846
0.24276648
0.36165209
0.25010765
0.20182470
0.15926139
0.25512394
0.19289091
0.28587623
0.38529520
0.23032440
0.30479934
0.31443237
0.23729383
0.24701558
0.33960002
0.25694361
0.27287173
0.30438670
0.19550607
0.29334609
0.31500905
0.33849643
0.16534110
0.37635450
0.34309558
0.32254214
0.21851414
0.33141850
0.20928969
0.24680595
0.23589275
0.32488956
0.29671141
0.30759288
0.23876214
0.26388238
0.28689333
0.15716913
0.30214480
0.28460345
0.26086733
0.23956116
0.13730029
0.26663528
0.26388417
0.16765691
0.26702814
0.37538942
0.34290850
0.33365633
0.27954028
0.30901660
0.45374129
0.27092274
0.23139703
0.43943600
0.23050007
0.17137166
0.26360612
0.24936551
0.40468638
0.29154928
0.20489805
0.25953186
0.32264656
0.24751609
0.28542159
0.20491395
0.45663627
0.44442249
0.19883730
0.34695884
0.39415704
0.26283499
0.27055250
0.23581819
0.23458376
0.27547046
0.19095363
0.32513641
0.24312574
0.23799139
0.26825105
0.22306933
0.41199411
0.19501551
0.31088864
0.23306311
0.31213409
0.22052120
0.37769436
0.24916150
0.28272292
0.32464457
0.26473547
0.30748555
0.32570433
0.27478733
0.25339691
0.21989228
0.19119086
0.22475898
0.26789179
0.26027587
0.20624463
0.17534311
0.20040407
0.22099752
0.25718838
0.31357341
0.29798620
0.31287527
0.18141935
0.27678697
0.39789023
0.37810553
0.10938729
0.31622107
0.29555557
0.21081125
0.30733269
0.25678648
0.33902022
0.32161142
0.24127383
0.19704343
0.33944830
0.16398666
0.24493201
0.25742051
0.19017550
0.34433147
0.17939594
0.31363195
0.25589081
0.21030939
0.28483773
0.30033578
0.31906954
0.30868736
0.36838942
0.33744570
0.39294213
