0.21279813
0.29622758
0.27095807
0.25119817
0.25618404
0.24357159
0.28284833
0.25033612
0.33014079
0.11548599
0.30947112
0.30624987
0.24197014
0.38738221
0.21382127
0.24635899
0.23414456
0.24888039
0.16455308
0.25226458
0.24258874
0.32428160
0.21955759
0.22952658
0.29690816
0.31800098
0.20126163
0.35187065
0.25388442
0.32819880
0.27229234
0.14997574
0.31620185
0.26054747
0.25983332
0.23855116
0.31578069
0.35267206
0.23643959
0.25023029
0.25535062
0.26008546
0.28373545
0.16620560
0.22890744
0.29041598
0.24939736
0.38988369
0.27921034
0.25448333
0.25100625
0.25303721
0.25892025
0.27491388
0.12684746
0.29756976
0.33545718
0.36849814
0.20062505
0.25523090
0.25173187
0.23473856
0.36070800
0.28042633
0.14713970
0.22497047
0.13084820
0.24622077
0.27349268
0.07621038
0.34623720
0.28731976
0.16753431
0.15126182
0.26993011
0.27027511
0.16240394
0.17082802
0.31230958
0.37725785
0.33425517
0.13515921
0.26586282
0.23898823
0.29190466
0.23636828
0.26460606
0.25802488
0.37038093
0.15991591
0.23519541
0.29618211
0.25785730
0.24560313
0.29585954
0.23908143
0.16449294
0.29246507
0.22983028
0.23353977
0.20776860
0.26963271
0.41366407
0.32037987
0.23392451
0.28974954
0.28791964
0.32403442
0.25139633
0.30072639
0.27113075
0.10236141
0.24300781
0.06870406
0.21673916
0.21591435
0.31536908
0.34707899
0.33802304
0.22829580
0.21227502
0.11513495
0.10632161
0.22102486
0.24713857
0.21145615
0.40236661
0.24133666
0.28638559
0.29611773
0.26248713
0.32415552
0.29868441
0.24721972
0.25015604
0.27961719
0.26905694
0.31631121
0.21260516
0.27258067
0.20434634
0.19597444
0.12835447
0.27893869
0.25689190
0.21021686
0.12246214
0.14644708
0.25819372
0.25798174
0.36204400
0.28837613
0.29180642
0.24921959
0.28562885
0.24314224
0.18087956
0.27636660
0.22759093
0.10307999
0.12127793
0.26171148
0.23277656
0.23681577
0.17785383
0.28973856
0.25240575
0.21055942
0.27698250
0.32572364
0.26645909
0.24346586
0.22114820
0.25614653
0.34348145
0.40046389
0.26573226
0.29373942
0.22553254
0.28214137
0.27267997
0.19095140
0.26046235
0.24272858
0.32169767
0.32543456
0.22621613
0.35090576
0.19730440
0.21905608
0.31952465
0.09886082
0.16905487
0.31829543
0.19854767
0.31982517
0.28100323
0.22756681
0.23411041
0.10921033
0.25321240
0.11305770
0.34241855
0.35596309
0.28024572
0.13334706
0.19440499
0.25548421
0.15873053
0.26145057
0.16039532
0.28983051
0.27103775
0.23888453
0.19388431
0.15269176
0.29795979
0.16310717
0.13107111
0.12828907
0.36634923
0.24433951
0.29621857
0.26601387
0.39004735
0.41842523
0.24039541
0.13997083
0.20033224
0.27221449
0.17606653
0.29868762
0.10549924
0.22147653
0.08578227
0.21042776
0.23234585
0.20791533
0.16962340
0.10444231
0.30716708
0.14565792
0.25201845
0.18550932
0.42805532
0.30605479
0.24997655
0.28359441
0.16907259
0.12480301
0.23082711
0.24368489
0.14916093
0.24214486
0.11993596
0.20963804
0.22793132
0.23180585
0.24618283
0.09167169
0.29107090
0.26576756
0.27809293
0.22911793
0.23805449
0.15778187
0.18937197
0.42444746
0.14753960
0.21341023
0.30746654
0.32658830
0.27125300
0.40316487
0.22663129
0.28547769
0.25174508
0.19709808
0.21913512
0.22580060
0.23928194
0.20940685
0.38822794
0.20938111
0.30670300
0.39207919
0.25523530
0.21928151
0.41847836
0.33737613
0.25011689
0.11793647
0.15595435
0.26900951
0.24654295
0.13345692
0.26905970
0.32642340
0.10529649
0.36774786
0.28002656
0.26697797
0.17498689
0.25901703
0.34296200
0.24272507
0.19957651
0.26856279
0.24632634
0.17931044
0.14754643
0.27536403
0.31635439
0.21317564
0.34930995
0.14632857
0.29720134
0.26072460
0.26899369
0.21825071
0.12276000
0.19387592
0.37116986
0.23130811
0.32067794
0.18409747
0.20865967
0.26350544
0.25803453
0.33885932
0.17335101
0.32549648
0.23981456
0.21668974
0.36584304
0.16883459
0.27465401
0.25970582
0.42353532
0.34538738
0.14582326
0.22778131
0.26437735
0.33077497
0.25749803
0.25674127
0.37221956
0.27617110
0.26369290
0.28498344
0.37972105
0.32553486
0.35940241
0.27606972
0.32603625
0.31427640
0.21781969
0.28518903
0.29724027
0.21983899
0.34026961
0.42091985
0.20972154
0.30856341
0.24683942
0.21536533
0.21943852
0.42745566
0.20934054
0.26392627
0.09641615
0.29529309
0.28272008
0.30185711
0.12685311
0.21693544
0.24224993
0.13082706
0.20071054
0.22340381
0.08801627
0.37599314
0.32825791
0.22953336
0.21139265
0.24165184
0.24746478
0.33659575
0.22403424
0.18142771
0.20628350
0.27217913
0.39116006
0.21722869
0.29251391
0.27399225
0.24156500
0.26238037
0.25407896
0.32773898
0.10067017
0.32664201
0.17237416
0.23198713
0.18186013
0.32019611
0.25939759
0.13921474
0.24029566
0.18998281
0.26857053
0.22954237
0.31838992
0.22746183
0.26915127
0.30660832
0.24834791
0.23989550
0.14349533
0.41160035
0.30622537
0.27196735
0.34734078
0.21641566
0.27471003
0.19346832
0.20260922
0.22151493
0.10477233
0.19125175
0.19479928
0.31733775
0.22354905
0.31821707
0.24336122
0.39315668
0.44106518
0.13593312
0.39400681
0.37626391
0.28636897
0.23438622
0.28616518
0.34256344
0.36985938
0.22693183
0.26695469
0.25849316
0.12821852
0.25002165
0.20516123
0.17502764
0.19526736
0.27380145
0.24293001
0.25123219
0.28807297
0.30259638
0.25198820
0.20211741
0.26827896
0.22494656
0.28036048
0.40081870
0.12131463
0.28478909
0.32010117
0.26231736
0.36239859
0.10051721
0.08983856
0.23607234
0.14090448
0.29254778
0.16051274
0.29947741
0.23404939
0.24213018
0.30889201
0.26478213
0.27762822
0.20615932
0.21549395
0.30675622
0.36486395
0.22986766
0.31593772
0.19479140
0.17505185
0.18912690
0.33438300
0.25492821
0.34352520
0.15583579
0.20155633
0.17582862
0.16248999
0.35362801
0.11781824
0.26432350
0.22016952
0.12683250
0.11730042
0.17077291
0.20148568
0.28639382
0.34871232
0.10815800
0.22105890
0.26760888
0.23326064
0.29020258
0.20602858
0.21846226
0.24555697
0.33964052
0.09325376
0.30973525
0.22101525
0.26098763
0.21920623
0.23938809
0.30673700
0.38570255
0.09854569
0.19567782
0.31501579
0.23470187
0.09374616
0.22463735
0.28702781
0.23000698
0.30581607
0.33790362
0.23864965
0.26545755
0.29578459
0.25271869
0.22603296
0.26049258
0.21691383
0.25607814
0.41293189
0.34893669
0.27709937
0.08569828
0.27031824
0.23342405
0.17026594
0.37825131
0.23696480
0.16304641
0.23389385
0.29457207
0.23667080
0.31822885
0.25821156
0.22313712
0.24518610
0.13696012
0.15566129
0.38301598
0.17306964
0.15897437
0.32816643
0.15796028
0.29932603
0.23108644
0.29568094
0.14289389
0.20382590
0.15888108
0.42705389
0.20212614
0.26245369
0.30750199
0.37861067
0.23266900
0.09611064
0.31977468
0.28440005
0.45071484
0.27660277
0.29240784
0.26690980
0.23159434
0.26269956
0.25639653
0.38024677
0.14484787
0.11218791
0.15153665
0.31712164
0.26853091
0.22560827
0.26288819
0.10171434
0.28444025
0.24237599
0.29480422
0.11156983
0.16838239
0.18581617
0.29107825
0.24225088
0.29715240
0.25570391
0.25066332
0.42769368
0.40442243
0.20910538
0.41644736
0.26724861
0.33790616
0.30949159
0.26990416
0.27350805
0.27616062
0.38746698
0.07671037
0.28928863
0.32243375
0.39274933
0.23862238
0.17531467
0.16910496
0.37148799
0.33204456
0.22732674
0.17626840
0.38340692
0.16906538
0.25997995
0.33347654
0.27490463
0.25055180
0.20931455
0.24702763
0.25110607
0.36304545
0.16386617
0.27272623
0.25060210
0.39158927
0.11373220
0.26366651
0.26923398
0.17762952
0.29951195
0.15694812
0.22293307
0.31955112
0.18033582
0.22510051
0.28109663
0.27601580
0.14942407
0.27211294
0.24663597
0.26030092
0.29441851
0.13231471
0.25560802
0.26228556
0.28071539
0.22293546
0.25119887
0.25816985
0.29648645
0.28592926
0.23068022
0.35202759
0.36305575
0.25174720
0.10422647
0.31777143
0.23245606
0.30649281
0.21110693
0.21097620
0.27866422
0.32103734
0.26521195
0.24376939
0.17501622
0.18251297
0.31152088
0.23487382
0.23803840
0.19830132
0.23209098
0.26213019
0.14340866
0.23604106
0.11634482
0.29981352
0.17347195
0.27475662
0.30420163
0.12337139
0.08381132
0.09031819
0.22433404
0.20987958
0.20997533
0.21107308
0.25534263
0.21727087
0.25410903
0.21886117
0.22494248
0.31163942
0.24193046
0.24074306
0.21247384
0.26402988
0.20370698
0.25195674
0.17857491
0.25385731
0.35094685
0.28866377
0.32914487
0.25864452
0.30639197
0.07902541
0.25624507
0.23679263
0.22075298
0.23817234
0.24789613
0.25666904
0.17655780
0.28526359
0.18339629
0.11967491
0.16947606
0.10475474
0.30107759
0.17429254
0.26301554
0.28231096
0.35139796
0.15541557
0.26686706
0.42972363
0.28328168
0.23639243
0.24956944
0.24415172
0.30822228
0.29568141
0.42066476
0.31273831
0.16581512
0.27693385
0.15011691
0.35947462
0.30247280
0.22762974
0.25915654
0.20490337
0.26945595
0.19386557
0.22301118
0.24500881
0.19584930
0.26469735
0.24013268
0.21538519
0.23900751
0.25410971
0.17853029
0.34269790
0.20782107
0.29603785
0.10220579
0.30100719
0.28925307
0.33432150
0.23037037
0.29099650
0.09269025
0.23454227
0.17201534
0.33246039
0.30756079
0.21846277
0.37373123
0.15050127
0.23551356
0.36993478
0.26276668
0.27540738
0.28096457
0.22314321
0.19885347
0.24723163
0.35793446
0.09676451
0.16373610
0.18102505
0.07901381
0.12193223
0.37472366
0.25784704
0.35346369
0.13586411
0.23244200
0.20800888
0.37804811
0.20930715
0.22713432
0.22524965
0.20751622
0.13020341
0.30575494
0.32456273
0.15227481
0.26026619
0.25306033
0.23859232
0.14182782
0.36024044
0.23939936
0.23568824
0.15159957
0.18024327
0.24204995
0.10725838
0.28730655
0.29717066
0.10477897
0.21441350
0.28851766
0.12800141
0.32647672
0.11177612
0.32100946
0.25563785
0.33580670
0.21547261
0.26699837
0.29203004
0.25368122
0.10287736
0.39274080
0.28066974
0.29437627
0.24583252
0.28360980
0.24127063
0.14809285
0.40072286
0.09961922
0.28465314
0.39783466
0.37382028
0.20768634
0.44963098
0.36271213
0.17900329
0.35141345
0.25541818
0.37735693
0.24720145
0.24724129
0.31010352
0.25563581
0.18358290
0.12757645
0.23690682
0.35701780
0.15194754
0.26361890
0.19275970
0.19328004
0.32749436
0.18087118
0.23360606
0.26133283
0.20440220
0.29477656
0.17389695
0.25355194
0.29035547
0.10372488
0.24599575
0.08873172
0.24840710
0.19192982
0.11394350
0.10815638
0.31229452
0.28090206
0.29742099
0.23212309
0.27930628
0.24285637
0.24006775
0.16526985
0.33341597
0.24332278
0.20143661
0.23233512
0.33132607
0.07462404
0.31561514
0.22389474
0.27452173
0.27775160
0.19617642
0.15343719
0.27637953
0.17715485
0.21040662
0.24957126
0.26941012
0.19166144
0.33136117
0.36654275
0.33031760
0.30070456
0.10332446
0.12623717
0.19494827
0.20821345
0.22499777
0.35249807
0.23133999
0.33131500
0.26568048
0.17541230
0.11533618
0.38810467
0.31374487
0.21428155
0.30286615
0.26601196
0.26430719
0.27301480
0.24260068
0.28340353
0.23734828
0.23099269
0.17446335
0.28171136
0.15258907
0.17058170
0.22333079
0.25666366
0.23548430
0.33007821
0.33638636
0.30812661
0.19731262
0.24682632
0.28760644
0.20916923
0.32865441
0.34434327
0.30856762
0.13600539
0.36287741
0.29158179
0.24163214
0.25334866
0.26873654
0.31278933
0.16135350
0.21668267
0.35918650
0.30313635
0.25141536
0.21855116
0.21438090
0.25050045
0.37922965
0.26701310
0.25303363
0.40579423
0.23002533
0.22183858
0.31011028
0.37128137
0.24869648
0.37914882
0.28336388
0.45792110
0.18096263
0.20007446
0.34309315
0.25583651
0.16333189
0.08091854
0.24468602
0.22555041
0.28745228
0.29083226
0.26671576
