# NTRAJ	1000
0.71726876
0.87947070
0.72329563
0.82382551
0.67586863
0.33786710
0.95773178
0.59587896
0.71037208
0.49235005
0.54235601
0.54195524
0.71407892
0.45934665
0.40923535
0.84275658
0.71842267
0.39035752
0.48863540
0.85295400
0.77166174
0.34552915
0.94395964
0.61621510
0.88118092
0.80415708
0.55761895
0.70710882
0.96399378
0.39428477
0.52150577
0.62891542
0.35050401
0.54366604
0.77704569
0.80929638
0.57777935
0.57699818
0.66252273
0.50003689
0.79455659
0.57465132
0.78803912
0.77202851
0.50261138
0.82974036
0.68063047
0.65057734
0.41109674
0.59386194
0.35389014
0.84464306
0.81239149
0.92726993
0.51678209
0.52066550
0.25420493
0.59625888
0.40653580
0.96389408
0.46602152
0.80328766
0.46531474
0.81195557
0.40431776
0.69098383
0.44308163
0.95329414
0.49856960
0.88916408
0.53563703
0.41825883
0.70169201
0.50259219
0.54687564
0.83516496
0.65349824
0.88136862
0.61559640
0.39170150
0.60569418
0.63185174
0.67116140
0.58673827
0.70193773
0.61452850
0.68557279
0.61590552
0.48074301
0.65677073
0.41958913
0.37795706
0.32855735
0.71255405
0.75290349
0.33102329
0.70204257
0.73689519
0.80293390
0.76895640
0.57340604
0.34219215
0.65420891
0.29352930
0.82056675
0.49931173
0.53744470
0.52821422
0.71260748
0.75631248
0.92529180
0.48379052
0.90426913
0.40948436
0.78781565
0.78626216
0.53625913
0.75625795
0.54530158
0.51512461
0.92214503
0.63921680
0.97909011
0.54590663
0.53427886
0.76491285
0.75412598
0.93449778
0.45158612
0.51834914
0.61495941
0.40239996
0.47141620
0.41759426
0.82717542
0.78827375
0.55719995
0.95270643
0.46333434
0.85615247
0.47280988
0.46909694
0.77582660
0.65163897
0.54186545
0.89889760
0.70362505
0.64738413
0.82179882
0.89663888
0.83803616
0.72875630
0.82074451
0.76038763
0.88142695
0.76364205
0.47729423
0.61924177
0.45623261
0.85255852
0.39660762
0.77658106
0.84333541
0.39481637
0.93496869
0.75274688
0.90116194
0.82914124
0.42560141
0.69244386
0.38818087
0.80134960
0.54240896
0.41897260
0.80869181
0.76889985
0.53784095
0.31016813
0.83148911
0.69093095
0.85776985
0.68860134
0.87837229
0.74398749
0.35623721
0.66886012
0.58510855
0.79744093
0.55410633
0.86788660
0.68416857
0.90897498
0.56943085
0.63568888
0.43844483
0.92634251
0.35363592
0.84860799
0.83760729
0.84307723
0.46928996
0.84201380
0.58101712
0.66979084
0.47271702
0.92052947
0.83822004
0.29801753
0.90365638
0.96364513
0.58251494
0.89182035
0.76208312
0.53423619
0.65990897
0.72518423
0.93980529
0.46458271
0.37020195
0.80635641
0.95794553
0.55520320
0.55095044
0.49450160
0.86709596
0.75968525
0.76982157
0.59271113
0.74538480
0.68985017
0.75719175
0.60002316
0.86485860
0.74729534
0.84270053
0.47987077
0.52503686
0.67357043
0.76181720
0.46304840
0.93514339
0.60112594
0.75175907
0.59778884
0.92866261
0.77544590
0.75404432
0.43539903
0.82787363
0.82121154
0.93005435
0.55730793
0.49182862
0.67414105
0.45301561
0.82569667
0.28440704
0.42700490
0.72968716
0.38235714
0.76563379
0.82784338
0.58941247
0.82936968
0.53687465
0.72445387
0.62458150
0.58981518
0.85702522
0.77581176
0.59979767
0.43659267
0.64320728
0.38175509
0.95089294
0.75793511
0.36134089
0.61137932
0.86455277
0.39917658
0.61917081
0.55971322
0.84306313
0.92822207
0.33543624
0.26957967
0.95443145
0.44726613
0.43287318
0.51582820
0.37053374
0.59241047
0.84847683
0.78871754
0.72768109
0.85306324
0.46107593
0.90204637
0.81452006
0.78153210
0.46343088
0.95728052
0.61322234
0.93213550
0.81128608
0.93283900
0.39311535
0.47535605
0.91426335
0.74552917
0.44957015
0.73729748
0.83087967
0.63847907
0.74233233
0.49103458
0.60105693
0.96928443
0.86546643
0.60529398
0.86494761
0.74074605
0.84250486
0.34418856
0.73024215
0.41520858
0.61531422
0.43637471
0.64347348
0.94209663
0.79608023
0.56821781
0.33584842
0.60660947
0.41884797
0.75261349
0.55843736
0.46561316
0.40125371
0.60556286
0.54038293
0.94205775
0.68007759
0.50623385
0.86168120
0.34107674
0.72521224
0.77943306
0.33940931
0.41479470
0.31554101
0.75301082
0.93392718
0.85690635
0.43864643
0.96048007
0.57596662
0.89652428
0.48128083
0.50074198
0.76240259
0.42979567
0.60050403
0.74978452
0.40094186
0.63186240
0.49346356
0.41405622
0.54074900
0.70506432
0.95455783
0.52486890
0.75924443
0.34384853
0.89301281
0.32899341
0.80932739
0.69233138
0.66022127
0.72677709
0.85127197
0.87636997
0.81472097
0.23703776
0.27690701
0.74294644
0.77069950
0.55645919
0.62558849
0.75904266
0.89065321
0.90977793
0.78379865
0.43735108
0.24939754
0.57803012
0.64486032
0.51630284
0.51750557
0.59929006
0.90558327
0.62001501
0.88222988
0.95697133
0.72036172
0.93646586
0.72917836
0.43126567
0.78571148
0.90192469
0.35925481
0.21763486
0.80361320
0.80689532
0.78941221
0.95866444
0.53908947
0.91764856
0.90314319
0.46610145
0.73909484
0.58098201
0.60776011
0.44589424
0.89386181
0.70046955
0.72780248
0.80969288
0.71617619
0.48647922
0.89026126
0.73430672
0.71024317
0.36001072
0.77455277
0.32739812
0.90419977
0.89123212
0.36261001
0.82269534
0.48103997
0.64308363
0.76091130
0.71818005
0.60449540
0.48710638
0.90597311
0.83470447
0.44316107
0.88881804
0.69535369
0.60060888
0.56955658
0.35567189
0.68614606
0.94278303
0.55850435
0.63009632
0.49784227
0.88376987
0.69804284
0.85151796
0.95788597
0.69777131
0.52788449
0.50969703
0.88096629
0.71362841
0.65736971
0.47694960
0.75079686
0.51745778
0.62713099
0.72321786
0.84754640
0.42629082
0.43783616
0.75812394
0.57848631
0.58068908
0.38807215
0.47962633
0.90117590
0.71070656
0.63101776
0.89342862
0.66477888
0.76823698
0.89823642
0.55210617
0.87232118
0.86470099
0.91574781
0.43113784
0.74932317
0.72743271
0.30869855
0.94222786
0.69892943
0.78627312
0.68752117
0.45739111
0.31985426
0.81948473
0.75136103
0.51897548
0.87901031
0.90954032
0.42961412
0.57827732
0.52758258
0.78344678
0.92996197
0.92308206
0.47360502
0.59153249
0.26676756
0.44741774
0.87560329
0.30656932
0.22187825
0.67802033
0.78309015
0.35219989
0.47124503
0.35988072
0.40142150
0.54928614
0.91360896
0.57554359
0.39517308
0.79392982
0.46105653
0.82936941
0.90948787
0.59870357
0.63551168
0.83540080
0.90852810
0.81117990
0.65956398
0.89318031
0.83566163
0.80363893
0.46226652
0.68651547
0.93157178
0.40640636
0.72292091
0.68680319
0.44632988
0.60438265
0.74034961
0.60054897
0.39095394
0.81105060
0.85926695
0.57793812
0.67435984
0.68221125
0.80492097
0.69277567
0.87535347
0.79701893
0.41720665
0.36038706
0.65237912
0.71272903
0.69706318
0.43720285
0.40276061
0.42422948
0.73123448
0.71590112
0.92710503
0.82463797
0.91676634
0.49174349
0.50409156
0.27251282
0.26895243
0.42656242
0.73148735
0.56359870
0.83320927
0.57682984
0.54766922
0.84707018
0.96103399
0.36968332
0.70004167
0.50461235
0.66636528
0.57668961
0.65270311
0.70438436
0.80902595
0.72113515
0.68808305
0.75844689
0.90751874
0.64516619
0.91355918
0.43932020
0.86466061
0.25369222
0.92937994
0.58852655
0.58203193
0.76339563
0.61997784
0.67588143
0.87408756
0.47133019
0.53416777
0.48029354
0.38620040
0.91054917
0.73202451
0.48789074
0.69605997
0.42303981
0.84702646
0.94372084
0.61582624
0.79831271
0.82107828
0.64599580
0.48418918
0.34598674
0.90823147
0.78671280
0.50157916
0.51913372
0.46075459
0.64229557
0.78259477
0.78992280
0.28020402
0.81634696
0.54233107
0.95417662
0.35115088
0.50599493
0.50489317
0.36448261
0.74521281
0.85956754
0.73465864
0.42909347
0.84084135
0.68160742
0.87451393
0.88810688
0.86331234
0.37465369
0.69302651
0.79062713
0.80998254
0.70825267
0.79551546
0.73372720
0.33502168
0.58201113
0.51436079
0.35821854
0.54575888
0.92776320
0.42887262
0.45407354
0.90140991
0.93656916
0.56618162
0.77379256
0.48660566
0.80605226
0.48071828
0.89381501
0.51675485
0.86736710
0.88600518
0.52765227
0.84740676
0.63358012
0.61482105
0.29299132
0.65021264
0.87995907
0.59145201
0.48540860
0.73344519
0.62465821
0.47866177
0.44181328
0.87241826
0.42350175
0.49164168
0.87084395
0.74308824
0.57756572
0.92211232
0.88419336
0.84403635
0.75569965
0.71851350
0.45223916
0.85458600
0.67183853
0.46756339
0.85030898
0.67151478
0.68593047
0.75086890
0.85180248
0.60334958
0.44796276
0.95684550
0.56963031
0.58423740
0.57287111
0.83882667
0.52857769
0.71572436
0.43489836
0.66022608
0.82273869
0.94543919
0.88403410
0.46996186
0.50606854
0.53458785
0.54020579
0.75198048
0.80562429
0.85571792
0.43216648
0.88106323
0.54243621
0.53569378
0.38721256
0.79282615
0.56384928
0.75660342
0.90717344
0.84516763
0.41214224
0.39583685
0.64538268
0.79868693
0.45874680
0.72913819
0.54727363
0.31974920
0.54664047
0.69553631
0.53490084
0.24450065
0.61116273
0.40089700
0.91402181
0.81291448
0.54444967
0.29592423
0.62913812
0.83685738
0.80179490
0.34382037
0.91582820
0.55088323
0.68234651
0.76906108
0.76624975
0.54994899
0.81996097
0.86629427
0.80806957
0.44542497
0.87303776
0.53298114
0.72400398
0.66877035
0.76768492
0.80187684
0.61276688
0.85319334
0.53690448
0.51891353
0.44108795
0.51644121
0.75340715
0.79861918
0.92008491
0.53482556
0.83833951
0.28452844
0.50514989
0.85839907
0.56384321
0.84240087
0.32944722
0.35227976
0.72425811
0.73177522
0.82739817
0.61196270
0.71525090
0.67549350
0.43531261
0.91592520
0.60745166
0.69352472
0.48058698
0.91628603
0.35785524
0.89716960
0.27616937
0.55456048
0.80195593
0.67091307
0.59335677
0.42698108
0.45188370
0.50118444
0.52616141
0.32837076
0.35448036
0.63281600
0.33785631
0.64128399
0.64077098
0.66504185
0.39088308
0.67432984
0.72681655
0.58444280
0.49041718
0.50904123
0.37476387
0.80007247
0.61647783
0.28558414
0.46802638
0.55115320
0.83892369
0.43764011
0.49606426
0.45980017
0.75592644
0.86604695
0.58050189
0.70655951
0.33280753
0.64345100
0.54263137
0.56811186
0.43484846
0.88657417
0.72064535
0.89460073
0.51281431
0.86495350
0.83982543
0.68561973
0.94196983
0.56273359
0.51454955
0.77829445
0.47527953
0.79986315
0.49793565
0.79811146
0.36190324
0.54385293
0.54496071
0.85209414
0.48801480
0.41489761
0.51298243
0.42270357
0.86313560
0.91211548
0.35968389
0.75282139
0.44681800
0.52445439
0.75976657
0.49663096
0.47319562
0.72615990
0.74068162
0.96211275
0.30160927
0.72095465
0.85783804
0.73114012
0.48919990
0.31906713
0.81938252
0.54556553
0.75329687
0.47401278
0.29904052
0.60073687
0.49222212
0.97355806
0.81154495
0.79647413
0.80462018
0.29358539
0.88508506
0.79667799
0.93380419
0.49675310
0.63348714
0.80132297
0.33251636
0.70928125
0.67284671
0.74788300
0.84225287
0.86211075
0.89256686
0.94506110
0.57537955
0.68291652
0.82842554
0.70223499
0.67123130
0.41720778
0.82720853
0.54523180
0.82236221
0.87913221
0.83072515
0.52090066
0.64043953
0.37239318
0.42091445
0.84293536
0.91630552
0.71870332
0.70752061
0.73490542
0.80154784
0.71910064
0.71565492
0.61545115
0.55575955
0.74813970
0.83004243
0.60685253
0.44452713
0.78848110
0.75411729
0.80290870
0.22556769
0.45007239
0.89345919
0.50307843
0.80463931
0.49646054
0.85482946
0.83510670
0.72251782
0.68332504
0.65745037
0.70622410
0.66605275
0.82883278
0.95694525
0.52617476
0.82552845
0.41613468
0.90301526
0.87619697
0.59104445
0.77891822
0.37551700
0.62281783
0.77213841
0.92305592
0.58795571
0.53442802
0.66130905
0.73981603
0.37791058
0.82357982
0.85641215
0.85828384
0.73895855
0.70924942
0.52708069
0.58888107
0.57506821
0.89523569
0.82772960
0.96627782
0.55811396
0.86271633
0.62226168
