0.33200089
0.38721708
0.46178853
0.38721708
0.38721708
0.38721708
0.38721708
0.51377913
0.09702640
0.38721708
0.38721708
0.51069675
0.40467639
0.81501931
0.43408679
0.87213580
0.38721708
0.38721708
0.49004118
0.38721708
0.38721708
0.84060882
0.38721708
0.61838772
0.38721708
0.28245053
0.38721708
0.38721708
0.38721708
0.32019149
0.38721708
0.99999623
0.38721708
0.17641812
0.51906379
0.38721708
0.38721708
0.82560236
0.38721708
0.92906632
0.38721708
0.38721708
0.98537767
0.38721708
0.93812441
0.38721708
0.49350907
0.38721708
1.00000000
0.38721708
0.38721708
0.38721708
0.96347680
0.38721708
0.97828364
0.38721708
0.38721708
0.38721708
0.49470773
0.38721708
0.60570196
0.93268358
0.10493355
0.38721708
0.38721708
0.13780781
0.83496128
0.99975687
0.88567589
0.99950535
0.52086076
0.38721708
0.38721708
0.38721708
0.55419621
0.38721708
0.38721708
0.38721708
0.38721708
0.89532021
0.38721708
0.92230299
0.38721708
0.11310618
0.49441068
0.33938228
0.37877375
0.66053595
0.22404778
0.58877747
0.75210540
0.39911723
0.99973022
0.38721708
0.38721708
0.74217746
0.38721708
0.51617743
0.44660527
0.38721708
0.38721708
0.38721708
0.99862286
0.38721708
0.88778608
0.38721708
0.45880435
0.99943567
0.21652458
0.44751337
0.21903709
0.38721708
0.38721708
0.24140367
0.67928787
0.99998287
0.38721708
0.99564517
0.86599885
0.29342033
0.21299990
0.42439132
0.38721708
0.96833572
0.38721708
0.38721708
0.65162901
0.39977828
0.97342593
0.52447648
0.48868411
0.52040793
0.30025168
0.46986121
0.47634391
0.91948740
0.85525627
0.38721708
0.27827863
0.38721708
0.71710136
0.38721708
0.38721708
0.97967984
0.38721708
0.44324501
0.48590069
0.51699752
0.38721708
0.99999984
0.38721708
0.50672290
0.77345960
0.53373524
0.12895620
0.38721708
0.28850489
0.38721708
0.99999928
0.99943567
0.38721708
0.82830601
0.38721708
0.38721708
0.38721708
0.38721708
0.22454772
0.27313783
0.38721708
0.13408473
0.38721708
0.24727825
0.16200586
0.76503639
0.38721708
0.38721708
0.16299977
0.38721708
0.38721708
0.95045618
0.45763604
0.38721708
0.42143713
0.99815709
0.37187628
0.46064990
0.38721708
0.48090442
0.38721708
0.27454437
0.99845569
0.38721708
0.38721708
0.84232400
0.45842391
0.38721708
0.59896317
0.51773874
0.44007388
0.33800692
0.38721708
1.00000000
0.38721708
0.33488871
0.51878655
0.38721708
0.22853936
0.44145854
0.38721708
0.38721708
0.30459868
0.29951582
0.38721708
0.46908471
0.38721708
0.49350907
0.38721708
0.34820527
0.52089629
0.87773455
0.38721708
0.45692956
0.24016136
0.38721708
0.38721708
0.38721708
0.38721708
0.99929356
0.85321365
0.99997388
0.38721708
0.99999997
0.77084447
0.85848986
0.38721708
0.38162759
0.38721708
0.46859429
0.39000966
0.38721708
0.99999999
0.46133445
0.69273942
0.76768574
0.87810248
0.94661669
0.50054505
0.38721708
0.96498384
0.10464374
0.38721708
0.38721708
0.38721708
0.99999607
0.52069758
0.38721708
0.38721708
0.97174907
0.38721708
0.35066096
0.38721708
0.38721708
0.15168249
0.38721708
0.98668805
0.99962486
0.99821611
0.97189150
0.81031006
0.09887588
0.38721708
0.85687839
0.99435687
0.99998679
0.38721708
0.50269165
0.38721708
0.99038954
0.58809519
0.98767470
0.38721708
0.50683045
0.38721708
0.38721708
0.38721708
0.99484210
0.42873511
0.51986803
0.99874648
0.38721708
0.34978579
0.76183678
0.38721708
0.99862286
0.98759453
0.38721708
0.19021386
0.47316018
0.88389920
0.38721708
0.84317761
0.37480097
0.38721708
0.30768189
0.42902097
0.38721708
0.38721708
0.68970504
0.10379446
0.99999623
0.50628850
0.38721708
0.96755831
0.38721708
0.38721708
0.38721708
0.38721708
0.99999902
0.38721708
0.09952480
0.38721708
0.51272297
0.51069675
0.38721708
0.49259175
0.38721708
0.90476617
0.38721708
0.38721708
0.51953553
0.99792807
0.99065476
0.43035239
0.38721708
0.38721708
0.73826416
0.38721708
0.91156690
0.38721708
0.99711271
0.38721708
0.88813547
0.40402940
0.38721708
0.38721708
0.10800716
0.99978145
0.38721708
0.10684339
0.96157634
0.38721708
0.39308345
0.31335257
0.38721708
0.38721708
0.38721708
0.99999357
0.41353751
0.32489676
0.38721708
0.20491724
0.11640500
0.99770200
0.38721708
0.99999357
0.49920002
0.16327117
0.97423819
0.09959509
1.00000000
0.38721708
0.38721708
0.99999891
0.99664131
0.52088994
0.93242922
0.88282525
0.38721708
0.96086914
0.47575572
0.25019930
0.40061760
0.50823908
0.38721708
0.64520794
0.38721708
0.51950344
0.87137800
0.92721205
0.20086548
0.43100893
0.99825467
0.99770200
0.60972489
0.46880658
0.86985441
0.44245848
0.48942018
0.38721708
0.38721708
0.38721708
0.38721708
0.38721708
0.85198008
0.17401961
0.78018567
0.92423627
0.96192671
0.25648916
0.99904348
0.19528746
0.38721708
0.38721708
0.14637884
0.42812775
0.38721708
0.39167448
0.09866908
0.38721708
0.38721708
0.38721708
0.29432406
0.38721708
0.30983614
0.38721708
0.38721708
0.38721708
0.38721708
0.37228288
0.46360611
0.24513101
0.51763766
0.36855331
0.38721708
0.14257900
0.99735525
0.38721708
0.38721708
0.26462951
0.38721708
0.54505823
0.24091224
0.88917966
0.38721708
0.38721708
0.38721708
0.38721708
0.31852254
0.51840159
0.39878600
0.34693693
0.38721708
0.38721708
0.38721708
0.12890197
0.98501342
0.38721708
0.38721708
0.38721708
0.37077184
0.38721708
0.38721708
0.51249770
0.38721708
0.38721708
0.83496128
0.99811693
0.38721708
0.82785705
0.38721708
0.24874016
0.09451692
0.50928516
0.47214165
0.38721708
0.38721708
0.97606679
0.46042080
0.93568795
0.38721708
0.31809409
0.38721708
0.25937347
0.38721708
0.38721708
0.99995504
0.43257595
0.29251498
0.99941921
0.38721708
0.38721708
0.33856932
0.90727544
0.38721708
0.42143713
0.38721708
0.58809519
0.98775450
0.38721708
0.97743921
0.88210596
0.82150248
0.29070282
0.95547995
0.18767758
0.38721708
0.79529921
0.38721708
0.38721708
0.38721708
0.99973934
0.47111186
0.51610840
0.50712203
0.38721708
0.38721708
0.83801617
0.38721708
0.38721708
0.38721708
0.38721708
0.38721708
0.47922440
0.38721708
0.38721708
0.98057518
0.96755831
0.52078349
0.51025888
0.38721708
0.46133445
0.50293606
0.38721708
0.48618283
0.99541465
0.38721708
0.50983350
0.99857421
0.28842094
0.81125712
0.38721708
0.38721708
0.38721708
0.38721708
0.23499348
0.83583741
0.46269124
0.51947016
0.38721708
0.51962967
0.25504251
0.38721708
0.38721708
0.99880505
0.46723959
0.38721708
0.38721708
0.95391094
0.38721708
0.38721708
0.89929560
0.51331768
0.42590206
0.38721708
0.38721708
0.38721708
0.43873289
0.38721708
0.38721708
0.50674018
0.38721708
0.44007388
0.99945968
0.50435098
0.98144266
0.38721708
0.71476611
0.27266824
0.38721708
0.38721708
0.99881937
0.38721708
0.38721708
0.38721708
1.00000000
0.11472919
0.50986107
0.88602924
0.38721708
0.38721708
0.51292183
0.99999999
0.33577641
0.49176974
0.38721708
0.38721708
0.95489580
0.99991253
0.38721708
0.37949001
0.51966034
0.94855998
0.99942749
0.38721708
0.99994371
0.56744621
0.99676414
0.38721708
0.38721708
0.38721708
0.38721708
0.29069942
0.99790624
0.38759272
0.38721708
0.51338160
0.82424165
0.38091693
0.99956826
0.99501073
0.38721708
0.38721708
0.21451145
0.99996545
0.38721708
0.38721708
0.99999918
0.38721708
0.76874113
0.74936723
0.90665202
0.38721708
0.38721708
0.38721708
0.99601031
0.44532210
0.38721708
0.16200586
0.38721708
0.99313139
0.38721708
0.44810713
0.96227492
0.98941871
0.38721708
0.97990631
1.00000000
0.99999996
0.61705981
0.38897664
0.38721708
0.75807590
0.99917026
0.38721708
0.78528708
0.38721708
0.50459912
0.38721708
0.38721708
0.66871857
0.46110672
0.38721708
0.38721708
0.24434626
0.38721708
0.38721708
0.44402739
0.97792447
0.38721708
0.38721708
0.99999773
0.38721708
0.82964895
0.16759335
0.38721708
0.56675207
0.93764198
0.53231417
0.38721708
0.51694103
0.38721708
0.25359292
0.68482203
0.46447481
0.38721708
0.22749370
0.40272980
0.63873870
0.38721708
0.52035359
1.00000000
0.38721708
0.38721708
0.38721708
0.98573563
0.99579405
0.99999981
0.95547995
0.38721708
0.38721708
0.32699951
0.38721708
0.38721708
0.47789270
0.38721708
0.38721708
0.38721708
0.38721708
0.38721708
0.88743604
0.99894245
0.38721708
0.50207315
0.38721708
0.38721708
0.72863979
0.98482892
0.38721708
0.34693693
0.38721708
0.38721708
0.99727616
0.66053595
0.47316018
0.38721708
0.23795775
0.99999451
0.99972086
0.53444531
0.98860825
0.38721708
0.38721708
0.38721708
0.38721708
0.38721708
0.98378546
0.99999985
0.38721708
0.36216574
0.38721708
0.30504040
0.61373231
0.51301888
0.38721708
0.76715711
0.38721708
0.29363680
0.51977947
0.85239194
0.31500984
0.89632292
0.36102515
0.38721708
0.38721708
0.99354267
0.22749370
0.51826612
1.00000000
0.38721708
0.38721708
0.93519335
0.99058896
0.38721708
0.70592824
0.75861501
0.99702831
0.40109475
0.38721708
0.38721708
0.40657523
0.90539739
0.98934679
0.38721708
0.52048598
0.38721708
0.51835683
0.62500051
0.99980765
0.38721708
0.32447488
0.47054735
0.32612210
0.50661494
0.45842391
0.39812214
0.11768518
0.42816200
0.48632373
0.37377477
0.38721708
0.96465264
0.99583068
0.38721708
0.38721708
0.95469996
0.38721708
0.38721708
0.45478541
0.38721708
0.38721708
0.99998846
0.38721708
0.38721708
0.38721708
0.38721708
0.38721708
0.98309580
0.99398366
0.83231700
0.45692956
0.38721708
0.38721708
0.94748621
0.38721708
0.77450128
0.23598263
0.38721708
0.38721708
0.32783752
0.38721708
0.98426582
0.99505225
0.38721708
0.38721708
0.30193952
0.38721708
0.99374147
0.38721708
0.97059185
0.38721708
0.18463565
0.87551299
0.23647681
0.09479499
0.38721708
0.97555377
0.51042194
0.24532479
0.14840385
0.38721708
0.38721708
0.38721708
0.38721708
0.31722962
0.49133266
0.50702701
0.99998541
0.38721708
0.99999984
0.38721708
0.38721708
0.38721708
0.25310907
0.51400431
0.38721708
0.38721708
0.48302676
0.28567363
0.86947185
0.83098594
0.38721708
0.99980042
0.51534490
0.13424838
0.38721708
0.38721708
0.38721708
0.38721708
0.17704599
0.38721708
0.20748055
0.34619232
0.34382123
0.38721708
0.38721708
0.99492693
0.38721708
0.09748937
0.48963654
0.51886774
0.34221341
0.38721708
0.99857421
0.38721708
0.38721708
0.82104365
0.11431841
0.56327592
0.51069675
0.38721708
0.38721708
0.65290737
0.83931548
0.38721708
0.38721708
0.33324121
0.96660845
0.38721708
0.38721708
1.00000000
0.21569643
0.09460555
0.16101356
0.31937812
0.35370507
0.97581122
0.38721708
0.89295757
0.99999999
0.38721708
0.38721708
0.38721708
0.45926848
0.38721708
0.48317252
0.99994771
0.99999848
0.99957485
0.38721708
0.38721708
0.38721708
0.26033221
0.99453701
0.13244563
0.89261742
0.38721708
0.38721708
0.38721708
0.38721708
0.97756121
0.38721708
0.38721708
0.99999750
0.99065476
0.38721708
0.99719532
0.38721708
0.49641174
0.99958137
0.46957381
0.51123511
0.38721708
0.38721708
0.38721708
0.14330028
0.94417704
0.99999773
0.99989597
0.38721708
0.38721708
0.91004878
0.96481850
0.40136252
0.38721708
0.38721708
0.38721708
0.38721708
0.51075917
0.38721708
0.99992697
0.38721708
0.38721708
0.10458792
0.38721708
0.93140562
0.99926414
0.41996210
0.26232927
0.89363590
0.93788350
0.38721708
0.99318381
0.97315132
0.38721708
0.38721708
0.92062124
0.18058438
0.38721708
0.50645071
0.84360342
1.00000000
0.38721708
0.37004510
0.38721708
0.38721708
0.38721708
0.38721708
0.11857110
0.38721708
0.38721708
0.81966324
0.38721708
0.38721708
0.38721708
0.38721708
0.38721708
0.38721708
0.38721708
0.38721708
0.38721708
