0.39161344
0.12032728
0.19574642
0.26987400
0.24885272
0.29502921
0.40241677
0.14964089
0.14277117
0.46940789
0.32940553
0.25110303
0.42752887
0.41535867
0.09988838
0.32310106
0.23574100
0.44566389
0.39703865
0.42522594
0.35990285
0.35705214
0.36600664
0.17663120
0.26338713
0.29204887
0.30191022
0.32692033
0.13689580
0.24940100
0.29016577
0.28253872
0.29428198
0.45771596
0.23851541
0.26117987
0.33228887
0.28821431
0.30528733
0.15847021
0.22798547
0.30423518
0.40668920
0.40662235
0.27061588
0.31513764
0.23143887
0.22216493
0.25575712
0.24276513
0.27367323
0.20891237
0.27641591
0.22221063
0.32895227
0.36098672
0.40158273
0.30147189
0.25272651
0.33585461
0.32824725
0.33410820
0.26744638
0.13631185
0.33907789
0.43179288
0.26951812
0.39050511
0.23340560
0.34308312
0.44466405
0.33709288
0.28958744
0.22559191
0.28495065
0.24725506
0.39820670
0.42410214
0.33580172
0.38658035
0.24874715
0.32131575
0.16153920
0.32197315
0.35678706
0.48952243
0.24188272
0.11889494
0.32150569
0.17412636
0.22601436
0.41092977
0.23411520
0.31141007
0.46804090
0.24127132
0.37239601
0.28623274
0.25543351
0.25379359
0.25261706
0.39166961
0.24114463
0.23859049
0.33574399
0.16395668
0.40723720
0.18308300
0.17377925
0.24319928
0.19135126
0.33924296
0.29289030
0.32923585
0.39132773
0.34695058
0.28477630
0.21008562
0.23217493
0.30790976
0.26796080
0.29466486
0.39965941
0.17691436
0.31311865
0.44086161
0.22829873
0.32001554
0.24553648
0.40524621
0.24066614
0.30132630
0.30518965
0.47120164
0.38919147
0.44194672
0.37905200
0.38431182
0.26501910
0.27125036
0.24092580
0.16385163
0.24955234
0.26900532
0.36089134
0.36269744
0.16094663
0.28135970
0.21788306
0.39841079
0.21898143
0.32526694
0.33949962
0.26983341
0.36409446
0.24714422
0.32504164
0.20942321
0.28298774
0.32062312
0.40015340
0.30345390
0.25258414
0.23664779
0.30862271
0.31369278
0.21785215
0.13550727
0.19205508
0.26925199
0.22789349
0.31737140
0.44690006
0.25570441
0.46066842
0.43308920
0.34916324
0.26960152
0.39157164
0.43041064
0.23878091
0.35461006
0.31462005
0.35924933
0.34933374
0.39102323
0.24295561
0.26593878
0.23838287
0.27358155
0.29068640
0.27285948
0.27907852
0.41723407
0.40600786
0.29051908
0.28733123
0.28347899
0.07323704
0.32135444
0.24666613
0.24727099
0.28948801
0.40034312
0.39983317
0.48856537
0.26193566
0.42151996
0.24752409
0.23663497
0.40848042
0.21981056
0.15027699
0.27445996
0.50063318
0.31584119
0.34241108
0.30047559
0.28238523
0.43526573
0.33452542
0.33328714
0.34576028
0.37582179
0.46644769
0.25224278
0.16367011
0.39283822
0.27437009
0.18773709
0.22691968
0.25613435
0.29276659
0.39009417
0.29813076
0.27442748
0.29219465
0.25656821
0.32056022
0.30968704
0.29604204
0.32096987
0.38308440
0.25718322
0.39272746
0.24278496
0.44046034
0.41761152
0.21048859
0.31581081
0.26465001
0.18342347
0.33301980
0.37335405
0.38002837
0.25525736
0.34948993
0.16193225
0.32029208
0.36522798
0.31033262
0.35593038
0.26911461
0.25757675
0.38868888
0.33199421
0.27964586
0.28998184
0.34760684
0.35893336
0.41567751
0.18026452
0.37353278
0.29556311
0.23992728
0.29784926
0.28923030
0.20469321
0.30604410
0.43921015
0.37426505
0.30565477
0.22584988
0.43332778
0.23940497
0.33156401
0.31560407
0.38057383
0.43705054
0.33089674
0.26757067
0.27576316
0.25624211
0.33820301
0.24647339
0.27433322
0.29670065
0.27867074
0.29464374
0.27509373
0.23938483
0.25866067
0.29312549
0.31801340
0.25996093
0.28201913
0.26631066
0.36072421
0.24376325
0.37937476
0.25572413
0.14619554
0.21226917
0.25626471
0.32155438
0.24537925
0.46207548
0.17013254
0.18994679
0.30261385
0.27411872
0.42779164
0.10866385
0.21314236
0.24222537
0.27186772
0.29629323
0.31692724
0.29837215
0.28565843
0.30956547
0.22655170
0.36756912
0.44221808
0.30172091
0.22625919
0.27519003
0.27974019
0.30315402
0.22492387
0.31913546
0.24237691
0.15592526
0.36204510
0.33114214
0.24253914
0.24215149
0.44327852
0.20742292
0.16149480
0.19232053
0.22781224
0.30773953
0.36191811
0.19381799
0.26675322
0.38197600
0.39865078
0.38574965
0.09051098
0.35227274
0.29013747
0.28035795
0.25577484
0.26388584
0.26053886
0.19573170
0.24507461
0.26404406
0.42865456
0.35260751
0.23885496
0.28294574
0.41085830
0.33554640
0.16131669
0.44876368
0.24998729
0.28480447
0.27581735
0.30142897
0.27248085
0.32489265
0.25273506
0.21309274
0.30476075
0.24019086
0.35274564
0.18677081
0.22326487
0.30093894
0.29482049
0.36067569
0.25388855
0.26572758
0.35193955
0.30977861
0.23771446
0.15135821
0.20753065
0.28673546
0.39897049
0.31764560
0.22976963
0.37073485
0.23212777
0.27474597
0.32133523
0.38161878
0.28034592
0.40961204
0.22736765
0.14681859
0.23375204
0.20625084
0.25771131
0.21728765
0.30696074
0.26090279
0.23668729
0.35618342
0.36204414
0.33132570
0.26905493
0.21086712
0.33064849
0.32657576
0.29634118
0.36711174
0.44158853
0.25987839
0.25797198
0.21816004
0.19689943
0.40468668
0.33493407
0.26588181
0.24162211
0.32728595
0.25088849
0.22256621
0.33235202
0.22735024
0.20519577
0.21330508
0.27276229
0.26337997
0.28467851
0.29763841
0.33065070
0.34885071
0.27302558
0.25483574
0.30808307
0.17851395
0.33801147
0.21009221
0.33354599
0.24569256
0.23847205
0.24405965
0.19081123
0.22401642
0.17392460
0.24934452
0.19330177
0.17127602
0.44249415
0.16416855
0.39405633
0.31666666
0.21563090
0.24109489
0.30011791
0.36249856
0.12306925
0.23393421
0.27253174
0.25453836
0.29692851
0.28982267
0.28341447
0.39785073
0.30712938
0.15622521
0.20015706
0.12660193
0.34534830
0.36580476
0.27010108
0.21736105
0.49930284
0.32701725
0.22209288
0.26583023
0.34767177
0.33269001
0.28060339
0.27379143
0.31827892
0.24694354
0.42722382
0.30820920
0.29659231
0.31521660
0.15942788
0.25480022
0.41274143
0.15564699
0.28953552
0.30902754
0.18041395
0.30264195
0.41611635
0.28124050
0.25450481
0.20647429
0.24811428
0.36261660
0.31832063
0.28027427
0.30153589
0.32214675
0.27030055
0.30711939
0.36903176
0.35372119
0.31647356
0.31768286
0.36935860
0.31773669
0.34316822
0.29202321
0.14276349
0.40566964
0.19337415
0.26199740
0.30048991
0.44797199
0.29320281
0.22460201
0.24049045
0.25722630
0.36849021
0.34410002
0.26930440
0.26296678
0.16055318
0.40656734
0.34751859
0.28788748
0.22340419
0.27120581
0.28601223
0.40088185
0.28727572
0.36231877
0.35267975
0.36232042
0.20673608
0.30507087
0.21647926
0.30500416
0.32580473
0.23534329
0.28131412
0.12621824
0.18010337
0.21868962
0.25596328
0.43534372
0.30310089
0.21088566
0.38574986
0.37443179
0.27840188
0.29913578
0.24471186
0.33548592
0.16380707
0.18669624
0.43254512
0.33295235
0.18775551
0.16711995
0.26149989
0.47554860
0.44809954
0.33655588
0.30853269
0.28268991
0.34973202
0.34662743
0.43412724
0.26435187
0.09550001
0.23613887
0.27879460
0.25768272
0.22635811
0.16285070
0.41621406
0.24431843
0.20740544
0.26891215
0.19627664
0.21248482
0.22232753
0.23785896
0.32282453
0.07136980
0.20624082
0.15577669
0.22889393
0.25006098
0.11318274
0.29231959
0.47276226
0.31296755
0.29068826
0.28555157
0.27098149
0.28208315
0.29173591
0.33753740
0.26570356
0.25407821
0.42678153
0.29496111
0.19689531
0.23932750
0.43642005
0.46788591
0.26336731
0.23076390
0.20935129
0.26484809
0.16740228
0.20853853
0.46638840
0.23062243
0.29643808
0.19370530
0.20304619
0.29959895
0.11876538
0.28864186
0.37759921
0.27009964
0.29314489
0.31350591
0.34548622
0.25745885
0.20102056
0.28624475
0.26909074
0.46099589
0.38478700
0.26606540
0.13129140
0.44991419
0.22989147
0.32682965
0.27417022
0.35095276
0.38797000
0.20171071
0.39577487
0.25253483
0.30250674
0.37773952
0.23467689
0.06788325
0.35810459
0.37484276
0.22740887
0.29672623
0.35407766
0.30667363
0.33382913
0.32421204
0.21551469
0.28236800
0.23522556
0.27431122
0.22170665
0.31883532
0.24327133
0.22238727
0.39961870
0.40531444
0.21040937
0.27256047
0.23679866
0.31101977
0.24988777
0.34312236
0.27079012
0.21570255
0.37139062
0.36762806
0.28797445
0.24460799
0.26216108
0.20291954
0.20125644
0.30048297
0.23831750
0.31471000
0.31729684
0.32093976
0.23240279
0.17505502
0.29212818
0.19883172
0.18381240
0.34580100
0.38280043
0.24535863
0.27065983
0.20817097
0.30062501
0.36135208
0.31568769
0.36665518
0.25154795
0.26083883
0.36199327
0.26825278
0.29556844
0.24837961
0.41439021
0.23769842
0.30867149
0.31777305
0.30202644
0.23107416
0.28409061
0.15362515
0.24405354
0.28905115
0.27213024
0.35540063
0.24852087
0.33790966
0.20536992
0.23822771
0.29641628
0.31897404
0.28449909
0.17698413
0.26179920
0.26686257
0.21208272
0.31266809
0.42007224
0.23269072
0.30490355
0.34464861
0.25712274
0.26904204
0.17406980
0.29118464
0.42174119
0.30459784
0.24057759
0.37910436
0.40902624
0.23163190
0.37671531
0.22135532
0.25774109
0.26321421
0.45591703
0.25037466
0.33055618
0.25412861
0.08755089
0.39151249
0.18221160
0.41661209
0.35993003
0.28489227
0.23935021
0.25823617
0.25545113
0.33591762
0.23897334
0.29311716
0.37021565
0.31202981
0.23790833
0.27299362
0.31165075
0.21035644
0.20056086
0.30845502
0.35596789
0.33062086
0.36912178
0.25531765
0.23204522
0.23872933
0.30581900
0.35878920
0.27519408
0.15418521
0.40010510
0.32470810
0.29827833
0.26514987
0.27210733
0.31582707
0.27339637
0.31680515
0.29632010
0.27487965
0.25646553
0.35684472
0.33454884
0.23034584
0.25618879
0.27765118
0.25299190
0.24285173
0.26173785
0.24591316
0.49909085
0.16716496
0.23374375
0.30318259
0.25933288
0.34216162
0.38255821
0.39883612
0.26348905
0.27578271
0.28391339
0.12893412
0.17056800
0.26281283
0.22282573
0.26460417
0.18181212
0.23130091
0.22927516
0.31239481
0.27106543
0.23841135
0.28560668
0.39442268
0.50247696
0.27801132
0.37419693
0.22526493
0.24804715
0.24846608
0.23321103
0.22107040
0.29728322
0.28843104
0.19231089
0.23858617
0.39642724
0.28448815
0.24674428
0.41898710
0.36160265
0.36742781
0.06812109
0.24106227
0.18230708
0.19331147
0.26706750
0.22365842
0.30055759
0.08088946
0.27819154
0.30845272
0.41361711
0.22914278
0.24402153
0.17893980
0.28477730
0.24687766
0.20749341
0.32723014
0.15494442
0.25923466
0.42126639
0.31916551
0.41671341
0.45797310
0.30522172
0.13902498
0.23995305
0.19142375
0.27285137
0.19753543
0.37507111
0.30762472
0.29435978
0.41895653
0.29172594
0.38749697
0.19713431
0.23602688
0.38268123
0.25638127
0.36713773
0.16221309
0.25663023
0.35896977
0.24288661
0.23552143
0.29411931
0.40133014
0.20977872
0.22355072
0.29394697
0.13443842
0.32229391
0.27067360
0.33155065
0.40369678
0.21443538
0.33892363
0.18946429
0.23268718
0.22924504
0.36773893
0.32474340
0.36527272
0.25169996
0.35841524
0.29633751
0.27918892
0.35494321
0.14108678
0.33883136
0.22675671
0.20575181
0.37257685
0.32763405
0.45476483
0.29925150
0.24096913
0.27349077
0.39185017
0.26655342
0.24021458
0.30629879
0.26095282
0.20686545
0.32252084
0.18306681
0.11405123
0.28353824
0.13754842
0.28372437
0.28097807
0.26555643
0.36860405
0.29792413
0.11698389
0.33829476
0.27512416
0.23175083
0.35308557
0.27304886
0.11229146
0.38791310
0.40695103
0.25154447
0.27169292
0.35407538
0.22454120
0.24409395
0.22349965
0.20438388
0.17821090
0.33579221
0.23532169
0.37131914
0.33408402
0.41702624
0.42028326
0.17026370
0.25275005
0.21541478
0.36874009
0.33461390
0.26238162
0.27437755
0.44334620
0.37100833
0.31558560
0.21811551
0.18685239
0.26837134
