0.39253353
0.36432617
0.36623912
0.42654495
0.14283115
0.13772477
0.01887796
0.38431620
0.32340557
0.49648865
0.02174629
0.05418811
0.04859837
0.03511971
0.04343137
0.30258514
0.01805563
0.43790503
0.45322068
0.27440738
0.16911069
0.32894019
0.01187318
0.08502939
0.33966541
0.08953971
0.24128347
0.00816463
0.16589965
0.01531844
0.24863444
0.17767898
0.14123146
0.54725054
0.50104083
0.19153413
0.25000532
0.10884106
0.37533077
0.39909890
0.22083354
0.00001026
0.00360471
0.00393775
0.45985533
0.34112619
0.29831955
0.36849062
0.29639655
0.07185421
0.05324533
0.08816415
0.34100407
0.31268746
0.35215513
0.00941641
0.01996573
0.14142043
0.17390742
0.27164640
0.07541204
0.12491304
0.40950531
0.18486341
0.40240030
0.09809996
0.47966337
0.35997329
0.02972821
0.06140198
0.39533575
0.40261253
0.08293660
0.00073681
0.17374113
0.25655654
0.31591248
0.24828456
0.14138380
0.00813735
0.17915379
0.10182234
0.27434231
0.02716908
0.24096777
0.43908056
0.43440672
0.31320029
0.10207416
0.06811108
0.37771261
0.40671496
0.08924861
0.33700886
0.37967148
0.43037286
0.38785263
0.31639190
0.13483357
0.32933463
0.36030589
0.29721147
0.43517453
0.13789490
0.42048855
0.31433745
0.21665216
0.08241315
0.23867227
0.02691352
0.38215737
0.40870297
0.40450801
0.20237460
0.48662970
0.18178856
0.27359668
0.11353171
0.16154384
0.42004123
0.43512926
0.00492165
0.34946167
0.46852708
0.36071303
0.26899019
0.47262723
0.41323709
0.37087090
0.17168411
0.33262502
0.39312406
0.38656570
0.01557185
0.00090682
0.36023130
0.11997391
0.03473652
0.04063568
0.22974782
0.33511549
0.19356319
0.38661090
0.19620347
0.33363599
0.44418870
0.02975011
0.17019116
0.44157004
0.16128156
0.00228982
0.37301721
0.24250822
0.07732058
0.09144833
0.30127587
0.02508528
0.01249421
0.32076297
0.16038961
0.36809885
0.28780330
0.19800886
0.23739951
0.30862724
0.29615241
0.19552701
0.23290542
0.20992712
0.35688079
0.12103007
0.28621804
0.14161944
0.16401413
0.27882984
0.37549369
0.40291935
0.26745388
0.12844012
0.31277041
0.32270005
0.04093693
0.11638290
0.31874753
0.06547171
0.04676594
0.42934377
0.06957226
0.41162814
0.17145579
0.12403045
0.47250912
0.43044918
0.43639614
0.50536539
0.17578676
0.43504127
0.42726454
0.02851483
0.38492991
0.33722018
0.28955166
0.07041521
0.42527966
0.04400581
0.33787670
0.45758352
0.39886726
0.47043978
0.53572076
0.33310318
0.46895499
0.24642826
0.10991279
0.02144931
0.07277720
0.19046660
0.15421766
0.43941572
0.03258494
0.11834570
0.05410144
0.45821818
0.39661564
0.36280135
0.30520367
0.01322836
0.39058449
0.45482153
0.38492761
0.09268335
0.20034130
0.06345877
0.13795774
0.07767370
0.02977336
0.42862934
0.47442548
0.00035783
0.29638152
0.03895256
0.00011086
0.00052794
0.00225308
0.30661006
0.25645583
0.10159493
0.46936704
0.02007373
0.31554156
0.27916358
0.41184175
0.00321028
0.14542357
0.50589313
0.31102009
0.02731160
0.13731155
0.08790678
0.22630734
0.34862087
0.04551727
0.17648751
0.51798651
0.38716404
0.16843168
0.48025547
0.19445915
0.04191395
0.53414353
0.38854658
0.22309163
0.22208203
0.29238294
0.13427828
0.34842191
0.01244121
0.44670376
0.17192201
0.31629645
0.14384548
0.18862655
0.00629650
0.43346298
0.02742871
0.00240874
0.42311171
0.18358762
0.28160098
0.02318106
0.46506843
0.37602966
0.41139107
0.23591417
0.23492162
0.41430309
0.39584960
0.41496885
0.28510804
0.44136703
0.43827994
0.18409611
0.27848487
0.29357312
0.46218138
0.47199472
0.33782539
0.10029120
0.00266047
0.17665302
0.43019910
0.12098583
0.47435332
0.38849826
0.20709454
0.39219572
0.38272035
0.19459384
0.36126898
0.00001173
0.01108527
0.39510631
0.18022529
0.01112971
0.12174615
0.18400858
0.52557437
0.00824769
0.48000425
0.45177269
0.37247330
0.10779169
0.35102788
0.03950896
0.11878469
0.38653840
0.50811923
0.31129361
0.17625979
0.47355373
0.10758917
0.32644552
0.22826034
0.16271070
0.38652834
0.01223793
0.17588040
0.08485057
0.29747725
0.26787124
0.44053883
0.03565145
0.09177785
0.42102008
0.22251372
0.20406585
0.45894448
0.20185507
0.40421131
0.11511032
0.10652436
0.01462673
0.31488910
0.29130148
0.06559422
0.07911466
0.50546503
0.34046904
0.30135440
0.49464067
0.01437476
0.02246704
0.46304008
0.34925332
0.03625291
0.02682728
0.39432424
0.24676240
0.12612266
0.06165595
0.30493115
0.47497959
0.21336681
0.44735487
0.42539710
0.22844903
0.50110421
0.00582948
0.38788333
0.00321810
0.11659492
0.42045835
0.26277633
0.35259978
0.28938704
0.43478586
0.39570476
0.40667933
0.55052740
0.18496720
0.07613501
0.43157612
0.05040289
0.23787876
0.00002307
0.00138007
0.43540248
0.31376942
0.32547565
0.33208443
0.16057194
0.00555453
0.10377336
0.42704981
0.20475349
0.13190436
0.12775829
0.21324221
0.31563738
0.37815340
0.29951367
0.30830639
0.15500599
0.00131854
0.23715252
0.45206720
0.00020962
0.18974927
0.13640926
0.38197014
0.10788014
0.01194320
0.25046202
0.44481570
0.05380622
0.46755533
0.51791566
0.34809267
0.24724604
0.37537075
0.00118156
0.45131478
0.08885680
0.20209045
0.29183969
0.03597070
0.37888627
0.07569377
0.00130236
0.41830697
0.27894048
0.00505855
0.11729077
0.40195169
0.33227970
0.37969006
0.40616947
0.22695918
0.21063457
0.37659332
0.10079213
0.46659042
0.28930568
0.22664145
0.16126498
0.39811468
0.38348158
0.00915270
0.51539495
0.47534781
0.02835707
0.37038436
0.24682562
0.16584815
0.37559091
0.40342029
0.33384029
0.22593121
0.06427310
0.34119239
0.31558885
0.00825524
0.07372814
0.42428928
0.19807861
0.06246321
0.25478798
0.48786725
0.42935298
0.37614226
0.15325843
0.22153731
0.07629367
0.45706726
0.01899446
0.11419880
0.32884829
0.33629513
0.09999648
0.38217330
0.36359341
0.34426414
0.37576561
0.32338215
0.00078950
0.18910590
0.44293871
0.40142037
0.33615291
0.17933672
0.13235838
0.31592072
0.12450602
0.11280593
0.00531231
0.16424779
0.47626543
0.00055964
0.14168236
0.48067807
0.29306992
0.50495397
0.40706797
0.26923014
0.32079142
0.30540485
0.29907454
0.23229524
0.33663352
0.16189313
0.38605071
0.15215112
0.18762033
0.50057094
0.33712553
0.07067606
0.12266708
0.19185028
0.46787065
0.07647874
0.14659222
0.09479361
0.18117805
0.37440045
0.26405472
0.28765191
0.42303628
0.09537170
0.15095396
0.01522860
0.22259237
0.49701605
0.30157038
0.00042127
0.01659141
0.28482552
0.20542413
0.14486270
0.30527316
0.09458003
0.35180840
0.51029601
0.39693021
0.13657318
0.21349640
0.23384393
0.45302762
0.45922755
0.01731894
0.01928168
0.12674456
0.16710183
0.16633086
0.42387379
0.16771852
0.06434945
0.21515683
0.07288429
0.08895063
0.10088826
0.23449580
0.32028606
0.00000004
0.32300229
0.01014430
0.37208391
0.36334529
0.32899150
0.04636040
0.16705346
0.38995849
0.47703164
0.34369861
0.29158841
0.12374265
0.00275541
0.32732451
0.43918475
0.34942814
0.37108614
0.36969746
0.35186855
0.27971677
0.51385245
0.09164328
0.42001810
0.28892606
0.22849806
0.28664677
0.28982782
0.07869447
0.05480889
0.06205288
0.20910810
0.24768672
0.39896131
0.02412617
0.36005881
0.21837200
0.15100766
0.26546478
0.05491935
0.40435833
0.43408614
0.43498861
0.23338574
0.04304148
0.00311475
0.07824325
0.29782673
0.42530356
0.46459701
0.39595231
0.00676640
0.34764630
0.55555672
0.17324516
0.45240473
0.38580028
0.35020669
0.40663374
0.45306929
0.34965650
0.00735526
0.44296864
0.47184729
0.46537295
0.28594683
0.02128930
0.30221465
0.29244767
0.35516455
0.26934451
0.08500229
0.10344674
0.52618913
0.39215031
0.27488657
0.32064884
0.16786560
0.44378922
0.10923364
0.01124916
0.43658038
0.39768369
0.03610727
0.01447001
0.14461357
0.18617960
0.17007017
0.27344055
0.23800603
0.21007026
0.39467196
0.11068216
0.35472879
0.24028742
0.39768396
0.21207747
0.00370545
0.17380940
0.43015541
0.30455446
0.03512961
0.38673933
0.10009548
0.36439040
0.38489155
0.21416843
0.11524458
0.38281640
0.00839535
0.31350338
0.51594686
0.05788261
0.18010222
0.03194950
0.17576407
0.04936236
0.06431988
0.20062179
0.00108114
0.52472925
0.23439888
0.23273875
0.38057551
0.17540454
0.34509905
0.13652684
0.29981509
0.14695024
0.41225825
0.39568206
0.00295270
0.22838783
0.36947384
0.37296681
0.00021230
0.24822254
0.15984870
0.01371948
0.24322330
0.33378966
0.15656862
0.46577535
0.08764991
0.42366274
0.21040684
0.04936762
0.11116541
0.12729158
0.33037627
0.42415284
0.38461938
0.28291881
0.44349522
0.00048311
0.38517032
0.27440237
0.18377159
0.40596860
0.04760787
0.35257157
0.11719463
0.14273273
0.35267825
0.29656401
0.28358014
0.00783073
0.29575508
0.26955236
0.41177319
0.02796016
0.33167710
0.34225114
0.21997332
0.08960890
0.37575845
0.23277420
0.47693003
0.37248369
0.44381889
0.25751827
0.08691053
0.13374004
0.23882572
0.08476105
0.03143434
0.00154374
0.42997625
0.45716309
0.47029496
0.41396666
0.16204273
0.25735635
0.48617940
0.25714490
0.37685575
0.37259238
0.42238355
0.42099294
0.00072077
0.00290081
0.53054085
0.23048367
0.12074144
0.23341843
0.22643867
0.13403734
0.42464116
0.05127134
0.38258193
0.22230059
0.45593843
0.01649175
0.23112705
0.08196314
0.30280564
0.17617245
0.37619618
0.41769184
0.32416251
0.02259090
0.00018787
0.44597547
0.13282289
0.28527392
0.17284044
0.07774641
0.45700606
0.45055708
0.41694010
0.03418088
0.13954238
0.15265392
0.39025870
0.45770490
0.02407729
0.47816389
0.20778426
0.49434211
0.28531139
0.41191617
0.15556249
0.00889616
0.28105729
0.52226251
0.02594646
0.45618657
0.02726158
0.10276953
0.03891120
0.09313082
0.06973248
0.01356096
0.47619404
0.41615785
0.36908892
0.44788934
0.42072852
0.31441445
0.22232219
0.39114649
0.23271050
0.22962578
0.01241073
0.12638225
0.28091338
0.26402063
0.00021460
0.26755648
0.31231480
0.40418385
0.19038503
0.02857835
0.08175898
0.05899669
0.27758249
0.13093304
0.21241436
0.35332495
0.18838475
0.15170455
0.02534421
0.49458029
0.41234479
0.52246905
0.05208402
0.36700971
0.19073489
0.15110528
0.29862108
0.33721467
0.24361525
0.01667088
0.12996484
0.00363383
0.40030146
0.37305682
0.36218044
0.11250741
0.44506569
0.38300018
0.27729609
0.42215047
0.06165232
0.19779160
0.25838718
0.16909045
0.03367583
0.40903089
0.00114751
0.02913820
0.36350145
0.02883139
0.22719628
0.05536456
0.48827264
0.17345379
0.28100613
0.22484142
0.02139710
0.31947662
0.28128328
0.01584163
0.36088592
0.16454893
0.19211041
0.00011545
0.24756643
0.30343506
0.45832131
0.09441721
0.19277458
0.35269359
0.30040607
0.00767653
0.22732465
0.00048561
0.43887745
0.26217594
0.06896863
0.33647945
0.10096763
0.40112658
0.39195250
0.17475939
0.50210796
0.28520745
0.51773224
0.46630069
0.45922674
0.10101132
0.42775684
0.05054648
0.23139258
0.29642875
0.47764156
0.29915181
0.46288779
0.23102823
0.45708553
0.00410007
0.10635291
0.05613315
0.00342077
0.53847253
0.41311473
0.07923157
0.08849710
0.42052898
0.19237717
0.45893790
0.45181633
0.50515142
0.33305812
0.10299597
0.55818122
0.44534241
0.27293408
0.20071462
0.24665143
0.06753069
0.05667440
0.53237386
0.33751279
0.03266509
0.00950887
0.26084443
0.42729345
0.48592313
0.24986580
0.40045991
0.00617635
0.15726349
0.09660065
0.02109141
0.40197324
0.46726550
0.58591482
0.08058262
0.46286412
0.06848984
0.54945630
0.03140755
0.01500743
0.02813443
0.04450666
0.10115100
0.02191651
0.49573818
0.04317744
0.51916235
0.07230017
0.08292862
0.33674872
0.25603948
0.04630178
0.31669148
0.00325615
