0.38179302
0.45071896
0.50035010
0.31216055
0.65983707
0.67874296
0.49979005
0.63508785
0.83317509
0.67516695
0.77131029
0.55422370
0.46745717
0.25911375
0.65615461
0.47360177
0.24506433
0.37296553
0.44222716
0.69822275
0.75892057
0.26133463
0.67703908
0.32544328
0.81175212
0.50047959
0.57184940
0.80540817
0.77316265
0.72635564
0.84737353
0.81270697
0.65813012
0.73967152
0.88286157
0.70971551
0.70818572
0.85012460
0.68660247
0.92862645
0.77098165
0.42716697
0.78684214
0.87965982
0.68181226
0.55063022
0.36764648
0.57541479
0.27301869
0.71175988
0.57717639
0.51338126
0.40625300
0.41272094
0.75491384
0.67648131
0.56411208
0.90517925
0.51983338
0.62514460
0.66455341
0.88708359
0.85834771
0.73290071
0.91932835
0.89017876
0.42348838
0.66186453
0.38464006
0.65256820
0.87334137
0.73505984
0.54002766
0.90995573
0.84481949
0.89629460
0.91711341
0.56065253
0.88539607
0.64688140
0.75999736
0.68925937
0.79143719
0.70144181
0.71156600
0.78698856
0.44440644
0.76330078
0.95356348
0.45909259
0.55841248
0.87825328
0.67093820
0.90393612
0.75043059
0.66985044
0.57000587
0.36583909
0.72035099
0.85704295
0.45255717
0.85395932
0.36976960
0.63383654
0.94602089
0.85315718
0.92488690
0.92154127
0.34491258
0.58673904
0.82321923
0.85875960
0.92298323
0.63484885
0.86999435
0.56498042
0.92730309
0.78825640
0.65860570
0.76453509
0.80337349
0.69879248
0.67250613
0.78710799
0.79322750
0.77274037
0.18870016
0.71374749
0.91423552
0.85734965
0.76711759
0.51634708
0.52207490
0.71050230
0.60784237
0.39753061
0.80239640
0.73293272
0.36715511
0.63374171
0.49503659
0.85046208
0.79501070
0.64662358
0.59301157
0.31260523
0.92380524
0.57557700
0.76387450
0.82124120
0.20921063
0.94604798
0.53294317
0.73248079
0.77559589
0.72192675
0.79047786
0.44055214
0.79014437
0.14580330
0.60463534
0.56631583
0.85454776
0.21393939
0.64752915
0.79918921
0.58892939
0.91633955
0.79612079
0.85856338
0.76720219
0.88514220
0.81524082
0.53551237
0.68496576
0.89129798
0.86260609
0.64388896
0.46086881
0.72579284
0.85311833
0.82545804
0.32342744
0.53002698
0.48632246
0.67220493
0.60451904
0.69126052
0.34696436
0.57090583
0.64061784
0.37570691
0.43577261
0.68786356
0.67657071
0.41139309
0.42693070
0.13246964
0.82879457
0.69404401
0.81590487
0.58376196
0.16661818
0.68428014
0.86307865
0.96595221
0.82932339
0.75884301
0.45110303
0.85787443
0.80527060
0.53618240
0.78031248
0.34650225
0.68460245
0.78940623
0.35534897
0.84880295
0.88016083
0.53190018
0.81398133
0.57023961
0.89668670
0.70663402
0.32469978
0.73133930
0.67199574
0.62280969
0.83020552
0.30742781
0.54982092
0.57479885
0.60077639
0.86357948
0.60018514
0.44610447
0.80386520
0.18649861
0.25367544
0.81028223
0.92784724
0.33813199
0.57456597
0.67598636
0.37732785
0.86767401
0.77549729
0.56384205
0.53290457
0.94786904
0.52251681
0.67498025
0.93367069
0.91790719
0.59568376
0.72816573
0.61850501
0.67137909
0.68779618
0.54484796
0.85414006
0.19725120
0.70791069
0.48305134
0.64486529
0.59949229
0.21152052
0.70190765
0.49288355
0.71037918
0.74060013
0.52416517
0.72394339
0.47617111
0.77673466
0.47627203
0.70759976
0.24321634
0.82526527
0.67323929
0.84171239
0.61364845
0.35922787
0.77866589
0.77351844
0.27935215
0.84224649
0.85021517
0.84839672
0.54808176
0.45323802
0.25915998
0.65123812
0.76199874
0.56852411
0.46464862
0.34572374
0.19450380
0.53265669
0.77917406
0.19960300
0.93496010
0.18577018
0.43027714
0.44293752
0.84696714
0.50582119
0.82491681
0.62309381
0.68281742
0.63507760
0.73836530
0.80931894
0.49448669
0.86220223
0.86055962
0.43203069
0.73980244
0.83913710
0.49990022
0.46739584
0.38422448
0.93113140
0.83005626
0.18641819
0.80840160
0.87255856
0.80073542
0.91977211
0.68144293
0.79847348
0.79837510
0.80189807
0.56971420
0.57576892
0.72874389
0.88094464
0.74414210
0.75728806
0.78946324
0.43055301
0.79410221
0.89367410
0.54649685
0.56828042
0.37451433
0.78400279
0.10699997
0.74344758
0.58567479
0.74297588
0.83619344
0.34384654
0.93031114
0.80954534
0.55405153
0.54952517
0.86951420
0.35528156
0.72041834
0.44205972
0.91011502
0.55261377
0.78771947
0.68513140
0.68366103
0.83088694
0.52590701
0.84064493
0.69628450
0.83209544
0.83084922
0.54541513
0.58708807
0.78693364
0.68185005
0.53916395
0.50396440
0.44642445
0.63646434
0.29043982
0.72122807
0.68780417
0.89690474
0.37900488
0.52425527
0.90464127
0.33354963
0.40289637
0.91426347
0.66248208
0.75093847
0.92923687
0.45269941
0.79168424
0.85369440
0.77654674
0.50420585
0.79380060
0.54866495
0.65448248
0.43711918
0.76094296
0.71417060
0.87262782
0.92729994
0.79107260
0.62301893
0.69724442
0.80296653
0.49317361
0.94234653
0.36817518
0.73112599
0.47321066
0.58266237
0.94204312
0.86082689
0.83692351
0.60185798
0.54730681
0.49250646
0.57098328
0.75243707
0.61960937
0.84454046
0.47256341
0.62925024
0.51573084
0.27746807
0.80248043
0.82237350
0.60150949
0.80295425
0.74270506
0.93151373
0.81771848
0.31058836
0.71245545
0.66096568
0.39138673
0.67431437
0.50708522
0.38445761
0.62513882
0.58907798
0.73526332
0.83681759
0.51267334
0.54091730
0.46345196
0.26761288
0.39464539
0.86672462
0.91173487
0.78458916
0.16749655
0.74642354
0.54570060
0.42422887
0.59309784
0.37718619
0.83198462
0.85248880
0.44633795
0.49818389
0.48221816
0.57577301
0.90960045
0.80587342
0.18623573
0.68858193
0.86201572
0.81779499
0.17660245
0.80165936
0.49274640
0.68056001
0.82962055
0.62229609
0.93152127
0.82109477
0.87271023
0.84838168
0.81010224
0.62147428
0.88043111
0.86898934
0.88131765
0.65011384
0.65450610
0.75757138
0.62726156
0.63195575
0.76772486
0.49162398
0.60411060
0.68139274
0.46137990
0.62563691
0.86486052
0.71317170
0.71056129
0.92783757
0.40400918
0.86452004
0.94556420
0.43368739
0.23197657
0.65441625
0.83686000
0.61077453
0.55509389
0.39522717
0.62115316
0.74266183
0.37841415
0.44605982
0.39153461
0.45017112
0.55185422
0.37347180
0.36970988
0.47933618
0.76783104
0.86935697
0.60853952
0.52413338
0.60310528
0.65256926
0.73345679
0.93513657
0.59874269
0.68618088
0.18074484
0.62679121
0.63054942
0.52304847
0.90670307
0.78123545
0.65181582
0.88640162
0.83206818
0.85302002
0.88320193
0.31185947
0.84370224
0.77362901
0.51744551
0.81547490
0.69708639
0.89449226
0.88582309
0.72492754
0.73348651
0.85863363
0.55524712
0.57152668
0.76751429
0.31132109
0.85513360
0.56061484
0.68484817
0.77088504
0.78828677
0.43262748
0.22256632
0.87854458
0.90330626
0.91771478
0.83714801
0.29724662
0.84126311
0.35656971
0.78599696
0.73268532
0.68264845
0.79183586
0.80713195
0.61759643
0.26121878
0.53192577
0.40589516
0.69718204
0.72476223
0.63558729
0.45480711
0.52847680
0.68956685
0.46180893
0.67653761
0.74953051
0.92206409
0.54006593
0.84545694
0.37541646
0.41347511
0.63407450
0.68450155
0.57438723
0.91511615
0.37976966
0.55122716
0.79240874
0.66949583
0.87819222
0.66263319
0.86004962
0.94053531
0.82242593
0.77689455
0.95987070
0.95228560
0.89997273
0.85430578
0.79103204
0.74978996
0.58558578
0.67699448
0.49590375
0.71651628
0.54378095
0.91984094
0.87151811
0.53426648
0.31609309
0.64410376
0.76040823
0.86015085
0.80214528
0.74617939
0.56030622
0.62428530
0.43083310
0.75391662
0.90208808
0.45554341
0.91820389
0.67415789
0.73606020
0.85010748
0.63646128
0.67204553
0.96480444
0.53067637
0.55616982
0.39714759
0.53599586
0.80771379
0.67803008
0.88581131
0.41089322
0.40292845
0.73156851
0.82199177
0.65176574
0.55870065
0.66058086
0.17895590
0.25332459
0.70471392
0.58138253
0.71632423
0.79911406
0.74030971
0.75671132
0.50281091
0.78136833
0.39608376
0.72388919
0.41257784
0.19525664
0.54259305
0.72974651
0.81519077
0.74262038
0.84980863
0.88372979
0.81592085
0.74876956
0.40910155
0.93436409
0.90709788
0.71857325
0.34523402
0.74071353
0.90695685
0.63871610
0.58945362
0.81886293
0.90068501
0.83056220
0.44268553
0.92942611
0.87889230
0.51179693
0.78423405
0.67057855
0.70208742
0.55249421
0.26606950
0.63204037
0.67472009
0.50604869
0.69645516
0.53682504
0.26895695
0.91295634
0.72210417
0.90505940
0.77113627
0.86007028
0.72448484
0.54967016
0.87992849
0.65263311
0.73367383
0.89276127
0.77766532
0.70825944
0.32601841
0.68502247
0.67063156
0.21936647
0.35697308
0.23327330
0.43418475
0.31891493
0.69435257
0.59217106
0.94617910
0.37539684
0.64967657
0.63769391
0.59675581
0.50456077
0.80581230
0.78731435
0.79003201
0.42132865
0.18008790
0.76259281
0.43172866
0.81870753
0.72216384
0.82869339
0.93648016
0.66878848
0.80519704
0.69166139
0.44803858
0.92292508
0.89484765
0.63857574
0.81088980
0.87895367
0.73910570
0.68375755
0.42580976
0.64002566
0.72677177
0.77801498
0.94355333
0.85970201
0.90027162
0.71998865
0.74226927
0.23624406
0.68625999
0.86543603
0.75591051
0.71246722
0.70922652
0.78239346
0.52852471
0.53229102
0.37285470
0.69164976
0.82493327
0.76363955
0.64580104
0.77621901
0.82294205
0.53183093
0.61615015
0.70862867
0.53518021
0.73318984
0.67369981
0.66549783
0.56880274
0.65318547
0.13632140
0.91936382
0.16927571
0.46799370
0.56490513
0.83809001
0.63497948
0.73735949
0.81554993
0.49932958
0.30049283
0.83644148
0.90553252
0.55622392
0.53204649
0.46776514
0.44855969
0.69015106
0.35707153
0.68281476
0.50501769
0.66470317
0.71355241
0.55669885
0.92972355
0.84078826
0.85892940
0.50822146
0.25636775
0.55903417
0.73753936
0.13056544
0.56325592
0.75950252
0.68833411
0.62614160
0.93460670
0.51905188
0.74727699
0.71690725
0.45704744
0.90996237
0.85993646
0.59633772
0.77249052
0.80730381
0.35109685
0.14146133
0.74097932
0.53742131
0.85273156
0.82592629
0.87147675
0.57558490
0.89433708
0.67918152
0.76753757
0.87956597
0.40758891
0.39725199
0.82928107
0.47846654
0.73604685
0.39322529
0.75324345
0.59527043
0.53173193
0.81698162
0.36227582
0.45948996
0.88306873
0.64783370
0.36769891
0.97696337
0.89554531
0.76554558
0.68749017
0.90658209
0.34058553
0.54094363
0.75060177
0.15943661
0.86276452
0.37599192
0.72084922
0.82772499
0.77437714
0.39580690
0.85194103
0.47122510
0.52276942
0.52669129
0.53396700
0.97186654
0.39044373
0.62874789
0.90302642
0.96262987
0.90472011
0.81904945
0.59221859
0.70153317
0.78851623
0.51601787
0.65633055
0.69939501
0.76094454
0.65910869
0.76906053
0.69308263
0.52279342
0.85180131
0.57752503
0.80288812
0.89386509
0.49967849
0.81004945
0.42381460
0.69280973
0.60826578
0.94117260
0.65786893
0.50040536
0.25702498
0.44989752
0.34210918
0.85745401
0.87382507
0.92505091
0.65377835
0.17814496
0.46764103
0.51598424
0.57261924
0.77477142
0.17535240
0.76321290
0.09615735
0.95309497
0.65671340
0.74662344
0.74459031
0.59411446
0.71332001
0.27490649
0.78276815
0.49511552
0.52927570
0.80026820
0.65299440
0.15018883
0.67411054
0.31779161
0.93910983
0.75916005
0.72191019
0.66041949
0.73285887
0.45059322
0.41753988
0.87588556
0.29426584
0.21654165
0.70294855
0.96279638
0.71511691
0.77223126
0.61376429
0.63901204
0.89234924
0.80459508
0.74147828
0.78193273
0.87995132
0.45319923
0.97374205
0.57215242
0.58180950
0.50767857
0.87734437
0.78623575
0.83923081
0.86038417
0.10810500
0.55565624
0.82727357
0.52364816
0.69929668
0.81792542
0.78717618
0.86171337
0.52464125
0.91026965
0.44539751
0.67428284
0.49083807
0.44917086
0.79068765
0.67246554
0.52309521
0.72612622
0.79155065
0.86253843
0.74116702
0.97404179
0.86679116
0.81461730
0.32025874
