# NTRAJ	1000
0.79211785
0.73699981
0.86876447
0.34369294
0.56398422
0.62999949
0.66894655
0.83714192
0.91170725
0.42219772
0.54429159
0.32427203
0.86366669
0.51735868
0.47946301
0.83879350
0.74659613
0.18365140
0.71631865
0.89054244
0.34865959
0.93090447
0.48955107
0.83917613
0.67836742
0.89338274
0.48195856
0.93347732
0.38102185
0.63373648
0.40811411
0.15818017
0.36328341
0.37777768
0.42764413
0.79589117
0.92326121
0.94717830
0.19543313
0.57902770
0.70927625
0.46105785
0.18498755
0.80749701
0.74201578
0.61303048
0.83552448
0.28718893
0.60271153
0.67735826
0.18131394
0.42783112
0.55599239
0.90776928
0.22877671
0.76320241
0.89622942
0.58817342
0.57663539
0.85973333
0.79358818
0.20730121
0.90622096
0.86921728
0.24542568
0.88193776
0.86101871
0.52720090
0.66684106
0.18003064
0.72301711
0.70701469
0.39642883
0.73581325
0.19917397
0.59369737
0.78787991
0.30105677
0.52008633
0.46061100
0.55189794
0.56023545
0.60448984
0.84205878
0.60901243
0.35894319
0.24202116
0.43773176
0.86281449
0.92297702
0.29872183
0.92730942
0.87125135
0.79168299
0.93305389
0.64329901
0.72932543
0.43884726
0.47062577
0.42426979
0.73727304
0.74967253
0.56569918
0.82955206
0.62745984
0.12980013
0.33316869
0.48771574
0.35931738
0.85007950
0.21641766
0.24098714
0.73212496
0.61307424
0.89352021
0.19246773
0.66951588
0.88214410
0.66932014
0.11766407
0.65309526
0.59376419
0.70363131
0.55778883
0.57783731
0.53004922
0.88352478
0.71138624
0.43209464
0.80195063
0.69791845
0.93842289
0.94069411
0.48831479
0.18902971
0.15570139
0.41144881
0.84423837
0.79954495
0.65911089
0.27917180
0.56818341
0.70843745
0.74140622
0.57566262
0.42897701
0.64326789
0.32265394
0.65896775
0.73986165
0.72309943
0.79779225
0.68661589
0.80467798
0.67547679
0.22635701
0.68853660
0.80196446
0.39700550
0.97913103
0.14481256
0.79307654
0.68904087
0.28814728
0.81882761
0.65565111
0.84085374
0.52974965
0.41799339
0.17556194
0.71036097
0.07697734
0.69003391
0.69915748
0.31925345
0.65606654
0.68696555
0.87692743
0.34714381
0.89309558
0.56841073
0.83913604
0.25989047
0.71490774
0.38589465
0.80883398
0.94370962
0.53004291
0.30067579
0.69617415
0.59069432
0.50348938
0.92647237
0.43022698
0.91576087
0.53100968
0.72326687
0.56312386
0.76382286
0.91826787
0.19472484
0.32114043
0.82781918
0.78967166
0.31344044
0.41419900
0.90303440
0.66904317
0.62040222
0.43631268
0.42795584
0.43640692
0.80587084
0.85792749
0.71929726
0.20559248
0.80769366
0.49023016
0.72612236
0.20162053
0.69888126
0.09049418
0.38344684
0.50921026
0.64388916
0.79430997
0.50813000
0.46870706
0.43516130
0.59453696
0.62588890
0.05407664
0.39525264
0.60303730
0.12673995
0.67750599
0.53769910
0.37736522
0.36285493
0.71426171
0.53380866
0.36684614
0.41561520
0.83985725
0.48650438
0.27168669
0.45944157
0.83735499
0.84969114
0.94642961
0.24534974
0.09361493
0.52119946
0.59713308
0.77092235
0.60374232
0.82683019
0.26302707
0.61667437
0.68594539
0.95100680
0.63265751
0.38497925
0.43655852
0.81313637
0.61830247
0.92640493
0.81388665
0.07839252
0.39444633
0.32004110
0.17187907
0.62739164
0.72300141
0.22151641
0.13112208
0.25321264
0.26987505
0.91351727
0.41289960
0.84161448
0.96692854
0.48964806
0.33200432
0.88387149
0.25843547
0.47532309
0.54993390
0.69599841
0.15030869
0.83463707
0.58849129
0.79580018
0.59703408
0.84931664
0.22785333
0.21518626
0.66002663
0.79107482
0.76092811
0.80021281
0.17633348
0.31863634
0.73849212
0.56055631
0.78848825
0.04133681
0.66080227
0.65295655
0.41975001
0.68692518
0.58502788
0.16860546
0.86890274
0.67843345
0.58903919
0.41800088
0.41015916
0.92871061
0.90590360
0.85693800
0.86160962
0.39661471
0.81666186
0.50753627
0.07222345
0.78726946
0.29742360
0.90139992
0.42446692
0.88247850
0.47171696
0.40496828
0.26242762
0.88434837
0.42556716
0.29903132
0.86160038
0.53364884
0.36967683
0.44521547
0.69287053
0.14059168
0.39387235
0.13967262
0.60786602
0.80853833
0.78186568
0.89002972
0.56643611
0.81682673
0.44408872
0.23335729
0.51868243
0.86849678
0.87625348
0.66790744
0.84288531
0.24047775
0.87691159
0.82367182
0.93066618
0.57725635
0.96468925
0.83517655
0.12416708
0.76933497
0.76158590
0.29950411
0.90270231
0.33309591
0.22754249
0.85996822
0.57926140
0.67266887
0.70679036
0.37254671
0.76439535
0.63064558
0.49024435
0.74828191
0.75006482
0.51494392
0.77903444
0.48890177
0.43057198
0.53764352
0.80582102
0.72669694
0.73736326
0.74772237
0.57306814
0.92068210
0.63589388
0.82567229
0.39759227
0.87170976
0.67173085
0.83542767
0.45220486
0.55867806
0.37953669
0.70664186
0.80532883
0.81176151
0.32130062
0.54718506
0.73229645
0.73050468
0.73251869
0.85990945
0.65433004
0.65575948
0.78210159
0.50203145
0.87433941
0.89024902
0.85090786
0.86427168
0.95381829
0.35846661
0.43038318
0.88099991
0.50383855
0.49579713
0.81983432
0.91580054
0.15570733
0.66084641
0.67158172
0.91277921
0.60209245
0.67825097
0.80818055
0.23349075
0.81150447
0.30099036
0.67862793
0.46587204
0.20061180
0.10245901
0.50313601
0.45351413
0.91618724
0.52717397
0.33645093
0.92578386
0.64994930
0.62441881
0.80588955
0.21501147
0.72653805
0.58186553
0.72216461
0.91984226
0.12605247
0.49720859
0.57812753
0.43480416
0.40356072
0.33345084
0.82941196
0.82187284
0.10597895
0.64172355
0.79552488
0.67106501
0.88724345
0.30698855
0.51827210
0.71816436
0.32512753
0.82712293
0.43752522
0.37372023
0.86681571
0.21575943
0.65173616
0.49693745
0.69461962
0.51049005
0.66567779
0.69236446
0.38538066
0.69889724
0.75870960
0.54059260
0.73194907
0.75214913
0.56372032
0.85664230
0.81862559
0.82989405
0.48839851
0.90842649
0.59255632
0.90716492
0.27536740
0.93747444
0.71569071
0.95141781
0.92506457
0.77242537
0.80532535
0.78318626
0.82222380
0.84967576
0.22110176
0.59478133
0.44926520
0.90581627
0.84320692
0.23860019
0.17167446
0.74934607
0.84400103
0.38766240
0.35492485
0.72724665
0.80177171
0.49769849
0.90306678
0.09494621
0.91207185
0.62062880
0.57005020
0.92294179
0.81911138
0.54575390
0.35497193
0.80497103
0.71420676
0.79325839
0.78046662
0.51634525
0.74509711
0.56548637
0.70573137
0.71962037
0.31117149
0.74947809
0.67476307
0.82130217
0.70860176
0.91508507
0.88089628
0.48237102
0.68338420
0.51989195
0.24954829
0.43670263
0.27133812
0.57568230
0.75200787
0.88044174
0.59205887
0.66423008
0.20265784
0.89047610
0.90794057
0.83826950
0.37797187
0.90338871
0.84823045
0.84021942
0.86552069
0.83131480
0.57993562
0.62569335
0.61669749
0.86409125
0.90148364
0.43279547
0.49263677
0.58720228
0.66735454
0.77886823
0.86318089
0.71065530
0.93715482
0.81347242
0.66755038
0.61477837
0.43366443
0.14158117
0.80446621
0.66907754
0.30262031
0.36929681
0.67844839
0.25243964
0.46107069
0.71637733
0.70477519
0.10423979
0.31778964
0.88015290
0.79843837
0.26564828
0.57227561
0.47745307
0.93594667
0.30348418
0.79804372
0.87517006
0.46812338
0.74901738
0.14187347
0.44842562
0.90726618
0.84611768
0.76260164
0.44743292
0.60122995
0.73094078
0.27456618
0.79303698
0.77530247
0.65154426
0.44751882
0.69725780
0.80431393
0.72131778
0.92873366
0.59189837
0.11958982
0.57772706
0.59078323
0.45892545
0.43259047
0.90030678
0.55385646
0.85234395
0.75119798
0.43421681
0.77995616
0.77865932
0.55928695
0.61863212
0.64698038
0.25183103
0.71164655
0.98006356
0.82124600
0.82162998
0.82043186
0.56408414
0.95718922
0.06239307
0.34872250
0.31360856
0.63443289
0.80273800
0.70705222
0.65503888
0.74352537
0.40095092
0.38159499
0.49342643
0.90286468
0.23071798
0.88024335
0.93384896
0.52684638
0.85490420
0.84477474
0.87890424
0.67817971
0.35986292
0.84224845
0.48248242
0.76436046
0.94788096
0.34178450
0.21037261
0.69886590
0.62641930
0.60843734
0.52786190
0.68386603
0.90922174
0.81663474
0.68191321
0.61307259
0.58570552
0.86609386
0.94743625
0.66289135
0.75499923
0.88281248
0.92779458
0.86452566
0.48711472
0.50817264
0.79165762
0.23958417
0.35115164
0.75097243
0.45141308
0.40997883
0.39401327
0.38306144
0.62017572
0.41203460
0.47462908
0.15414346
0.48745114
0.58727310
0.79927569
0.59107291
0.71709193
0.68653162
0.46821106
0.83894052
0.70632501
0.78641574
0.22578849
0.67413188
0.68111462
0.42578754
0.57623733
0.77630707
0.75803240
0.76069346
0.40573690
0.55587251
0.49846052
0.39858186
0.44657417
0.31294042
0.34688992
0.54121141
0.31825225
0.85587274
0.93361712
0.52949123
0.89913924
0.63328923
0.71606720
0.69857318
0.87689448
0.53995273
0.85467709
0.48350107
0.57132791
0.40376009
0.63907907
0.73193386
0.54497916
0.74073345
0.43247313
0.67726102
0.26825090
0.79821078
0.74762814
0.83463320
0.64495127
0.89764260
0.59904050
0.68469627
0.38828846
0.81156161
0.61559345
0.69279188
0.62337370
0.18584837
0.53706558
0.44256028
0.88143847
0.22296094
0.48576355
0.75634737
0.74262766
0.91586607
0.77297924
0.58115216
0.37771333
0.45334671
0.42762968
0.45485099
0.63436710
0.57617495
0.77633691
0.72265678
0.11072776
0.90843025
0.91418039
0.49224635
0.43163426
0.46632951
0.27394033
0.93370306
0.25041642
0.93340295
0.66106335
0.74569405
0.50632755
0.61040545
0.78825515
0.70082215
0.65030896
0.60094276
0.40018108
0.75106007
0.60361813
0.72488873
0.62785175
0.77961011
0.25798176
0.70831930
0.65301938
0.76582863
0.75739719
0.65766946
0.38604489
0.88583682
0.43077578
0.77395981
0.90809101
0.83506533
0.87801582
0.86928315
0.89389843
0.76736574
0.62363170
0.78346260
0.80449867
0.69616571
0.71987390
0.73117544
0.66018682
0.41851391
0.24625741
0.77651181
0.70622282
0.79332743
0.36959333
0.63367902
0.45251852
0.27818887
0.66753064
0.94076388
0.39625888
0.70506542
0.57325948
0.61224713
0.80491087
0.87381307
0.80165616
0.31309783
0.40531869
0.71912336
0.82243727
0.67053656
0.55760295
0.71158721
0.28386738
0.47698637
0.37660040
0.93260820
0.79137277
0.50566660
0.55539511
0.60282449
0.93977528
0.83601093
0.39857497
0.42813865
0.44941076
0.83487597
0.43655823
0.61427667
0.03583135
0.56125847
0.59161415
0.48158909
0.81744180
0.03868519
0.77494521
0.41540688
0.67647806
0.87032970
0.42731363
0.74140180
0.70457551
0.61967003
0.79146465
0.86124600
0.18669948
0.92076238
0.57181306
0.61600524
0.89227014
0.73947647
0.74884381
0.85495108
0.62744130
0.51366844
0.73191596
0.96825631
0.68455609
0.85644930
0.79502561
0.21190000
0.37122792
0.54271906
0.35497165
0.73452161
0.31852752
0.36505376
0.95480793
0.72318906
0.28840058
0.46715093
0.91550885
0.89779802
0.59471037
0.48949433
0.60912392
0.69281875
0.52652439
0.72292656
0.68178496
0.67373591
0.47060037
0.66231780
0.49148087
0.78214529
0.73003102
0.18052106
0.80603734
0.37218715
0.65795127
0.57355002
0.44074720
0.74408449
0.72168687
0.21000621
0.47011629
0.88850956
0.77499290
0.90494096
0.93959558
0.28162761
0.68077502
0.54018755
0.60693568
0.76219478
0.60229341
0.68507190
0.90757648
0.41650467
0.81827888
0.88621637
0.49952487
0.36175127
0.91298877
0.78096895
0.57691331
0.93156200
0.63699821
0.26575524
0.85094594
0.68043935
0.74042250
0.42997890
0.91099383
0.95474901
0.42080371
0.81750413
0.63090914
0.55046427
0.57034483
0.68278379
0.93080267
0.72660277
0.82889536
0.52033192
0.34484985
0.29623924
0.91991554
0.50862848
0.30498892
0.52855017
0.46129188
0.90133627
0.34605500
0.68507135
0.23123917
0.74849444
0.13748246
0.47053393
0.57429604
0.83110008
0.58630711
0.58745179
0.52447846
0.29198884
0.78963073
0.51002111
