0.43820794
0.77585471
0.66876086
0.65743511
0.40228212
0.74133861
0.27170612
0.56484191
0.32600473
0.72373075
0.88504650
0.22958078
0.37197940
0.40290800
0.34936006
0.95680490
0.30926769
0.46845505
0.52609761
0.75046637
0.44685128
0.54142378
0.70792012
0.40545103
0.47785415
0.12217642
0.60481680
0.19911728
0.73725117
0.64435750
0.46744826
0.68037163
0.40133187
0.72041387
0.72338651
0.54460000
0.83955040
0.82309696
0.60312214
0.35695123
0.71210094
0.51879006
0.67147377
0.85104212
0.54891744
0.75214140
0.69937014
0.64541161
0.27547152
0.85279503
0.04844019
0.21436544
0.70178820
0.72393727
0.73728303
0.29146660
0.56606109
0.61187945
0.49836649
0.81064685
0.90225246
0.56941284
0.53892135
0.54976909
0.73022402
0.22130649
0.15927314
0.96151829
0.49088398
0.56132700
0.20509657
0.65702592
0.19308273
0.58294929
0.35719694
0.73318207
0.78638985
0.56656247
0.59019290
0.25645737
0.85583748
0.75903758
0.58105626
0.45051076
0.33633627
0.81707818
0.68406466
0.57232778
0.09178235
0.19263747
0.20166666
0.85832223
0.19249699
0.25838410
0.34893689
0.59312140
0.72934911
0.43546551
0.89016698
0.46973589
0.85581029
0.80983666
0.77601436
0.45972664
0.86717449
0.72439859
0.89641777
0.87653700
0.62941947
0.62487143
0.82819608
0.36480952
0.88259331
0.49051948
0.12047418
0.39300713
0.88443793
0.93084014
0.52886172
0.62091102
0.55028597
0.55432594
0.84234680
0.50580850
0.69597319
0.56086977
0.49804766
0.80797654
0.59983506
0.65553133
0.34292286
0.79145719
0.60350464
0.45748290
0.58797181
0.65534693
0.46350305
0.75159252
0.94200041
0.37662887
0.50179563
0.86375001
0.27205263
0.60480805
0.70002932
0.87696689
0.18423017
0.91439576
0.34894885
0.76555951
0.72784163
0.54943651
0.84713116
0.58948725
0.78624066
0.81358128
0.40676962
0.90082482
0.70341835
0.56646842
0.43377749
0.15602152
0.48918702
0.52501344
0.48578188
0.27876762
0.59948721
0.80691696
0.20700438
0.37620052
0.78210558
0.81172707
0.44970086
0.53921751
0.34675084
0.66686416
0.88733037
0.89707892
0.69030386
0.61257524
0.46548078
0.63346235
0.78587320
0.18723559
0.63615405
0.16070840
0.75747162
0.28204354
0.11952432
0.90968099
0.48153629
0.45010757
0.90849281
0.50110470
0.71472610
0.11031019
0.86463440
0.75167683
0.35349876
0.38707870
0.09899950
0.61094716
0.41749280
0.83824685
0.77741859
0.66320121
0.61511109
0.22216910
0.64370639
0.76745184
0.46552680
0.73381767
0.40631101
0.86827793
0.70742218
0.71088993
0.12840114
0.93067855
0.67547276
0.65191004
0.79349802
0.90362199
0.87405552
0.60396402
0.96122262
0.12906196
0.61527227
0.70616497
0.30422723
0.66396118
0.39505650
0.20979141
0.70184031
0.69270625
0.60609640
0.19072693
0.17955419
0.22222082
0.25661076
0.19090760
0.62200073
0.66920756
0.27385142
0.24279751
0.28816952
0.77396962
0.38529313
0.59952303
0.55598939
0.59850521
0.47604374
0.64308963
0.95263263
0.48367800
0.37458737
0.11013231
0.64625970
0.88343781
0.57601478
0.09902020
0.64454239
0.87388715
0.30986005
0.25283170
0.69636223
0.91755189
0.63812845
0.88462124
0.78393131
0.73850465
0.80838525
0.21839439
0.91350773
0.50031578
0.76769328
0.75316402
0.26484773
0.60386461
0.15414314
0.07039426
0.36889726
0.75265999
0.17739378
0.72477588
0.58385743
0.94637095
0.85083035
0.65843224
0.96923940
0.42854457
0.48290654
0.28428728
0.47192029
0.69907353
0.08332256
0.70163361
0.86708258
0.74080514
0.48109838
0.58811122
0.75624666
0.89375198
0.66927660
0.16808628
0.57833321
0.29990532
0.28854336
0.71515592
0.83799907
0.63287000
0.56078923
0.24560011
0.88229589
0.47896620
0.78884950
0.79208569
0.44001437
0.91559763
0.83958905
0.10997547
0.78439216
0.31386066
0.28931384
0.60167671
0.79329886
0.84141181
0.71971246
0.77876177
0.07838388
0.84242752
0.27744170
0.50269640
0.31365208
0.87481544
0.29889009
0.30602332
0.25831593
0.24874376
0.56937194
0.11067679
0.18374555
0.42782357
0.37421329
0.14813669
0.66723507
0.93540525
0.72848271
0.49574869
0.81568543
0.52353242
0.51206381
0.27972376
0.90768649
0.70686005
0.85969569
0.38943414
0.72602839
0.45472312
0.35778282
0.89646398
0.71133021
0.57420073
0.56374106
0.65403665
0.38936184
0.93802257
0.83788199
0.48231240
0.59389517
0.40205645
0.36459355
0.51775315
0.88956499
0.79980066
0.82568686
0.84281649
0.92728736
0.85116922
0.57084267
0.35901596
0.91702726
0.74991307
0.51283168
0.59774761
0.72454753
0.11624830
0.64303214
0.80667892
0.83802674
0.10366656
0.70097218
0.73769726
0.70156540
0.53368191
0.69247931
0.96955059
0.39974531
0.38293683
0.86910370
0.49613940
0.68266480
0.37113821
0.68325099
0.38044462
0.85804932
0.30312692
0.29402754
0.36689418
0.61846472
0.19098081
0.36545172
0.72579222
0.63607683
0.56936249
0.73385434
0.64708373
0.94321129
0.50221739
0.92244831
0.37132530
0.48456609
0.90814423
0.66945721
0.49409101
0.41727780
0.22634288
0.54320716
0.22989963
0.62533598
0.83596461
0.20436196
0.14600387
0.29934475
0.68178483
0.39146297
0.89316560
0.82431025
0.41835313
0.74812494
0.54651704
0.56028801
0.89939520
0.23928069
0.73719338
0.84700668
0.21418922
0.90851658
0.93405950
0.33245649
0.59019835
0.74131317
0.59951624
0.50380292
0.69579972
0.40262651
0.72584783
0.97333089
0.78718764
0.69452774
0.21302756
0.45925717
0.86368285
0.44376068
0.81580211
0.14652342
0.61955324
0.16743705
0.48200236
0.21977956
0.82957887
0.68380539
0.45412704
0.76025098
0.71497955
0.68790545
0.29469945
0.67375929
0.43388289
0.75234757
0.87594485
0.83143678
0.74032788
0.36429914
0.86484059
0.89242604
0.31924195
0.40529073
0.75065612
0.66307681
0.56682212
0.53915064
0.33707462
0.69882584
0.85529360
0.53666211
0.40222252
0.33120363
0.20786068
0.32440570
0.66482297
0.38302020
0.84392882
0.83604022
0.89545509
0.70690705
0.33969147
0.84150851
0.97245760
0.85810465
0.18426289
0.23334121
0.44936237
0.18185783
0.53921607
0.59798338
0.85468441
0.24407685
0.77895224
0.25493293
0.29322587
0.83334128
0.21710926
0.86746592
0.64652688
0.91245223
0.69403482
0.78371425
0.52005506
0.80163033
0.56957479
0.71248958
0.68973116
0.69921532
0.42280761
0.79596186
0.33212600
0.06752837
0.47733945
0.81443359
0.28818873
0.81630319
0.65407767
0.35537068
0.91152618
0.40103933
0.47456880
0.56057096
0.80135110
0.86260737
0.67795346
0.40341124
0.90572045
0.23036417
0.79393702
0.33307137
0.48645639
0.68932476
0.16400417
0.76546501
0.28894763
0.48926876
0.92579341
0.91437843
0.19814304
0.63613246
0.75616800
0.93269936
0.49882132
0.80191525
0.63736691
0.83215209
0.57096689
0.79627332
0.55675276
0.86411582
0.49210985
0.96869884
0.87592451
0.87521954
0.61126376
0.90986206
0.88156051
0.68073449
0.75468233
0.85767291
0.26999774
0.23119354
0.52118404
0.73765384
0.70997376
0.73661677
0.35810569
0.41540866
0.89423975
0.90177250
0.67345675
0.78350890
0.81958756
0.24302413
0.60947098
0.55959290
0.77117020
0.56499911
0.82897533
0.93653501
0.81022880
0.39845215
0.31571990
0.64919032
0.14778501
0.48275050
0.50483983
0.88098204
0.33656679
0.14938157
0.72721735
0.73832654
0.54477638
0.42923081
0.89806170
0.77034406
0.84577978
0.51918151
0.61294317
0.37861098
0.45615649
0.13452354
0.33725072
0.57280116
0.38197519
0.73568220
0.63062331
0.75099262
0.64878633
0.28438063
0.39348634
0.90758884
0.46493821
0.64587514
0.28833087
0.09577130
0.70369923
0.75569686
0.63805845
0.61828708
0.51411273
0.23238224
0.72905875
0.49134379
0.84247150
0.41149354
0.57724438
0.55759700
0.51688493
0.04663147
0.21780428
0.86272504
0.76381292
0.34779742
0.16821558
0.70964856
0.60160574
0.77259447
0.92928562
0.50861974
0.72601771
0.13538993
0.58130535
0.10253038
0.96509346
0.64601254
0.61062138
0.93664839
0.45103702
0.44363886
0.85370140
0.46467732
0.48181053
0.74096341
0.21035575
0.31508220
0.33796182
0.56968972
0.75857058
0.83348772
0.86208821
0.30409320
0.76791777
0.68468208
0.22613503
0.85077003
0.66100627
0.85080764
0.51944189
0.89312356
0.67259303
0.26286450
0.81705994
0.82534375
0.60517244
0.61563019
0.55862059
0.69082874
0.58038082
0.46471120
0.19299898
0.34712452
0.89769974
0.85505159
0.12982966
0.59176453
0.66573029
0.34288740
0.29329167
0.36336623
0.11566728
0.53113510
0.51774886
0.87954275
0.42530152
0.19083692
0.76294737
0.82666115
0.70580826
0.78480012
0.43122273
0.42387945
0.35299473
0.62539785
0.57774409
0.23690952
0.79990674
0.61991237
0.91888070
0.67156151
0.85471740
0.87808940
0.13243394
0.22096110
0.74279058
0.72423603
0.91890100
0.86481805
0.38091733
0.75270987
0.73325373
0.52254957
0.56772629
0.85561483
0.82088830
0.44535846
0.84569494
0.16277678
0.83694963
0.22165785
0.74084373
0.52462974
0.49785274
0.78788560
0.78072396
0.52802393
0.78930484
0.78710065
0.58092499
0.62568709
0.86330253
0.45360330
0.41532943
0.27594364
0.95002396
0.81546690
0.65626005
0.11232424
0.37992049
0.74199945
0.45971710
0.23926088
0.87120653
0.91363961
0.82711041
0.44967046
0.74249574
0.82866706
0.44395498
0.92468027
0.83328019
0.72134015
0.47897043
0.88700821
0.46940662
0.47481436
0.81090107
0.75196335
0.49168066
0.71186780
0.15535356
0.71748541
0.48605059
0.26257493
0.88781561
0.67374302
0.73003413
0.19570807
0.51742493
0.34368254
0.77787054
0.74412956
0.56355023
0.78161686
0.86641955
0.32664694
0.70242354
0.82372506
0.33679682
0.58012772
0.50810243
0.41819355
0.23305534
0.69022426
0.52856549
0.61191235
0.43349262
0.89480474
0.96401054
0.60427128
0.18627224
0.22528745
0.58145540
0.64128989
0.30354043
0.86884515
0.87884732
0.23031131
0.46323784
0.39792601
0.47870203
0.38855232
0.10297674
0.62729096
0.54597543
0.79940801
0.11478648
0.86611523
0.46172846
0.48278556
0.75677302
0.29208184
0.67726883
0.52020767
0.70859977
0.75659555
0.83330394
0.94024728
0.59074694
0.30484462
0.75005959
0.78500832
0.28046549
0.61725347
0.53977123
0.51439814
0.34241905
0.35108037
0.87787008
0.83207926
0.86418904
0.26931021
0.28212939
0.73927907
0.77447923
0.48370138
0.90970809
0.12253180
0.75155003
0.45138312
0.86114018
0.48819409
0.13652723
0.27383939
0.98385088
0.37093915
0.21785220
0.71340207
0.46436375
0.88835566
0.68953154
0.71906013
0.93696964
0.48677020
0.75401357
0.50594162
0.88878053
0.29723327
0.87788072
0.28949415
0.13319655
0.38084985
0.07522303
0.74026041
0.49875832
0.82445768
0.74131068
0.92455448
0.27961414
0.40902083
0.28448787
0.80912374
0.31020211
0.82941814
0.52236329
0.54858117
0.22660740
0.61986097
0.60766142
0.85513003
0.75032202
0.38962367
0.22563702
0.78481555
0.36478930
0.30324048
0.49674891
0.65533062
0.45000754
0.91336227
0.72176967
0.85374817
0.80683225
0.88100129
0.44373081
0.82844686
0.63430280
0.82658077
0.80911557
0.36111910
0.44690121
0.86439160
0.41298773
0.35175840
0.46361939
0.91762353
0.41946763
0.62583228
0.85254555
0.46149266
0.88159112
0.30562997
0.78487117
0.40198942
0.53873929
0.72444814
0.84299187
0.13691022
0.80512973
0.77622226
0.85045336
0.48771769
0.52126666
0.74754481
0.26502008
0.66517902
0.64993525
0.75800056
0.58501037
0.67896295
0.42594218
0.16538447
0.78659903
0.46663007
0.91080090
0.64639921
0.40730681
0.90256936
0.59865287
0.92541366
0.61954109
0.77164642
0.54637399
0.79462082
0.86981069
0.71378693
0.25295683
0.67345222
0.67751496
0.78665636
0.31598666
0.15745324
0.83344378
0.29535838
0.22351139
0.23028680
0.68114959
0.41806301
0.29891356
0.69265228
0.26656657
0.51599668
0.70241413
0.54324962
0.63627401
