# NTRAJ	1000
0.10895341
0.07437031
0.11131203
0.10741323
0.05206617
0.18328979
0.26966032
0.17026032
0.39399580
0.09455653
0.50917238
0.14823264
0.09599916
0.12797149
0.35269682
0.29917358
0.07045224
0.07278803
0.11127187
0.37346809
0.20567694
0.42249925
0.22778549
0.09969423
0.34003350
0.11174415
0.24622651
0.27198430
0.46496440
0.46537682
0.35361633
0.30133003
0.16191659
0.11960978
0.40217159
0.06375731
0.08796833
0.10492628
0.16597905
0.32264269
0.07889316
0.23968722
0.37378041
0.13624694
0.18512758
0.40511968
0.41330835
0.30735662
0.13115097
0.05140864
0.21013738
0.16500523
0.14910946
0.31591515
0.48623206
0.23707631
0.44426663
0.30838566
0.08008574
0.26755890
0.11419767
0.41197540
0.36217860
0.36490685
0.37131630
0.12862671
0.03952079
0.35104296
0.11426745
0.11802289
0.37659716
0.23436611
0.08241210
0.05650587
0.39140106
0.31708070
0.06609028
0.48030303
0.17469285
0.31542984
0.18865679
0.27032152
0.32639844
0.38393432
0.46179256
0.08204687
0.22083117
0.43455775
0.09682772
0.07275511
0.36327983
0.09947954
0.19070711
0.40063897
0.13872840
0.08134067
0.50255960
0.50636833
0.27954519
0.46826765
0.32670901
0.30030444
0.47844591
0.31129805
0.14349827
0.10052505
0.34684573
0.06661583
0.35307621
0.13358699
0.32924908
0.44932976
0.15581103
0.18349507
0.34409544
0.13241359
0.14847601
0.10417480
0.18792892
0.14971699
0.12303230
0.16126651
0.31999870
0.38405053
0.18793703
0.36167233
0.12015089
0.15618117
0.10569686
0.09193234
0.12935718
0.31571029
0.11050845
0.26202495
0.21053321
0.07306967
0.34111672
0.38064905
0.11002964
0.15459314
0.04430882
0.22069443
0.39963897
0.15900072
0.10721903
0.40420701
0.45464777
0.06039826
0.08359589
0.27018178
0.52663057
0.44414877
0.11454331
0.10073945
0.09620405
0.41784702
0.12722595
0.30206903
0.16827167
0.37148200
0.09274687
0.08642123
0.36880228
0.31269342
0.15084142
0.35603263
0.40353660
0.19441737
0.08032959
0.08446894
0.47822393
0.20566975
0.11497161
0.19026747
0.42703664
0.20378462
0.24692609
0.06378260
0.08398396
0.50857749
0.45915203
0.52373034
0.36194803
0.10279598
0.47789711
0.08770653
0.22916445
0.19535890
0.32131241
0.30017538
0.33808783
0.33773101
0.03038878
0.33213406
0.16067696
0.18419265
0.44787360
0.08295506
0.30433657
0.36355404
0.24191106
0.13632316
0.50681322
0.44776364
0.42939253
0.02312706
0.42100350
0.10437436
0.42831282
0.27378729
0.15671953
0.44590520
0.33244855
0.37425853
0.39756654
0.06585541
0.09539537
0.35819555
0.19613668
0.26392159
0.43533148
0.38796349
0.15175478
0.28333391
0.09863671
0.12153939
0.36540332
0.12240285
0.23621672
0.38973598
0.11923612
0.32967906
0.40819704
0.17003879
0.09814835
0.41235132
0.45567865
0.49631609
0.01755962
0.14815750
0.11184787
0.23164452
0.11890577
0.43691288
0.15041192
0.50517811
0.08174492
0.42666514
0.09690626
0.10491435
0.18239703
0.32043968
0.24814667
0.34919580
0.27950999
0.09247506
0.15154848
0.41094524
0.12347352
0.12865434
0.27200944
0.26690000
0.41574514
0.37675797
0.16072123
0.08144777
0.35153434
0.24329747
0.54299438
0.09638532
0.24593407
0.20017665
0.22847629
0.38086579
0.49701764
0.08205018
0.12125451
0.26088270
0.12850517
0.11828687
0.12819221
0.41329319
0.22618878
0.11436300
0.12444218
0.14866639
0.38801927
0.40354251
0.36532405
0.43855841
0.09546109
0.10008971
0.08318409
0.42818592
0.08442351
0.16377022
0.36924402
0.38291017
0.19721472
0.03128807
0.05875371
0.13907286
0.07286133
0.14979837
0.39033612
0.34608389
0.32129481
0.39131448
0.26844565
0.11898631
0.18347689
0.35968791
0.16285756
0.31726379
0.06943724
0.14237914
0.31166431
0.32836854
0.14086557
0.36653313
0.07451014
0.09962588
0.13225172
0.10525919
0.19198044
0.29704132
0.45709146
0.36761601
0.12507791
0.08646357
0.15853311
0.14530471
0.37292596
0.20912541
0.12634574
0.37231357
0.09763401
0.31795217
0.41887434
0.38623557
0.07536919
0.38025384
0.16104805
0.09800829
0.08786876
0.15291958
0.10863019
0.20601747
0.36912440
0.14003299
0.13120763
0.29454516
0.02587702
0.35326735
0.11959633
0.12211536
0.17665607
0.40383329
0.09207258
0.08134448
0.18059676
0.16563690
0.11107716
0.27538390
0.13070748
0.27595134
0.45243894
0.36585331
0.43626445
0.29566688
0.13993509
0.38902924
0.39127379
0.11730092
0.22112222
0.44196330
0.07314039
0.24908819
0.09749472
0.29192917
0.12002200
0.33190489
0.12331853
0.32846417
0.48186258
0.36243906
0.30459814
0.28885393
0.13576843
0.14597744
0.22810963
0.44869455
0.34606305
0.11545406
0.11202570
0.14351512
0.40322116
0.18566558
0.44315316
0.51169067
0.52350812
0.45324209
0.11026002
0.26525498
0.02488006
0.43633489
0.16277876
0.07780103
0.11468824
0.44259739
0.11408060
0.11743486
0.44038970
0.47996202
0.37781829
0.07995740
0.39575156
0.28396982
0.18840258
0.23495271
0.50434395
0.37219094
0.14812308
0.19745998
0.29739593
0.13699793
0.19349144
0.10983326
0.19031182
0.35144491
0.18464941
0.14431255
0.30926701
0.31659650
0.11035137
0.35222244
0.16394229
0.28306783
0.10554814
0.33367835
0.13567651
0.46501605
0.06665059
0.36066976
0.16041488
0.05108286
0.33116899
0.33262819
0.16236423
0.10155933
0.09177898
0.24795188
0.16256793
0.49834940
0.06735551
0.09993951
0.47373006
0.10607250
0.38505594
0.29718919
0.39121729
0.33370294
0.35236578
0.06337336
0.10271277
0.40977818
0.42957590
0.40942217
0.11758676
0.33943466
0.11083011
0.23748682
0.05677529
0.12562345
0.10721146
0.34966749
0.10065057
0.06509633
0.13516225
0.06947085
0.10551253
0.35004108
0.07429872
0.36004019
0.14014756
0.45019261
0.11202938
0.41178235
0.08778649
0.44571386
0.22379077
0.24894128
0.41965448
0.42111324
0.14811581
0.46893346
0.34308501
0.25442955
0.07577701
0.29133486
0.13478852
0.09112211
0.45611219
0.31253300
0.40531843
0.34540412
0.19088900
0.13491997
0.43998438
0.41838733
0.31297598
0.31548170
0.43720191
0.44785741
0.13736283
0.31862517
0.36122904
0.43833208
0.22545912
0.09253544
0.10165882
0.11464846
0.06444567
0.13476960
0.13843002
0.21950916
0.34718906
0.23954682
0.10262613
0.19370484
0.36411236
0.39884484
0.31207700
0.42777494
0.37235162
0.12093025
0.15790883
0.20384709
0.04322468
0.34412946
0.47508765
0.05805633
0.08750074
0.11379682
0.23563639
0.32793589
0.31640244
0.10524895
0.36189149
0.30481936
0.31069450
0.42715943
0.15701910
0.35301903
0.17773065
0.30486351
0.45554280
0.32674681
0.09429891
0.13890242
0.43212652
0.12292509
0.41395572
0.38357796
0.20236433
0.43246785
0.47222874
0.45346286
0.44618021
0.39712517
0.12947271
0.27835261
0.11846328
0.18640412
0.36229337
0.15791879
0.50785287
0.19437258
0.32259792
0.23990410
0.37097479
0.38028458
0.17080852
0.05451591
0.09146918
0.32730623
0.07324723
0.13737031
0.47663974
0.11396093
0.05409179
0.10959550
0.09541356
0.19023011
0.09688414
0.47023668
0.41131076
0.07722959
0.10455452
0.08577497
0.46554402
0.13414130
0.41629312
0.12463251
0.09644645
0.09280312
0.16039992
0.05785009
0.42472276
0.22388053
0.44348502
0.15242609
0.34964173
0.28496274
0.46004885
0.10031178
0.07018545
0.10059001
0.32972892
0.44069082
0.22669259
0.13444129
0.08740303
0.10913975
0.38488750
0.40611633
0.12653994
0.22476406
0.23610713
0.30302570
0.17490597
0.19805422
0.05977293
0.12541391
0.09924788
0.19531118
0.13781591
0.09938018
0.33695977
0.23189005
0.12757220
0.38306316
0.08971142
0.38342943
0.06767571
0.49514530
0.16080207
0.15201765
0.11240069
0.19199569
0.11496097
0.03853121
0.20073794
0.35332223
0.13592858
0.23597236
0.46522044
0.12952915
0.16457865
0.26855602
0.08901835
0.42304977
0.34056973
0.32995263
0.18928245
0.10873517
0.34675966
0.11522445
0.08123773
0.41959383
0.15586753
0.08878108
0.39733942
0.30782804
0.06821079
0.33462373
0.42015331
0.08535450
0.12080500
0.04047105
0.03691496
0.43778001
0.09912747
0.11826750
0.49919085
0.49663477
0.17727887
0.41640049
0.08719744
0.14333190
0.22425798
0.17704219
0.41262373
0.37786382
0.06945612
0.41520533
0.44014906
0.12780102
0.09729414
0.10645598
0.16458778
0.11809531
0.12124429
0.34246561
0.28353627
0.09745747
0.26818611
0.32584890
0.09839336
0.12322211
0.15454065
0.11183076
0.32788265
0.37717359
0.11518222
0.39767678
0.10443198
0.13687753
0.08660171
0.49824631
0.15831684
0.13326968
0.37960263
0.41543177
0.05683192
0.38971486
0.32313697
0.30708857
0.46379420
0.23581587
0.40241945
0.42091550
0.07511692
0.19442327
0.06496161
0.11579736
0.14058721
0.39375306
0.12673287
0.13592171
0.18731814
0.25979619
0.10763498
0.29400893
0.18697983
0.10221503
0.39375130
0.20240961
0.29971405
0.03970998
0.14491833
0.28380921
0.29450220
0.28656494
0.10466666
0.25832117
0.13999028
0.37306760
0.16089674
0.17145997
0.40685277
0.15896847
0.34315444
0.29491955
0.42156567
0.15168186
0.24617207
0.29425818
0.42631931
0.04419550
0.25050497
0.42934992
0.06905762
0.08443105
0.43856571
0.07809738
0.30857393
0.40632691
0.09196767
0.30774058
0.13274943
0.32651147
0.34366966
0.14038529
0.16542752
0.10393200
0.14268013
0.15508129
0.09903341
0.21059184
0.48222526
0.03906339
0.08274662
0.32175693
0.28844685
0.19936184
0.07392347
0.35815814
0.20481355
0.23991853
0.11841349
0.40693804
0.09282001
0.42644494
0.15785799
0.13428905
0.08910764
0.15129781
0.14020936
0.12470677
0.23476781
0.30267304
0.07613676
0.36055276
0.15569056
0.17935173
0.26119571
0.11899389
0.13359452
0.04981292
0.13315919
0.38619990
0.25495083
0.45729624
0.34604801
0.36742199
0.36983633
0.45488585
0.39354783
0.28264629
0.33050212
0.10737225
0.08190981
0.25531913
0.28398838
0.37909549
0.20057668
0.09885576
0.13799318
0.41997737
0.34165326
0.48923930
0.21207349
0.13928696
0.40220015
0.15847599
0.44859271
0.16889275
0.25720358
0.15597258
0.10834473
0.38963384
0.13434067
0.21067208
0.10157071
0.29088370
0.05240564
0.08391972
0.41703626
0.38137408
0.20884141
0.07486013
0.50881063
0.41208681
0.04611422
0.35578399
0.41887725
0.16236136
0.08018280
0.08810605
0.13461693
0.09851752
0.07764044
0.09122832
0.10672925
0.08493368
0.08869109
0.55612044
0.27833712
0.08943975
0.42059161
0.10866103
0.08812771
0.21182199
0.28923080
0.43414250
0.36768694
0.22681868
0.43550233
0.14997158
0.09360830
0.10260248
0.21062101
0.07496685
0.12071479
0.17455816
0.29116097
0.12465960
0.11048415
0.08315922
0.06170522
0.45463308
0.08446145
0.09116936
0.03779985
0.37746230
0.23643202
0.09231846
0.24340897
0.45763044
0.42464896
0.10818468
0.11175229
0.10257653
0.24656342
0.16970649
0.07640708
0.38663848
0.16618299
0.19433118
0.10894377
0.22704738
0.28889741
0.09326535
0.15497975
0.20655786
0.38893892
0.33381131
0.42858152
0.40699753
0.18072036
0.11844504
0.09957183
0.13512111
0.16699441
0.17248948
0.46493286
0.40072269
0.11513622
0.34799527
0.25370692
0.06160028
0.43700821
0.41193930
0.03324940
0.10966133
0.23410696
0.09022291
0.44070269
0.13807315
0.10592291
0.27861803
0.33013925
0.04720517
0.34121504
0.17049652
0.40972103
0.23200884
0.36830389
0.18559544
0.09543251
0.39430602
0.27710465
0.49228978
0.30980336
0.31299405
0.14071829
0.27988540
0.22746764
0.45788615
0.11205066
0.15284904
0.17831189
0.13013065
0.35973008
0.23365181
0.09583390
0.18507295
0.31721209
0.10919776
0.32891770
0.12871546
0.14175634
0.40234123
0.46836325
0.40940282
0.22903699
0.13812131
0.20221237
0.09844190
0.18723085
0.08480881
0.06019681
0.35233925
0.19485914
0.43998650
0.06196606
0.11243994
0.10591281
0.15802266
