0.11232172
0.17938317
0.48418467
0.17938317
0.17938317
0.29733512
0.17938317
0.23910700
0.24182440
0.13617508
0.17938317
0.12884603
0.17938317
0.13270473
0.13563108
0.17938317
0.18155553
0.30288169
0.13401328
0.17938317
0.53246392
0.53055199
0.17938317
0.00315608
0.31008956
0.37403905
0.18931134
0.17466549
0.34744199
0.27613824
0.10673253
0.50327966
0.17938317
0.47520941
0.52928930
0.17938317
0.30138838
0.14022393
0.11416874
0.17938317
0.15801265
0.50204133
0.18191671
0.20030616
0.09946724
0.00107135
0.17938317
0.17938317
0.23894476
0.16509510
0.17938317
0.17938317
0.17938317
0.17938317
0.15730643
0.32784329
0.13555562
0.21744179
0.23510061
0.13920753
0.17938317
0.15496982
0.02665291
0.24285034
0.13376959
0.17938317
0.14661154
0.26546963
0.19188762
0.13415427
0.23167253
0.50631216
0.17938317
0.02047676
0.23236719
0.20718966
0.44225222
0.24093966
0.48089858
0.21328151
0.00100792
0.52147133
0.02639459
0.34133906
0.17938317
0.28969380
0.17938317
0.50680201
0.08428678
0.23466094
0.17938317
0.48189474
0.12278768
0.00056931
0.32051389
0.17938317
0.13918479
0.17938317
0.52225785
0.28440147
0.46566894
0.49632625
0.02342262
0.25178815
0.02493419
0.14919103
0.06091462
0.53241105
0.17938317
0.14166406
0.18896895
0.18546930
0.17938317
0.06021012
0.45816637
0.29051229
0.07350239
0.11636928
0.08843236
0.23450753
0.31265712
0.17938317
0.17938317
0.52400268
0.12982854
0.16016514
0.12804434
0.00077330
0.23848470
0.17938317
0.24186061
0.17938317
0.09767566
0.12879630
0.19518029
0.47887986
0.17938317
0.13484958
0.16573037
0.00016798
0.08598058
0.15484844
0.51141101
0.17583127
0.47508824
0.17938317
0.36967049
0.12803614
0.14461519
0.13485471
0.17938317
0.17093945
0.17938317
0.22757077
0.17938317
0.18222309
0.17938317
0.47403398
0.24160763
0.17938317
0.33966527
0.21502567
0.05771822
0.46340583
0.24702199
0.43060153
0.14214649
0.21649590
0.33574473
0.17938317
0.11416874
0.17938317
0.18289622
0.47189977
0.17938317
0.17938317
0.17938317
0.17938317
0.23464334
0.14392780
0.13568921
0.22430375
0.00513203
0.22874701
0.05840339
0.11064431
0.17938317
0.17938317
0.16300406
0.17938317
0.44414301
0.43333141
0.17938317
0.03399181
0.17938317
0.00012039
0.02660061
0.37126218
0.17938317
0.02294504
0.17938317
0.17938317
0.17938317
0.02340065
0.17938317
0.45721088
0.16100906
0.14854276
0.24142894
0.23529208
0.17938317
0.17938317
0.01004837
0.03678274
0.00472660
0.17938317
0.16036686
0.41836164
0.13319446
0.24178580
0.12438076
0.05104829
0.17938317
0.22457617
0.23935383
0.14725259
0.37893284
0.14096573
0.02621678
0.34934878
0.11909350
0.16581643
0.44657078
0.37947314
0.14299019
0.17938317
0.17938317
0.12808160
0.12968391
0.46973151
0.23093380
0.00000000
0.03128782
0.32614013
0.49255872
0.35019766
0.17938317
0.17938317
0.17938317
0.35506696
0.26784405
0.50962288
0.13886977
0.17938317
0.38430421
0.17938317
0.02544833
0.39170369
0.17938317
0.04534143
0.02594976
0.17938317
0.00019472
0.17938317
0.12987088
0.42796239
0.51505264
0.03989132
0.11655626
0.02893280
0.09114631
0.17938317
0.13674795
0.10516550
0.13162010
0.21584845
0.11693039
0.22695085
0.44312326
0.15680619
0.16186723
0.14948914
0.17938317
0.17938317
0.38643286
0.26471156
0.09766563
0.06170096
0.26012105
0.22615421
0.14413215
0.17938317
0.05177564
0.17938317
0.16790597
0.10018682
0.09910807
0.17938317
0.16585326
0.25898155
0.03312952
0.33538770
0.13220940
0.17938317
0.42361022
0.17938317
0.17938317
0.47802660
0.00337782
0.21390586
0.03712288
0.17938317
0.19717658
0.20194634
0.13197271
0.19656600
0.00858653
0.07366031
0.17938317
0.53081899
0.47613388
0.06875524
0.18081930
0.02288209
0.15106029
0.23524051
0.05282032
0.16400337
0.05760314
0.10542679
0.34415177
0.17938317
0.17938317
0.14879348
0.05414217
0.11077603
0.17938317
0.22037965
0.17938317
0.50509825
0.18251935
0.53238665
0.02888514
0.17938317
0.14780633
0.17938317
0.17938317
0.01121505
0.04530406
0.17938317
0.13027472
0.17938317
0.24168162
0.17938317
0.43288836
0.45119589
0.51767551
0.17938317
0.13950444
0.17938317
0.19973662
0.17105433
0.02937507
0.17938317
0.07738080
0.25706707
0.17938317
0.13134979
0.14504834
0.07951919
0.22965493
0.02289943
0.15154776
0.03173769
0.17938317
0.01743377
0.30661692
0.23004418
0.42596213
0.23311109
0.27925199
0.17938317
0.17938317
0.17938317
0.17938317
0.18506667
0.17938317
0.17938317
0.24168162
0.24014581
0.20354352
0.09928760
0.43421511
0.17938317
0.12633823
0.06035060
0.17938317
0.23859549
0.17938317
0.04647167
0.10485251
0.05294862
0.24361086
0.16586590
0.25833656
0.10164332
0.17938317
0.09964698
0.20738302
0.16164264
0.17938317
0.07978914
0.17938317
0.14233296
0.17938317
0.17938317
0.48179281
0.14486969
0.17938317
0.17048081
0.18614909
0.48984907
0.17938317
0.17938317
0.17938317
0.17938317
0.17938317
0.17938317
0.03243141
0.53140368
0.13231125
0.17938317
0.17938317
0.42523553
0.40606267
0.51624422
0.17938317
0.04357398
0.15854160
0.12388390
0.07978914
0.17938317
0.21082239
0.43694990
0.08028323
0.17938317
0.17255525
0.16111434
0.51361055
0.27547426
0.16324598
0.17938317
0.17938317
0.29905745
0.22987496
0.52979460
0.05609616
0.17938317
0.44073935
0.04679514
0.10673253
0.02514812
0.17938317
0.17938317
0.23673893
0.21729853
0.52386011
0.19072244
0.13290833
0.52221495
0.19487027
0.17938317
0.17938317
0.17938317
0.34357143
0.17938317
0.08244080
0.12973230
0.23852830
0.17938317
0.51297545
0.17938317
0.05858878
0.13101620
0.24118577
0.17938317
0.49255872
0.19707004
0.06515675
0.18396875
0.53246047
0.01307631
0.20128944
0.22701174
0.23619436
0.03016144
0.11245573
0.39899562
0.01350784
0.12162281
0.44287291
0.18139949
0.09749486
0.17938317
0.14579726
0.04442581
0.03814206
0.33574473
0.19403383
0.14144935
0.45160303
0.05941197
0.15859011
0.12840204
0.51832170
0.45917158
0.14469276
0.53198684
0.17938317
0.30022345
0.17938317
0.21607154
0.08547091
0.07677485
0.17938317
0.16745683
0.17938317
0.24118652
0.09638180
0.16585326
0.20829255
0.22771057
0.51565357
0.12804434
0.17938317
0.17938317
0.23396222
0.52082174
0.17938317
0.14392299
0.13352914
0.13681282
0.21186561
0.17938317
0.14804541
0.17938317
0.43815173
0.15283498
0.14054217
0.13886977
0.33630608
0.13186313
0.17938317
0.13041654
0.17938317
0.13674795
0.13732603
0.14446058
0.53144701
0.11647503
0.24746453
0.00025407
0.06148202
0.17938317
0.49202936
0.29028078
0.13608229
0.12808160
0.17938317
0.15079262
0.14002549
0.32888291
0.17938317
0.41405450
0.12820037
0.17278736
0.18639168
0.02737070
0.17938317
0.36296914
0.31757489
0.23730833
0.21849578
0.24232487
0.53100682
0.17938317
0.17938317
0.17938317
0.10114330
0.03002597
0.17938317
0.19740654
0.23971043
0.17938317
0.40146949
0.52205841
0.48861842
0.41594779
0.02573851
0.00876335
0.21732339
0.42028195
0.13649187
0.15265555
0.17938317
0.47086168
0.48799704
0.24821373
0.15163920
0.12803814
0.08244312
0.17938317
0.12597963
0.17938317
0.02886861
0.52147133
0.15872564
0.46712806
0.17938317
0.00527072
0.50090071
0.20495965
0.17933556
0.17938317
0.13032974
0.06694134
0.13128481
0.41689003
0.49800619
0.17938317
0.17938317
0.17938317
0.16324041
0.20382297
0.51998433
0.11562187
0.17025201
0.00421097
0.17938317
0.17938317
0.17938317
0.29237766
0.07837849
0.04346818
0.01101646
0.49991865
0.41642802
0.22775486
0.16303063
0.48547142
0.17938317
0.01329127
0.06733653
0.17938317
0.17938317
0.17938317
0.36593724
0.17938317
0.06035060
0.06176698
0.03574292
0.17938317
0.17938317
0.02332967
0.12912777
0.24069691
0.21539451
0.27317920
0.11961924
0.12836310
0.03610644
0.17938317
0.04493439
0.07572927
0.23527056
0.02381806
0.02349101
0.03280553
0.17938317
0.42689691
0.05088302
0.17938317
0.13937602
0.07524920
0.33010879
0.51894228
0.17938317
0.19172879
0.15737545
0.20133725
0.17938317
0.06384285
0.04110451
0.02344500
0.50256144
0.51929412
0.34007749
0.50430826
0.12925978
0.14449304
0.17938317
0.42875614
0.06701802
0.03322862
0.41594256
0.17938317
0.51354775
0.13315871
0.01918200
0.17938317
0.17938317
0.49815310
0.17938317
0.17938317
0.36271624
0.12919435
0.17938317
0.03063211
0.16300406
0.00028667
0.39483079
0.12956435
0.21781194
0.17938317
0.33010879
0.09693766
0.41547556
0.17938317
0.17938317
0.04859652
0.13185132
0.17938317
0.15074248
0.37337658
0.17938317
0.52864681
0.17938317
0.07395007
0.05334865
0.02289512
0.17938317
0.17938317
0.51946836
0.17938317
0.17938317
0.02315371
0.13586258
0.17850169
0.20246795
0.13796740
0.36913881
0.14241910
0.19943847
0.13769422
0.12848355
0.17938317
0.53215785
0.17938317
0.34066122
0.17938317
0.11299004
0.17938317
0.23037914
0.22216097
0.00707196
0.22771057
0.07334466
0.02288196
0.15648528
0.31204949
0.23376662
0.17938317
0.17938317
0.00459501
0.17938317
0.02354886
0.17938317
0.17938317
0.36432914
0.17938317
0.39849883
0.16631851
0.44355742
0.25059683
0.06466201
0.42596213
0.17938317
0.19732877
0.38377026
0.41452892
0.22081142
0.03615745
0.03430611
0.13845100
0.14814478
0.21502567
0.20908318
0.17938317
0.17938317
0.17938317
0.23927447
0.07669407
0.48894675
0.13081003
0.26190477
0.17938317
0.00967282
0.24108143
0.52874208
0.17938317
0.17938317
0.17605948
0.44049923
0.11475951
0.02235294
0.23629494
0.12856667
0.51998433
0.15156546
0.07272431
0.23678233
0.17938317
0.53117512
0.15496982
0.45442852
0.17938317
0.53241105
0.02818221
0.02351880
0.47009524
0.52794737
0.17938317
0.17938317
0.17938317
0.17938317
0.17938317
0.53242986
0.17938317
0.17938317
0.09964698
0.17938317
0.41923268
0.10508507
0.12804280
0.17938317
0.48386050
0.17938317
0.17938317
0.17938317
0.17938317
0.08747865
0.08652850
0.13763271
0.17938317
0.17938317
0.14423001
0.17938317
0.20187860
0.17938317
0.17938317
0.12864063
0.35730604
0.17158089
0.15800655
0.19775889
0.14547817
0.13083416
0.16775692
0.52221495
0.05192862
0.12836311
0.23965904
0.10563346
0.18396875
0.42596213
0.36631771
0.02321656
0.17938317
0.19124970
0.07007414
0.17938317
0.17938317
0.43334343
0.16031870
0.08837595
0.21002998
0.17938317
0.24344632
0.17938317
0.17938317
0.17938317
0.52241176
0.23065692
0.17938317
0.14685774
0.34762169
0.17938317
0.17938317
0.14964078
0.14621864
0.22719921
0.17938317
0.15852124
0.26788567
0.06876241
0.15921738
0.16027566
0.10370736
0.53025789
0.03439091
0.44995911
0.09083211
0.17938317
0.14784685
0.17938317
0.17938317
0.16163857
0.17938317
0.13822083
0.17938317
0.17938317
0.17938317
0.12971564
0.30138838
0.05099621
0.37390376
0.08028323
0.24120667
0.05005624
0.02624342
0.13182486
0.09179812
0.16585326
0.18018925
0.23602604
0.42201916
0.29905745
0.17938317
0.17938317
0.15792884
0.13471698
0.23911206
0.42614759
0.09228242
0.53234266
0.17938317
0.16338671
0.17938317
0.18348518
0.53075401
0.17938317
0.20296134
0.09618744
0.17938317
0.24105612
0.01439025
0.53093649
0.23459863
0.17938317
0.17938317
0.52972025
0.10064407
0.17938317
0.17938317
0.12810049
0.34992329
0.02385541
0.17938317
0.12896603
0.20160098
0.17938317
0.10691600
0.47009524
0.17938317
0.21584165
0.05158684
0.17096776
0.15180701
0.40706508
0.17938317
0.13843357
0.07677485
0.49645216
0.17938317
0.04456596
0.17500717
0.17938317
0.22022689
0.17938317
0.21186406
0.17938317
0.17938317
0.23125508
0.13540209
0.17938317
0.03355523
0.11595340
0.51184713
0.22821010
0.26851966
