0.49836684
0.95520130
0.83876235
0.92313115
0.56017092
0.75232725
0.86544059
0.86750458
0.69217167
0.20823913
0.88353829
0.74263763
0.76501588
0.86651871
0.93484642
0.31482209
0.49005023
0.78712769
0.39730175
0.46921886
0.56708190
0.76943483
0.56350310
0.74603575
0.85141618
0.86381195
0.95057369
0.87915584
0.72107745
0.80363282
0.66439990
0.23567469
0.59431926
0.38830839
0.93589823
0.55181909
0.74257273
0.80519023
0.31379411
0.72933308
0.57337302
0.36139803
0.91525172
0.34526503
0.76897444
0.44015917
0.93720240
0.72028222
0.41970875
0.93946470
0.76440383
0.48451344
0.67530576
0.95768232
0.20045430
0.76856515
0.43059085
0.77067249
0.96664801
0.83131423
0.91303009
0.32835500
0.77680505
0.91400427
0.22003540
0.45295391
0.28138961
0.60954874
0.42123792
0.12944557
0.57943345
0.79625286
0.30118820
0.20096085
0.84907025
0.49584488
0.36275224
0.24928363
0.54190960
0.82783519
0.85908463
0.28438761
0.92461965
0.84093282
0.84761575
0.57768588
0.77559792
0.67238199
0.76308574
0.97076911
0.92310451
0.87933260
0.55858433
0.53519706
0.71050971
0.94866110
0.33723510
0.54192442
0.28043578
0.53442476
0.31671093
0.42977979
0.63662474
0.59498805
0.46613403
0.79466581
0.87695595
0.89405557
0.80739317
0.58341353
0.97161190
0.15754718
0.54798627
0.14168161
0.31801980
0.87026985
0.53213774
0.60180342
0.86799111
0.43390148
0.94680060
0.22487799
0.17889280
0.53556461
0.57905553
0.71617802
0.57823166
0.83235691
0.67585968
0.85261101
0.58638852
0.80454695
0.92735618
0.40550359
0.58716812
0.76280632
0.55301353
0.73978238
0.42312642
0.88609532
0.95172420
0.90509857
0.22371254
0.64499692
0.69676516
0.48020539
0.19140195
0.26927781
0.71276724
0.92126838
0.73592148
0.83899843
0.86375391
0.56503043
0.68024970
0.87098834
0.39674211
0.86518595
0.64724323
0.17658639
0.25677245
0.58134994
0.72814073
0.43896188
0.40063225
0.61049991
0.62249632
0.47459538
0.48431001
0.89341089
0.73788359
0.82726593
0.50452514
0.66857555
0.88813751
0.75944343
0.56796908
0.46005583
0.74383614
0.71006831
0.86360409
0.26231243
0.41471682
0.85854340
0.93050568
0.50579373
0.88771441
0.76970619
0.25273834
0.76405315
0.42722198
0.15215206
0.25241035
0.82155553
0.52174718
0.91862233
0.86894003
0.53280455
0.84063672
0.16835659
0.45880261
0.20076955
0.58253738
0.69154658
0.71783911
0.28168739
0.23733025
0.95977728
0.37089682
0.41006410
0.33061965
0.92145348
0.75042079
0.56525459
0.36599375
0.28718873
0.72359388
0.33368256
0.26888161
0.29422470
0.87663316
0.79883066
0.88324811
0.89329654
0.79433584
0.80160219
0.62387961
0.21571957
0.30407148
0.90313197
0.29114209
0.91011877
0.19140926
0.68238747
0.13620364
0.38329281
0.90740944
0.47469555
0.37378502
0.18727081
0.92364634
0.29714231
0.80229112
0.41490093
0.87375268
0.78972412
0.45979049
0.68205771
0.23386061
0.17405340
0.42346638
0.72221856
0.28203219
0.87338533
0.16637201
0.93446889
0.54181031
0.50171855
0.60288602
0.14882832
0.70113993
0.88167977
0.94322988
0.63669375
0.66770080
0.31104249
0.40989841
0.70772699
0.26053214
0.93786814
0.76614934
0.57380081
0.49833593
0.61141236
0.37434096
0.56528803
0.45857609
0.28861153
0.93169975
0.89888866
0.64150815
0.53133944
0.75836192
0.52161977
0.40481626
0.66284902
0.61977402
0.93155066
0.80623456
0.47519385
0.53882967
0.17847684
0.24211913
0.64364806
0.57090528
0.24450788
0.92271094
0.85865330
0.22792992
0.68177642
0.43422560
0.95039292
0.28699604
0.79811827
0.44433421
0.59852323
0.28080081
0.72537316
0.48797559
0.40957964
0.20442257
0.73328534
0.93593647
0.49128004
0.56402504
0.25031954
0.82532246
0.77009582
0.93454644
0.46649609
0.23620122
0.31161716
0.87887858
0.55259433
0.62412513
0.40940887
0.43120799
0.92007461
0.56290285
0.80658188
0.21138817
0.91087692
0.36196275
0.38324201
0.77383958
0.34222727
0.42199102
0.71164306
0.79488364
0.55829395
0.27119285
0.38284154
0.64789326
0.81550773
0.54599853
0.44842618
0.75251944
0.80905105
0.44342066
0.40304491
0.65906763
0.87085521
0.71116886
0.50443620
0.54257667
0.55451642
0.82862581
0.52159567
0.94667445
0.95774136
0.78060749
0.55545080
0.33530057
0.38415920
0.83330809
0.26483579
0.59512133
0.88894864
0.50323423
0.83387983
0.15981559
0.92136953
0.37799892
0.88466712
0.26881479
0.91251365
0.81666366
0.28595136
0.90626657
0.31258232
0.16323056
0.62002264
0.83153474
0.64316597
0.38085387
0.70013541
0.76207777
0.77388186
0.47897447
0.40462595
0.37618220
0.47388726
0.85374262
0.83737159
0.64759223
0.50354258
0.95258582
0.93986604
0.75046821
0.75589292
0.14097581
0.90575034
0.27208345
0.65547296
0.40901062
0.79288639
0.64321052
0.20828815
0.94959834
0.49339559
0.56186027
0.95922941
0.82108687
0.97739466
0.59020802
0.43124790
0.69157683
0.38451618
0.25115089
0.78854049
0.50275936
0.80416004
0.49851276
0.50943234
0.76207529
0.33272223
0.29460578
0.54683318
0.20068838
0.40468173
0.94357875
0.75573906
0.89724473
0.63702707
0.82009746
0.85101613
0.62609060
0.25899469
0.55204524
0.73657966
0.56673732
0.93795835
0.54309657
0.66072357
0.83558768
0.56726269
0.67121129
0.79985090
0.22720823
0.89354066
0.26888856
0.43563217
0.24566990
0.63093684
0.48900103
0.43780609
0.81328346
0.42486207
0.38657916
0.45600625
0.94996786
0.58945879
0.59085373
0.84385038
0.19664806
0.67086690
0.84560345
0.63818129
0.76116387
0.18117138
0.16038742
0.34792821
0.20374717
0.89743504
0.26846734
0.83718917
0.93478278
0.49155757
0.86477221
0.33578435
0.89585878
0.30984393
0.87997613
0.61112374
0.76392510
0.66596053
0.89003507
0.28689972
0.24265262
0.36350184
0.78547776
0.64989923
0.78912791
0.22512896
0.93017824
0.36596564
0.39363450
0.66127224
0.20938460
0.35636991
0.52972205
0.24017254
0.17100976
0.26815194
0.26583561
0.57006933
0.48060631
0.21549227
0.80510261
0.87256208
0.36039365
0.82121735
0.49540442
0.61016761
0.91593026
0.89703404
0.15219787
0.69802898
0.52778584
0.85355621
0.48893773
0.60289809
0.71816244
0.89711307
0.17607690
0.95119615
0.75722905
0.79421438
0.15118547
0.28502004
0.51456451
0.54679995
0.78556280
0.89731221
0.46584123
0.60630601
0.43177123
0.32472726
0.39466629
0.73065181
0.40016811
0.89271660
0.67977056
0.59926637
0.95477795
0.13019907
0.34669575
0.91491418
0.33715516
0.53966295
0.59855085
0.27888277
0.42755935
0.92158107
0.67470444
0.72164736
0.93978194
0.90677632
0.31365913
0.29028000
0.20560095
0.72378354
0.92170689
0.24269646
0.72469839
0.25578336
0.78298209
0.66320847
0.78558767
0.28164369
0.41129389
0.24567543
0.77995737
0.39247071
0.75326560
0.51026185
0.82510159
0.45146231
0.14241740
0.82574241
0.83201008
0.72031033
0.73896075
0.58394885
0.94978345
0.37027940
0.62655151
0.58767006
0.67268361
0.25085772
0.16645667
0.21752256
0.43116633
0.66640408
0.60581558
0.83917926
0.18393335
0.89220167
0.36363291
0.61315401
0.17638087
0.24503016
0.36917475
0.79647853
0.84094254
0.65591150
0.43326229
0.59795469
0.60622515
0.89698473
0.93168349
0.88038347
0.94217559
0.61792140
0.65259781
0.64128347
0.52990625
0.74910981
0.78149949
0.16301335
0.83670707
0.92040421
0.54354366
0.66726424
0.28126253
0.39295270
0.53061450
0.92238675
0.68624827
0.45015344
0.75501236
0.27671984
0.83889672
0.68599808
0.90703373
0.78942244
0.40470729
0.83367463
0.62170855
0.87219429
0.20787257
0.72689818
0.86751320
0.62539850
0.17921909
0.95858558
0.44134111
0.41305489
0.70121603
0.32100310
0.44137428
0.92426753
0.34589966
0.94461305
0.77718504
0.83839088
0.30083171
0.87217581
0.91887141
0.91118536
0.73983262
0.17917865
0.57059360
0.47340795
0.89971348
0.53499611
0.94113808
0.92322152
0.40410572
0.82537118
0.62714373
0.56871449
0.83296394
0.69703295
0.16465890
0.61706927
0.46420345
0.84840170
0.43612541
0.45593147
0.87652006
0.59917045
0.56206880
0.90094959
0.30581071
0.38394046
0.93964476
0.74327887
0.52071746
0.35192180
0.78681443
0.83158391
0.27282784
0.71902804
0.16901196
0.84056312
0.35732695
0.80009907
0.84758532
0.24565655
0.14314230
0.17713583
0.36307120
0.42383419
0.46400665
0.95099213
0.43628586
0.44567252
0.83590619
0.53880961
0.52099482
0.65110202
0.78147389
0.91630393
0.97267117
0.56129914
0.32564468
0.42948274
0.31991857
0.67769887
0.83291004
0.78530097
0.80129970
0.60837094
0.59826088
0.14486351
0.62798867
0.50423117
0.53812024
0.80597936
0.83911489
0.93660181
0.24770772
0.76098721
0.31077517
0.23490541
0.38235780
0.17202216
0.80176290
0.26618868
0.47532870
0.49561236
0.72394260
0.23231341
0.90964510
0.84176768
0.53601657
0.89708299
0.44068258
0.40467016
0.83461574
0.74299870
0.75721265
0.71622374
0.32320127
0.48937690
0.23372852
0.77637845
0.46581085
0.31099602
0.88542697
0.89977520
0.74909076
0.33223469
0.96996856
0.47761446
0.40774891
0.68745746
0.69777724
0.27110890
0.87547029
0.75152147
0.36317553
0.87203981
0.62384342
0.47418422
0.18036242
0.88203423
0.89358081
0.76615797
0.58123133
0.87862067
0.15362112
0.41725790
0.23146423
0.62024018
0.69963763
0.38912888
0.90157367
0.34414650
0.58789922
0.68696420
0.89839126
0.90545663
0.43179791
0.90806707
0.50345872
0.85882265
0.72367266
0.13428259
0.26243924
0.33513142
0.13965217
0.21907341
0.76114100
0.80415606
0.83172377
0.27074474
0.38657870
0.34895219
0.58303806
0.29263640
0.80809501
0.30249854
0.27599333
0.21279511
0.51414635
0.78614778
0.23968655
0.75525004
0.90368563
0.80320332
0.21759024
0.87141780
0.69521559
0.31168135
0.30342624
0.38955535
0.68273533
0.20370890
0.54580969
0.76069867
0.21671033
0.55450172
0.68979037
0.22296688
0.66692768
0.19546140
0.92908381
0.82513372
0.58155124
0.96825419
0.63062454
0.89405181
0.95113998
0.21066552
0.67373220
0.88840889
0.94498201
0.56888976
0.71228960
0.47889093
0.28850256
0.66520586
0.17714637
0.60626302
0.73599467
0.65174357
0.41785892
0.79548317
0.75971681
0.40444589
0.68017830
0.85958652
0.51758772
0.93130927
0.76652960
0.89091753
0.82369083
0.95895298
0.16991158
0.74675817
0.81422807
0.21618482
0.94781064
0.32505589
0.97175405
0.93295749
0.36518372
0.82045810
0.81939192
0.48795268
0.82140109
0.42125609
0.85875008
0.52023755
0.21966767
0.77973936
0.15478435
0.51832996
0.32713406
0.16741370
0.16439893
0.68655020
0.87897632
0.69424846
0.63209622
0.75179141
0.62996967
0.93907567
0.35137337
0.71782774
0.52061552
0.47485125
0.71108065
0.62734772
0.12151190
0.86843685
0.45472192
0.87608914
0.72328388
0.35083843
0.25526187
0.89679993
0.35411487
0.31196080
0.37102739
0.93821291
0.39804356
0.89503877
0.81573936
0.90948992
0.60633702
0.21380321
0.19007962
0.25647675
0.41804228
0.82749494
0.90280671
0.74004463
0.68400352
0.42178330
0.30299884
0.18769926
0.74790484
0.80998692
0.84365510
0.69525417
0.89865871
0.55668582
0.88774638
0.69526772
0.63755328
0.40457102
0.78804535
0.31573960
0.95442730
0.20538926
0.25374622
0.29999688
0.46993580
0.69042475
0.74794962
0.67294461
0.78294743
0.96492226
0.71527476
0.45853236
0.94697700
0.91406918
0.57791728
0.86936617
0.23203247
0.84888334
0.77328492
0.70788954
0.53955224
0.88023818
0.61427628
0.33164134
0.95774034
0.81724103
0.87375089
0.71384723
0.62148309
0.63860127
0.44870693
0.89680042
0.61867826
0.88936174
0.59307221
0.92327745
0.55841632
0.82719742
0.67943796
0.33626731
0.72630566
0.57925876
0.76664755
0.91693847
0.43921112
0.57923291
0.87465261
0.35111224
0.13781175
0.33149713
0.58901814
0.65285463
0.88550833
0.40755514
