# NTRAJ	1000
0.83161546
0.25388022
0.89449453
0.68643306
0.47851452
0.65819072
0.63051124
0.83873665
0.40150316
0.88887664
0.40711036
0.91987108
0.89469336
0.57466745
0.72866726
0.81668846
0.71157479
0.82134993
0.81263894
0.75450867
0.74438142
0.42373481
0.82884323
0.71908856
0.66349860
0.78499400
0.41538424
0.50169114
0.85283588
0.78171259
0.90347212
0.89516080
0.86128553
0.76895555
0.41815692
0.41275317
0.90418347
0.87142223
0.43416085
0.87203431
0.56936650
0.95981212
0.74227123
0.29686887
0.55012358
0.68837358
0.68494195
0.55495314
0.74807010
0.50190964
0.88397379
0.52048686
0.54997959
0.76262456
0.90313323
0.84463995
0.79220753
0.33641845
0.36133501
0.72837381
0.74307268
0.76227731
0.92408517
0.93669515
0.18096104
0.82854502
0.89252053
0.72896107
0.67432630
0.22082687
0.69793047
0.74051330
0.52341058
0.69849265
0.71707202
0.14495292
0.59347640
0.77406400
0.77999746
0.73860640
0.56112270
0.68198878
0.26885884
0.84320041
0.40069001
0.83097144
0.36241127
0.50480151
0.77743749
0.86143597
0.89464524
0.40025638
0.84429604
0.81562245
0.27355405
0.92091575
0.60313447
0.67817663
0.89604846
0.61009574
0.72681782
0.89748897
0.89899869
0.60352939
0.25767727
0.41370254
0.21861419
0.49767036
0.86599436
0.91484889
0.60620762
0.40920602
0.50988946
0.68026033
0.73645700
0.38974953
0.86927666
0.73039233
0.56302658
0.92292975
0.64396745
0.21936020
0.33108512
0.72542483
0.58887027
0.54935913
0.27735559
0.94246703
0.67477641
0.39985580
0.78965201
0.20938338
0.82714378
0.76960385
0.77261407
0.75774001
0.31728555
0.83491321
0.74127591
0.60470454
0.44093662
0.60805272
0.29057739
0.37381492
0.94675029
0.82401597
0.70986474
0.72050932
0.75871329
0.84777457
0.71740285
0.77416624
0.82054852
0.65087408
0.66742379
0.28096788
0.20984025
0.77061521
0.75005941
0.65804359
0.84385870
0.59424557
0.82549662
0.39876028
0.34058737
0.66234970
0.73579842
0.49665741
0.22722451
0.40245447
0.91576217
0.57127683
0.91444415
0.73328755
0.93168853
0.33699817
0.91940004
0.32318813
0.74035714
0.94336536
0.76215836
0.69374454
0.90947451
0.59365642
0.47572243
0.79869316
0.54359151
0.37295780
0.65075216
0.78911481
0.83583529
0.70833939
0.42803508
0.88618070
0.66283409
0.72988178
0.94850394
0.26789357
0.89874815
0.90692362
0.31757205
0.71248917
0.42626036
0.30057219
0.71820579
0.22996264
0.58803668
0.50474394
0.63550784
0.81412040
0.69249518
0.90836822
0.28288250
0.81862698
0.66818799
0.84231874
0.76507491
0.38478870
0.70801690
0.50867040
0.93440939
0.88377657
0.49592190
0.92421717
0.74460085
0.78407281
0.38205175
0.61214627
0.64518271
0.29196783
0.60710020
0.86608341
0.83104508
0.52604176
0.78163258
0.74986880
0.79726617
0.10420851
0.39918773
0.79820637
0.57363288
0.68677793
0.89904509
0.74289654
0.89246027
0.59540900
0.53553809
0.72666855
0.83194309
0.26217970
0.43443763
0.85933139
0.57959304
0.66253682
0.26713904
0.74514529
0.82655992
0.91382366
0.60308528
0.60768905
0.80113450
0.47966123
0.37121659
0.10041810
0.95977830
0.51255380
0.28179318
0.68116804
0.67110159
0.59530863
0.49216565
0.57578467
0.63467622
0.64836526
0.20132192
0.56087314
0.83065454
0.69828294
0.71025441
0.87013432
0.72478123
0.79681422
0.76988416
0.71135620
0.57401095
0.49109422
0.50040194
0.47551732
0.37526022
0.32911762
0.70575513
0.68647683
0.92818880
0.32064425
0.92323726
0.67349847
0.33436605
0.67081708
0.63989318
0.79546286
0.53879057
0.94034571
0.87137769
0.42337264
0.86393404
0.56618904
0.75269040
0.73153943
0.83173628
0.58729563
0.55278637
0.59098763
0.38052503
0.72391183
0.96242883
0.06374438
0.84950830
0.76321627
0.52276734
0.12419427
0.87732831
0.48343750
0.87310844
0.50690828
0.77999426
0.53220702
0.78899373
0.82658643
0.96127772
0.49051646
0.41813190
0.74706419
0.27135900
0.83666476
0.43102012
0.88393899
0.80240991
0.29560056
0.43064927
0.76405078
0.72829998
0.66324439
0.64442851
0.68626321
0.60517516
0.36823996
0.84979820
0.63003909
0.69745319
0.73685468
0.94559392
0.65626655
0.40101635
0.24496865
0.50545927
0.47522160
0.72500607
0.89390248
0.35199923
0.79921887
0.79841384
0.82586509
0.80486071
0.97114898
0.63722727
0.85697287
0.81231088
0.51486128
0.90980092
0.70430377
0.72006811
0.24834214
0.74511889
0.58204709
0.80535924
0.91338130
0.83539577
0.95541599
0.33159477
0.70652405
0.85935455
0.24563425
0.42409367
0.79840950
0.84681735
0.78260264
0.54079284
0.94984160
0.43781762
0.17243769
0.53076280
0.80501190
0.84464542
0.81294159
0.83595765
0.39485774
0.59642378
0.87734960
0.88980614
0.86941147
0.81625679
0.91857060
0.49719313
0.35338864
0.46913306
0.41196729
0.51350856
0.60432959
0.24517991
0.85636666
0.75561888
0.84626446
0.76984169
0.74231280
0.74424470
0.83198017
0.92305852
0.77104856
0.83433730
0.95624829
0.98196946
0.71963700
0.81353267
0.11826984
0.60698567
0.68999286
0.50099930
0.88736194
0.56460458
0.40110856
0.49581080
0.20265539
0.46394484
0.75857589
0.90366320
0.36771958
0.29646464
0.62873758
0.77902109
0.67203902
0.54823321
0.44456387
0.60067656
0.48446333
0.68033656
0.75835358
0.41258078
0.87078165
0.88269436
0.58635447
0.83161836
0.78756439
0.66484483
0.74427984
0.72345958
0.70476618
0.66233962
0.40651332
0.45111259
0.70831341
0.54683706
0.91391709
0.48450681
0.65654167
0.62445253
0.77558103
0.95161952
0.87669558
0.78222928
0.35340621
0.28224629
0.91363876
0.95457520
0.41843010
0.96054474
0.74828733
0.82733306
0.62366202
0.83519388
0.86372363
0.92331793
0.42469646
0.74248932
0.26862110
0.59548492
0.45995493
0.52315671
0.91294245
0.91631369
0.66378727
0.61377336
0.63689266
0.73878716
0.70291326
0.80808193
0.92105388
0.78339734
0.87071680
0.25219441
0.57223462
0.88627246
0.80616490
0.71718831
0.83063952
0.92695364
0.78900428
0.63142123
0.85283326
0.83142312
0.27070704
0.68974983
0.66577019
0.77499491
0.66076740
0.86406222
0.91012302
0.63810629
0.83847677
0.88419811
0.88123686
0.80523768
0.65880762
0.28921319
0.57694361
0.94506040
0.80170182
0.63100385
0.62503779
0.76496542
0.75703690
0.89543598
0.74157899
0.86595078
0.69363018
0.89627274
0.86017257
0.46576014
0.91550241
0.65531963
0.94207229
0.30024325
0.58265989
0.46643157
0.57280173
0.48474492
0.68046062
0.73683365
0.50534002
0.96744769
0.87131454
0.63522087
0.69677018
0.71333008
0.47390100
0.69066394
0.69037390
0.44520527
0.23569348
0.94747412
0.89046217
0.19609703
0.74143930
0.80326482
0.91475965
0.76241579
0.52942346
0.67373704
0.72889391
0.81013781
0.79129865
0.64416790
0.19668256
0.75716945
0.71645900
0.43052372
0.37051606
0.56233488
0.77866892
0.34078013
0.73721429
0.70964660
0.54359970
0.35956683
0.61299341
0.75242803
0.69800125
0.51299002
0.51324620
0.77248512
0.34990414
0.34731732
0.35244307
0.79049128
0.90162555
0.60243046
0.79787324
0.86070005
0.54295248
0.70759601
0.52710376
0.59635715
0.69784167
0.55576103
0.91780523
0.82680929
0.85411735
0.79858878
0.16575186
0.75521963
0.72108500
0.70727373
0.74250965
0.65292556
0.75203828
0.89922992
0.85045499
0.59750853
0.42661107
0.78841992
0.71923653
0.84546222
0.70773193
0.82716920
0.70810186
0.87004160
0.87631803
0.53355381
0.73787982
0.50780480
0.37128553
0.59040758
0.62409640
0.86571097
0.83610359
0.51129777
0.49733442
0.69146719
0.60912372
0.92138244
0.74154807
0.64810405
0.95511318
0.75309831
0.34478327
0.58234729
0.61626471
0.81546479
0.45271330
0.37027323
0.90809399
0.65070867
0.91782495
0.73270183
0.65934317
0.48167600
0.49064593
0.35755141
0.94628029
0.87896698
0.57388427
0.74251878
0.49930551
0.71118788
0.45425583
0.65563658
0.30730152
0.83834858
0.50431382
0.66323543
0.72606661
0.80629033
0.71834979
0.63096308
0.60379652
0.60897260
0.75682524
0.41142782
0.61783242
0.72738237
0.53663267
0.47514503
0.85893927
0.41610397
0.77811953
0.52935989
0.55968239
0.60726934
0.60388291
0.80306339
0.66348830
0.63332218
0.62830454
0.19257514
0.70745147
0.78732599
0.30499939
0.95735374
0.77197615
0.71190208
0.77853489
0.79873920
0.78318112
0.90827266
0.40618186
0.82247598
0.69781550
0.91345798
0.33079967
0.62575166
0.66092062
0.89826348
0.59770938
0.63030726
0.54236379
0.64567729
0.19990181
0.91599185
0.53606696
0.53208997
0.72370939
0.29320444
0.82538274
0.75877186
0.32326244
0.56919748
0.89553889
0.47653696
0.19791742
0.61360344
0.86780436
0.51611667
0.23174934
0.75791168
0.61752174
0.55713360
0.28485791
0.76555880
0.21090887
0.70279390
0.33633198
0.88221385
0.28840555
0.67446850
0.76505589
0.64727487
0.24903066
0.13879066
0.61851235
0.52198530
0.26902178
0.40289599
0.91509004
0.25724265
0.08488865
0.53312520
0.40653140
0.91501316
0.27718357
0.72502828
0.90060953
0.22311229
0.35224965
0.22929297
0.71251226
0.92986632
0.42305546
0.54776748
0.87518098
0.80311562
0.54420298
0.83343365
0.88527221
0.87502924
0.78734338
0.44161962
0.64178354
0.87966623
0.78648074
0.84866067
0.48589179
0.55069104
0.88930764
0.52493107
0.29397265
0.31830310
0.77867759
0.78514686
0.68310538
0.90066712
0.50447968
0.36858904
0.09725415
0.14387939
0.80652301
0.44824659
0.48388526
0.85418356
0.14682715
0.25412157
0.86744234
0.87634368
0.79131169
0.83792132
0.34097323
0.92756981
0.42826780
0.67305481
0.02988354
0.56186362
0.88279843
0.68607712
0.68084629
0.91057681
0.45237064
0.07689188
0.57721786
0.72715058
0.90168394
0.36877258
0.67199420
0.90499193
0.91315201
0.59925582
0.69941891
0.20920072
0.72898100
0.71995707
0.41112294
0.90259279
0.20901105
0.58773007
0.55231673
0.85640202
0.43490136
0.72717482
0.87415892
0.59236260
0.60562948
0.66584275
0.43952269
0.90068604
0.91025700
0.68552970
0.73825092
0.46241239
0.81277325
0.79546482
0.88575938
0.82557090
0.35567866
0.75067003
0.84696959
0.82555218
0.88417071
0.74446366
0.74606555
0.56685947
0.52475289
0.82658479
0.35255116
0.84122751
0.88898699
0.70032376
0.65643575
0.81514543
0.87090412
0.39101122
0.86913836
0.73947212
0.87596714
0.86558223
0.35849430
0.59046416
0.26139135
0.82398501
0.31833968
0.85679787
0.77802799
0.80812620
0.55190621
0.92402628
0.62792540
0.77854402
0.12324302
0.91517302
0.95248169
0.75065840
0.41323288
0.51042271
0.20571952
0.71983182
0.57351728
0.54977633
0.67707074
0.79991701
0.44957385
0.47864794
0.27832454
0.58784905
0.55382737
0.80461605
0.91172163
0.70879874
0.81459156
0.96367615
0.92785390
0.85972550
0.47486913
0.89820002
0.80402775
0.67825267
0.46576482
0.61982649
0.63900465
0.72610564
0.63678761
0.68173964
0.51372776
0.59361805
0.37354093
0.68366342
0.87800317
0.81503999
0.75889280
0.28508531
0.87910823
0.34037402
0.51728601
0.51602929
0.82474525
0.91859338
0.46510077
0.75293942
0.78447691
0.64754436
0.08238800
0.84926078
0.86607684
0.65036486
0.77216113
0.38140266
0.58495674
0.81709043
0.91307178
0.54099325
0.59373654
0.72905133
0.73954894
0.51842764
0.67127305
0.87998886
0.58853379
0.55014959
0.44037261
0.60090160
0.74688066
0.65506499
0.60621335
0.84649884
0.73099856
0.53524397
0.48752752
0.47963725
0.74267659
0.64991589
0.79582884
0.46878864
0.76313919
0.34449483
0.34947087
0.59393639
0.31747119
0.71715531
0.30122728
0.62888831
0.94322829
0.47971062
0.58670329
0.33200149
0.89685441
0.47238020
0.34314008
0.84934210
0.39029831
0.85117980
0.87125909
0.89149997
0.49832186
0.85781840
0.70451357
0.83222939
0.47374966
0.16013661
0.48726005
0.63677952
0.66706475
0.56271865
0.12032436
0.39302292
0.88535444
