0.49277106
0.51965551
0.16388577
0.41724851
0.02239826
0.00589694
0.52746088
0.03975311
0.30912941
0.35197588
0.20578519
0.23311902
0.00453944
0.34282350
0.02336615
0.36997069
0.39096390
0.09514209
0.00116757
0.47120925
0.44676581
0.42402394
0.00088634
0.04822902
0.38165997
0.00283439
0.47953711
0.05144912
0.07264752
0.19138953
0.02970436
0.08897602
0.34208638
0.41311422
0.04908343
0.45795866
0.22651870
0.37508627
0.16711894
0.02705523
0.00062582
0.16759826
0.30834128
0.54470631
0.32516422
0.00933732
0.22487310
0.15575209
0.01565499
0.35228390
0.01238464
0.17090480
0.01673067
0.17848232
0.03055819
0.02321222
0.49169664
0.50832700
0.11914019
0.00592670
0.27406331
0.11021729
0.18035364
0.45499481
0.15938801
0.05909410
0.16245095
0.00037701
0.41841657
0.43063201
0.41742715
0.35524024
0.28954818
0.20930895
0.35344697
0.40433924
0.12278251
0.53008481
0.04155812
0.48337836
0.00652564
0.09015005
0.33300306
0.39102976
0.11298521
0.14033497
0.44457469
0.39555081
0.47272929
0.06604411
0.41064916
0.00069974
0.00625550
0.24540102
0.29778880
0.07208652
0.35889453
0.13470718
0.00124470
0.14618483
0.29021015
0.23085459
0.34083744
0.36773490
0.49373521
0.00006882
0.29683008
0.03914448
0.02942801
0.54793259
0.43822919
0.36554022
0.01096131
0.34680596
0.35535583
0.09203709
0.35825704
0.42468272
0.24664390
0.00573298
0.58162420
0.39380497
0.34401781
0.03967912
0.24974832
0.31532571
0.52083860
0.09562391
0.00582397
0.12607271
0.10007583
0.06610864
0.42815033
0.42133603
0.12034236
0.39987116
0.37265829
0.03205228
0.35520167
0.00223630
0.02690243
0.13278707
0.04972564
0.37223192
0.00026060
0.34262559
0.02455808
0.34948753
0.40326699
0.52565019
0.00397137
0.17897792
0.41905026
0.18310736
0.37903038
0.55477553
0.49236642
0.43717087
0.38097436
0.08953485
0.00798955
0.35546025
0.15816800
0.30830196
0.54639119
0.43183260
0.00284461
0.20793707
0.32912349
0.08072759
0.38985113
0.02157762
0.41138024
0.32408202
0.36410052
0.46439392
0.06660824
0.05955665
0.35376205
0.33294230
0.24886439
0.00218921
0.01546728
0.01537367
0.15944022
0.46276733
0.10528088
0.31742579
0.45405209
0.29691338
0.34251061
0.14021012
0.01413154
0.11551679
0.03796520
0.01324271
0.00469381
0.32951318
0.03515818
0.31975699
0.00595080
0.01335224
0.41224850
0.37298371
0.16688317
0.56373126
0.00006112
0.12622768
0.18576191
0.03106656
0.40010391
0.15552608
0.50023267
0.14328947
0.52680084
0.10946450
0.43929271
0.45939863
0.49493398
0.30339008
0.25552343
0.42697462
0.37775058
0.38364696
0.44314626
0.41855775
0.25953018
0.50806999
0.39644229
0.44626463
0.10099397
0.04264034
0.40967235
0.00061164
0.33201168
0.32835486
0.45068490
0.34985598
0.40712225
0.52826331
0.46958874
0.30941864
0.07116677
0.53048033
0.12011327
0.38155815
0.34537917
0.12372427
0.19950458
0.00775743
0.03043376
0.34400571
0.07733407
0.39754849
0.08016825
0.11368631
0.00084267
0.38185313
0.19268043
0.28596309
0.01808379
0.04750734
0.04047370
0.26869768
0.10329271
0.06919952
0.02253944
0.42076224
0.49657361
0.23559567
0.08235195
0.00644615
0.09509666
0.03799047
0.42148854
0.00274728
0.49928859
0.38835774
0.45207906
0.00756033
0.49027826
0.38994817
0.03239819
0.05185096
0.39149107
0.28257422
0.47486801
0.53503179
0.01663998
0.00013430
0.52323332
0.07809292
0.11529447
0.04928309
0.31593296
0.01226313
0.43871732
0.20025962
0.37177869
0.41824418
0.23904376
0.42492457
0.37127222
0.35569730
0.52538688
0.50411534
0.25239033
0.46363464
0.24385099
0.00383643
0.51142500
0.07105588
0.07313772
0.47287700
0.00008089
0.00029399
0.49635189
0.41903570
0.10011888
0.12841841
0.00016800
0.01054010
0.00667370
0.19720496
0.21355839
0.38566705
0.09516061
0.41867740
0.50786480
0.05146913
0.05378755
0.08182776
0.30559131
0.07210396
0.02245393
0.39459648
0.12317808
0.01484963
0.36348834
0.10695705
0.06804839
0.08361904
0.15640997
0.44845931
0.01111326
0.07402190
0.01539260
0.34694455
0.48433062
0.24597087
0.00228366
0.43763577
0.02221681
0.04005022
0.00224048
0.00528582
0.08330130
0.05095952
0.00128003
0.00929037
0.11421334
0.44257919
0.42703588
0.00292772
0.43676140
0.25365085
0.43035660
0.01983836
0.41693223
0.25156574
0.47963022
0.24435271
0.46450275
0.46614891
0.00179603
0.26055285
0.06615921
0.48825085
0.31398757
0.37472706
0.09120994
0.46534336
0.19554774
0.07194418
0.00472390
0.02399154
0.12796021
0.39738742
0.03385204
0.10723017
0.43431139
0.56805740
0.26196791
0.08826603
0.04095827
0.16098747
0.09832744
0.35323284
0.40591463
0.08116462
0.34150616
0.52295831
0.38129541
0.01537704
0.47278361
0.36680602
0.10360679
0.00497078
0.00700374
0.39043798
0.36829520
0.12162281
0.36648373
0.06387461
0.40766289
0.41193654
0.42733342
0.31758940
0.24515695
0.07620458
0.07222975
0.14554243
0.01927256
0.23272234
0.43039677
0.43504681
0.04058972
0.29424691
0.02354099
0.38199959
0.44337114
0.38421793
0.25683263
0.02726263
0.34720887
0.44757947
0.02479355
0.35790085
0.38758228
0.01415204
0.46496231
0.00249645
0.08208962
0.35444717
0.00158497
0.07879369
0.01502302
0.02436838
0.18252574
0.33785703
0.44450982
0.35391038
0.25125789
0.05966146
0.00809778
0.43156478
0.00264341
0.44877390
0.36110069
0.09722189
0.36875208
0.00187027
0.12174989
0.01352402
0.01395859
0.00925338
0.24181771
0.19893401
0.33854894
0.03669927
0.06712996
0.14455858
0.36553098
0.05103651
0.00337068
0.21019071
0.18055417
0.01917211
0.01834087
0.03677772
0.02645306
0.51166971
0.34658166
0.41995846
0.00467416
0.09901084
0.03006806
0.05428937
0.21292288
0.42047421
0.04169820
0.03817613
0.52002966
0.00145672
0.00719255
0.20743439
0.00472140
0.38006257
0.40246894
0.41181117
0.47195928
0.04095766
0.17836140
0.12948213
0.44666036
0.19670194
0.42302269
0.37350163
0.00955547
0.00251461
0.36200592
0.00513404
0.03465439
0.40834899
0.05418724
0.40059111
0.03618706
0.35909303
0.23708407
0.05776296
0.19856032
0.01716127
0.32539982
0.09952785
0.38467862
0.07257161
0.11284609
0.45050079
0.09405850
0.52691443
0.03322910
0.17386010
0.10931877
0.17513334
0.40485680
0.03074746
0.48294444
0.42959796
0.37391063
0.36956401
0.32182736
0.44119281
0.07196386
0.01869400
0.06967169
0.15632830
0.14045125
0.04997664
0.10049130
0.03190725
0.36603827
0.46863050
0.41134681
0.40142816
0.13835068
0.35227159
0.14354107
0.14674915
0.21092061
0.36750562
0.42409575
0.44247389
0.36998114
0.37160564
0.13388689
0.38171835
0.32456951
0.55383692
0.00071459
0.46472399
0.01793173
0.38457961
0.03413170
0.40308695
0.26130198
0.38380700
0.43236091
0.02167124
0.47537986
0.38685860
0.01325568
0.01986171
0.04187614
0.02733535
0.07654879
0.00006164
0.53249148
0.14616105
0.33364397
0.29542486
0.36122635
0.47641281
0.13967845
0.47401309
0.14488378
0.07132032
0.39769998
0.14234649
0.35646157
0.01117092
0.38701245
0.44577926
0.44683310
0.41795163
0.09056233
0.01590649
0.34102357
0.35893267
0.31044294
0.34157285
0.37276166
0.01444759
0.48155566
0.34318607
0.00582521
0.18322490
0.40676753
0.47221309
0.27804311
0.00026760
0.03456656
0.00004454
0.01185723
0.33461805
0.36706225
0.01791922
0.46106767
0.07794256
0.44113577
0.09907496
0.03577036
0.10022479
0.37778563
0.36084517
0.01365915
0.47746231
0.13599315
0.00030477
0.37034335
0.35947485
0.00221097
0.00656292
0.29931117
0.04255490
0.02807656
0.14773843
0.02518688
0.38556834
0.37412774
0.45797245
0.05853445
0.40530809
0.04287813
0.33274753
0.05345541
0.07957090
0.13760954
0.03157255
0.55623981
0.01251174
0.07827963
0.43008587
0.00682353
0.06192926
0.15615300
0.03366345
0.12460877
0.04315087
0.41070370
0.04389521
0.36858492
0.00337730
0.10175382
0.22611905
0.00080463
0.12026259
0.10436445
0.24793694
0.36787468
0.48124819
0.12279435
0.03171695
0.19041221
0.16474932
0.00731833
0.00459185
0.32315292
0.03654688
0.02609877
0.24209121
0.51249482
0.04638755
0.19455964
0.02216501
0.21166583
0.00136410
0.02236787
0.44436081
0.42892062
0.03270223
0.07234519
0.51742288
0.11276395
0.55600756
0.00097972
0.38454408
0.17838033
0.29860973
0.22667947
0.39228441
0.01064394
0.46685005
0.05911857
0.23025195
0.17235252
0.44797582
0.51283116
0.33594830
0.45640860
0.40999004
0.22361879
0.10146429
0.32647927
0.39995719
0.06606412
0.00756329
0.42366099
0.47015867
0.42645015
0.27009559
0.34978779
0.16144849
0.22244360
0.03694722
0.02155465
0.04645160
0.47018171
0.42634063
0.41084839
0.45735461
0.00534959
0.00052429
0.37104991
0.30830659
0.33577762
0.24150149
0.00083448
0.50191047
0.01354982
0.41955417
0.00127499
0.05020905
0.01287419
0.00211104
0.24844971
0.20611739
0.40305127
0.00000302
0.29696091
0.43143191
0.20095465
0.22657339
0.07595792
0.00215840
0.09620737
0.40059656
0.51124751
0.13690291
0.49087683
0.29041459
0.38113005
0.52071505
0.34192807
0.27372005
0.11940847
0.13599338
0.11423911
0.38064619
0.02061629
0.42792621
0.09490645
0.14216567
0.08259639
0.16706130
0.47522683
0.36682193
0.36342783
0.39759155
0.42539646
0.02101742
0.29706509
0.01570362
0.00006105
0.01912078
0.32458649
0.23975511
0.38053009
0.30800510
0.50143437
0.32190366
0.44400623
0.35860687
0.15868142
0.18292084
0.01577949
0.21458700
0.03446656
0.51404863
0.40560938
0.04241878
0.46761066
0.45653572
0.42196258
0.51451333
0.41166692
0.45490794
0.00010332
0.54895776
0.09595543
0.42451092
0.04229591
0.15880272
0.16845374
0.42336518
0.01556518
0.22302670
0.43645801
0.48657237
0.00400925
0.02820000
0.02788256
0.05214108
0.03256666
0.31100767
0.00232990
0.12388349
0.00024899
0.09607715
0.32630529
0.25590244
0.00247827
0.51971770
0.33829184
0.28247517
0.21936642
0.17626448
0.07464131
0.00007738
0.55024043
0.30541570
0.25873075
0.45794447
0.02357235
0.45878682
0.37973660
0.00001376
0.04407162
0.25871241
0.05689151
0.00004342
0.31731218
0.35259978
0.49148322
0.20692199
0.54298233
0.09372675
0.44108601
0.15782088
0.18244857
0.45258253
0.12559891
0.02029984
0.53267991
0.39498172
0.33337283
0.40370093
0.42471801
0.34224253
0.31026436
0.01797560
0.10642402
0.14856531
0.01673203
0.03881002
0.21799397
0.47740688
0.32187756
0.43162019
0.37516329
0.38917361
0.36699023
0.38610243
0.39961538
0.34872510
0.05665153
0.03673559
0.30612820
0.38980626
0.18996520
0.01545035
0.00737368
0.11487499
0.41703812
0.39064252
0.11175702
0.13670433
0.39105757
0.32979631
0.08846936
0.40687688
0.44836440
0.45494848
0.46608803
0.26059205
0.39296171
0.48462518
0.06603203
0.44468329
0.32338567
0.43468501
0.26632433
0.00473119
0.43998992
0.48916779
0.44984101
0.26993308
0.51981219
0.44456464
0.12762543
0.44883103
0.49061210
0.48636180
0.03897253
0.03441511
0.25097411
0.31173780
0.39181678
0.34035693
0.17116990
0.12481510
0.03806830
0.00453093
0.23175569
0.38623268
0.10064409
0.56886672
0.07622336
0.55355596
0.18924710
0.09382904
0.01247476
0.01845333
0.25074602
0.51415363
0.51787101
0.02648082
0.43941718
0.49830658
0.49548984
0.44391952
0.34903324
0.44937153
0.06954188
0.01082309
0.04447085
0.34647077
0.08642761
0.49857973
0.51124205
0.39780015
0.07758838
0.33301009
0.31656564
0.10340561
0.30172591
0.21468669
0.39431678
0.20245383
0.06931517
0.00201727
0.00040107
0.07619097
0.11986549
0.38375384
0.38483661
0.49697110
0.06029177
0.11627939
0.00000722
0.01955423
0.04083637
0.37927632
0.48172013
0.45593971
0.00446196
0.01546509
0.32117559
0.22725097
0.42285098
0.43722719
