0.88388816
0.73970562
0.69889015
0.77711908
0.53773316
0.63902521
0.93877407
0.84612823
0.45016178
0.47424637
0.76240227
0.47399808
0.43568319
0.85681522
0.93541443
0.54092919
0.67024292
0.65633450
0.81793135
0.48490457
0.90963351
0.50822387
0.90248103
0.90183393
0.95915436
0.92119516
0.94849382
0.82927437
0.66325496
0.75969683
0.70666380
0.87731197
0.60469385
0.12303677
0.41627613
0.67430288
0.82296865
0.86535494
0.34273310
0.39751054
0.68177544
0.42326664
0.68081537
0.90958770
0.53142308
0.70552432
0.89775241
0.64452676
0.64344387
0.73310113
0.35916507
0.77512307
0.64162811
0.60879169
0.36651830
0.85849113
0.83292734
0.62652615
0.54401233
0.85647352
0.40678763
0.71005913
0.82219774
0.82865016
0.50637753
0.83565900
0.81417116
0.43559942
0.72147987
0.35621628
0.61310261
0.94071675
0.39492391
0.32019349
0.81629010
0.85268011
0.64876831
0.39474073
0.39970125
0.81932269
0.90281816
0.62503833
0.37755863
0.94071231
0.33476595
0.27394920
0.68036831
0.53809706
0.76569995
0.65223735
0.65897039
0.19550594
0.88133474
0.77469107
0.83502814
0.39022493
0.81233699
0.53391765
0.78286999
0.83580009
0.46403383
0.76097430
0.52783655
0.71692218
0.53172300
0.89734148
0.34001450
0.55160249
0.81366891
0.15916759
0.74398575
0.77784606
0.61083929
0.63850472
0.61511985
0.73499379
0.72552061
0.56854651
0.88770068
0.87212246
0.59857132
0.65258806
0.60982859
0.92099750
0.93547335
0.78829126
0.42225060
0.59907728
0.50437018
0.70682138
0.78069856
0.44070781
0.26613218
0.53778717
0.60117599
0.76871473
0.66326426
0.70666269
0.83560254
0.42040877
0.78451940
0.66059456
0.91962441
0.41892333
0.74290432
0.86632428
0.66785976
0.26374567
0.60579468
0.37586778
0.74547935
0.61917614
0.71085606
0.72665880
0.77146814
0.09519108
0.18305602
0.77054490
0.69478316
0.38542053
0.38970185
0.72014246
0.70322031
0.58548990
0.67180320
0.58676802
0.75218395
0.81992817
0.25706625
0.79896689
0.46588494
0.81676460
0.58570604
0.80746591
0.74267262
0.90329147
0.41647138
0.60412623
0.77029132
0.82219685
0.83540130
0.51373987
0.83038527
0.78939169
0.33623589
0.57854988
0.31581699
0.41483351
0.23808907
0.76032763
0.85652825
0.74263465
0.64982673
0.64105326
0.65465898
0.46176101
0.56117721
0.75480358
0.75097143
0.36480685
0.48713545
0.30831333
0.39010991
0.83840029
0.83661999
0.81439772
0.71439857
0.94097610
0.51448647
0.90245183
0.79315215
0.86675142
0.63717401
0.76501858
0.80934554
0.44987763
0.28095250
0.82145933
0.59432421
0.56965974
0.20913272
0.69149116
0.87338721
0.54123978
0.85962126
0.79039979
0.70619146
0.40992249
0.60399482
0.62005753
0.27999992
0.88279194
0.63485506
0.83478178
0.72008267
0.60013090
0.37507033
0.54701506
0.80458274
0.22354830
0.48299537
0.55996695
0.83301220
0.47827589
0.36802052
0.78265903
0.89414391
0.90704614
0.82471215
0.72309341
0.82088241
0.16809684
0.80558518
0.31604636
0.49303527
0.72061100
0.41965986
0.89204488
0.58721767
0.79502269
0.75147252
0.54410212
0.62569566
0.71246040
0.66868981
0.82089405
0.39638884
0.79732013
0.85167535
0.33325237
0.58358854
0.96060246
0.73401598
0.80125606
0.28574354
0.26294029
0.69697401
0.95197853
0.86069134
0.82444836
0.15160555
0.27419829
0.55650244
0.44497382
0.89295239
0.88254693
0.24239179
0.62056220
0.12014911
0.55974463
0.57672928
0.58051556
0.61530544
0.52808398
0.44211087
0.86120941
0.83851269
0.22141408
0.55853064
0.57030623
0.92119962
0.81877837
0.26203509
0.61749022
0.32976757
0.42130356
0.87465926
0.65942555
0.78383068
0.73711255
0.81317373
0.63347661
0.76037553
0.50817909
0.80422892
0.67669290
0.74855034
0.22288636
0.83292145
0.41649895
0.84094938
0.67432065
0.81799536
0.28621204
0.71633802
0.68573720
0.38692053
0.47215116
0.24859397
0.69331242
0.92257113
0.62582477
0.60770829
0.34846376
0.82718728
0.53135735
0.86985619
0.91713453
0.25695386
0.32439370
0.48304000
0.74013565
0.62282368
0.46449514
0.61442725
0.58265108
0.71833952
0.56403656
0.90913412
0.32081668
0.71142278
0.54215636
0.31431854
0.59300937
0.69839384
0.45721747
0.62664108
0.93155425
0.59057583
0.48463825
0.92623989
0.54327285
0.39745388
0.43092787
0.64211732
0.88086774
0.65475737
0.38435231
0.79399860
0.79373860
0.84965999
0.83074578
0.90956224
0.63467356
0.73017203
0.50671517
0.89920812
0.86044393
0.88541346
0.71138891
0.57070721
0.71925632
0.71903774
0.61956200
0.87544263
0.77473952
0.92026664
0.77052158
0.84430647
0.52714984
0.50695319
0.77440255
0.57833282
0.75500134
0.82314089
0.33242141
0.82577776
0.84498893
0.79029048
0.95422177
0.89285155
0.85714457
0.62972405
0.74762846
0.54747090
0.71903723
0.90180892
0.75043996
0.62542417
0.61682850
0.40146301
0.79553486
0.60567702
0.89986198
0.79727895
0.38589843
0.24404070
0.43746771
0.84964157
0.44708484
0.53992420
0.74386058
0.50163065
0.65698374
0.53513375
0.70458980
0.58876091
0.57801124
0.75067754
0.71868800
0.28517468
0.89547783
0.54610949
0.89524153
0.62403677
0.91310679
0.76188656
0.36778572
0.43990463
0.68143863
0.77736880
0.71299709
0.44456343
0.92371403
0.55124940
0.71570655
0.82106147
0.32403495
0.47849512
0.72805974
0.92751242
0.57212601
0.82395714
0.23376326
0.94425240
0.74451010
0.62205047
0.54626421
0.46490025
0.54791398
0.56366972
0.80778498
0.31647969
0.62871300
0.95452427
0.74739175
0.55582801
0.68736673
0.36383025
0.84632665
0.74882124
0.54908941
0.95345127
0.71854560
0.74715534
0.66748011
0.67249200
0.11057004
0.67485193
0.90172933
0.69490281
0.72043320
0.32545456
0.74424851
0.72922000
0.93367367
0.93917360
0.40595072
0.79226262
0.51947646
0.81272118
0.63801408
0.64617598
0.33453132
0.61242994
0.66742918
0.69030231
0.77747022
0.58172432
0.72317862
0.85385641
0.72455945
0.67763420
0.82705682
0.81907518
0.75608630
0.79603841
0.79886843
0.67684823
0.53360912
0.92624203
0.93512608
0.55150118
0.90645961
0.43484948
0.69593471
0.67013672
0.86324180
0.72694033
0.82264781
0.85018376
0.80133317
0.23435855
0.67560107
0.59506809
0.90730987
0.79152509
0.67709775
0.46624880
0.44580335
0.54885474
0.53733251
0.75054395
0.18937401
0.73293958
0.70925923
0.49282862
0.57018609
0.75321178
0.76099845
0.69210314
0.69271332
0.80412162
0.85888538
0.55207883
0.66521335
0.66057042
0.37425542
0.72278841
0.69071700
0.79367987
0.86679183
0.45296540
0.75563665
0.83044050
0.47796234
0.59167181
0.65195583
0.37059127
0.86125291
0.70844951
0.40139148
0.88375525
0.84470647
0.74414625
0.50314112
0.76262572
0.55487187
0.94085501
0.72517372
0.38938508
0.84222605
0.66912065
0.62072121
0.75964983
0.32019863
0.93304730
0.67261748
0.70046352
0.71451084
0.87281275
0.83286042
0.72424880
0.72879456
0.78379083
0.49862419
0.44672273
0.77038188
0.56382823
0.64351390
0.92014929
0.52307058
0.71479151
0.61134344
0.39058587
0.69810846
0.60604310
0.83557991
0.67066626
0.44163044
0.78918532
0.62439340
0.19009860
0.55081239
0.67855301
0.77369849
0.46593509
0.34721246
0.62385594
0.28556295
0.87944007
0.55596977
0.76334044
0.52781654
0.57636262
0.88616947
0.77849788
0.88617403
0.90771720
0.78396531
0.80555453
0.53556505
0.85581898
0.82680765
0.76247238
0.63075025
0.77926482
0.91045424
0.40798420
0.36666807
0.62150178
0.75131401
0.62005741
0.73253800
0.92670663
0.79941800
0.84638177
0.43860727
0.78076738
0.71843083
0.36767561
0.70319603
0.89696254
0.69318714
0.44614296
0.84379437
0.69355244
0.68221500
0.61037539
0.56198257
0.61685643
0.54772966
0.73736873
0.09446291
0.74651055
0.68033662
0.66794063
0.46314055
0.80552951
0.88279013
0.39898862
0.47868417
0.86069471
0.75446288
0.35133023
0.79226730
0.65376000
0.76279549
0.58700379
0.53427138
0.66910165
0.52387349
0.82994702
0.70069600
0.90329544
0.65115398
0.69401272
0.35795935
0.88662803
0.63160424
0.74061113
0.78923716
0.48602065
0.27567882
0.88417746
0.81910445
0.67194437
0.79928527
0.47868687
0.16748843
0.26233305
0.89255991
0.80662382
0.78302326
0.58585046
0.74323347
0.76558929
0.89981258
0.38774043
0.85262553
0.84364955
0.80313144
0.86476221
0.87934711
0.83694871
0.80786118
0.47320713
0.55857120
0.67784541
0.19560347
0.78575702
0.53533408
0.68644685
0.56978809
0.42346306
0.21812798
0.72393535
0.81197056
0.81259717
0.43418643
0.50580876
0.95371238
0.69196606
0.49913334
0.84348206
0.72022998
0.49411244
0.74966909
0.29290976
0.88626138
0.85833781
0.81894777
0.62153233
0.44247889
0.72125062
0.94801887
0.83946302
0.48704480
0.89386005
0.36015339
0.36782826
0.67742007
0.82488179
0.88523941
0.53847450
0.45373423
0.90264256
0.18167806
0.27573288
0.91279463
0.63537489
0.33987916
0.93991494
0.88749095
0.88284392
0.53342307
0.86289750
0.59338003
0.80722967
0.31355118
0.64860856
0.61773301
0.46322662
0.55152222
0.67597010
0.71041671
0.67422147
0.91139367
0.91545876
0.88023490
0.87831314
0.57703522
0.86889453
0.84983374
0.30821696
0.81752872
0.49641991
0.69942489
0.55439497
0.23354436
0.37550185
0.54805330
0.77347927
0.42259175
0.76335932
0.60036723
0.60195562
0.66152241
0.62044498
0.29016115
0.53209228
0.66829256
0.80233461
0.38859703
0.72028928
0.40913736
0.90692944
0.86966356
0.68430404
0.69375874
0.73833890
0.75342991
0.93964555
0.71220403
0.54137741
0.38637790
0.53199164
0.73997833
0.54291960
0.76577118
0.75339013
0.83611660
0.87400434
0.56320196
0.94749295
0.42826569
0.83697194
0.43523237
0.75382663
0.71815999
0.52637898
0.82341610
0.50745049
0.56858206
0.63206674
0.55258442
0.53206190
0.23000474
0.38551742
0.22904487
0.54146709
0.62177526
0.88766045
0.80256006
0.82007512
0.82895460
0.65496970
0.71806552
0.69983839
0.48432785
0.54059915
0.79929380
0.90867617
0.12423449
0.85578414
0.29482693
0.67344445
0.92459717
0.37248192
0.92055809
0.81795543
0.61908766
0.54985077
0.89725461
0.82209783
0.85476979
0.82100044
0.57078269
0.51917782
0.80154759
0.86803428
0.59876818
0.32549460
0.86454921
0.27120444
0.49424666
0.78939400
0.44935985
0.61139744
0.78015541
0.77780060
0.70117296
0.60602761
0.66643320
0.78053192
0.81917841
0.73244873
0.67822209
0.45919361
0.46430212
0.63560029
0.46909228
0.81986477
0.70299459
0.93882576
0.86469850
0.44044464
0.50711064
0.86394841
0.79147742
0.59225694
0.81466538
0.85589686
0.43739898
0.68478131
0.50537414
0.91318648
0.26761252
0.74778180
0.78142602
0.71553988
0.84808434
0.90504448
0.70611580
0.67165867
0.36754393
0.77431227
0.84613482
0.64192613
0.68165509
0.72320885
0.91409523
0.50488125
0.44502802
0.51729748
0.86520614
0.72916964
0.85936316
0.60565274
0.18561034
0.87856679
0.72216304
0.87295160
0.92822914
0.54763433
0.90532940
0.80653581
0.44628277
0.93975201
0.31058282
0.52690256
0.70798551
0.85798664
0.53591642
0.90629098
0.87964857
0.42006077
0.61502525
0.75271814
0.65605063
0.58547032
0.09005807
0.62959339
0.11554318
0.49822294
0.59528440
0.90585931
0.64095801
0.85939355
0.71135505
0.80276681
0.76183435
0.67983851
0.74316602
0.36449146
0.54946589
0.57836402
0.85561107
0.31787195
0.84453827
0.41756554
0.87462223
0.81547246
0.54907884
0.71090244
0.86300208
0.79700629
0.16038351
0.79604259
0.68209559
0.58095275
0.63591682
0.82662760
0.91142619
0.83616067
0.67034364
0.61130968
0.65910862
0.77713227
0.36025794
0.41332283
0.66501238
0.47198520
0.80791075
0.64922269
0.94866340
0.55066218
0.69359534
0.69811401
0.92167499
0.74302218
0.62492190
0.67141497
0.96614214
0.85566793
0.50219835
0.39422038
0.45117892
0.70004949
0.48953066
