0.44492040
0.27010221
0.21338520
0.40317205
0.16617354
0.25198805
0.30189950
0.29505114
0.07677930
0.26038539
0.10911491
0.06253900
0.03518750
0.32000499
0.29408557
0.35634678
0.46555948
0.39122827
0.20443901
0.19625998
0.36298985
0.14467487
0.26696052
0.33838180
0.25848323
0.28790621
0.31207851
0.22144608
0.17426205
0.27876245
0.43224897
0.37210964
0.46298672
0.09032800
0.15584688
0.39143591
0.45984165
0.20959703
0.28606053
0.22623193
0.35547845
0.16486291
0.33067928
0.40547813
0.21166583
0.09834979
0.41587374
0.47762976
0.37731530
0.34371319
0.02986050
0.30910012
0.11688544
0.33032375
0.05949290
0.40559809
0.15287887
0.39795041
0.21953153
0.38959385
0.31858634
0.31224990
0.10634811
0.43959735
0.24098768
0.34600299
0.28971462
0.21953254
0.44635241
0.09599328
0.45157596
0.34688996
0.25259940
0.06312758
0.04425563
0.39221629
0.16544923
0.20118365
0.18307378
0.44409349
0.34189318
0.32083584
0.27581232
0.29558443
0.02588688
0.20617719
0.40864999
0.18378190
0.10170965
0.33492170
0.43884395
0.04107961
0.32098842
0.32008600
0.43075845
0.16820774
0.42559994
0.41639743
0.05244312
0.13713157
0.43142490
0.46727866
0.14831427
0.44265990
0.03120430
0.29246881
0.03514074
0.50579079
0.43555174
0.05630407
0.11844483
0.18242689
0.15805044
0.20244766
0.16856583
0.07401878
0.33682568
0.12951553
0.26520930
0.29184745
0.36095202
0.05762321
0.10416278
0.37828545
0.30958886
0.41856804
0.24632739
0.20015631
0.15075344
0.35695814
0.05442413
0.24946731
0.15070988
0.33352022
0.17293284
0.17923034
0.07778110
0.46979629
0.32568508
0.08959863
0.34383192
0.34127344
0.35690436
0.03424801
0.16131557
0.37029444
0.39858432
0.12874381
0.44823321
0.33640610
0.21406754
0.24478564
0.30779782
0.19181709
0.24729942
0.00513905
0.11418793
0.36788185
0.42561001
0.11088818
0.36829287
0.28645003
0.33385376
0.36555154
0.20983706
0.03989459
0.34638339
0.44250360
0.06690332
0.29265448
0.04148192
0.19734994
0.35527333
0.53638220
0.24375689
0.27275383
0.09582124
0.43829230
0.49554693
0.20031110
0.15462281
0.10236799
0.45087979
0.08234549
0.17945576
0.32396601
0.04363968
0.06162623
0.15991897
0.29117381
0.19420573
0.32099486
0.10087051
0.38446294
0.41989101
0.14727390
0.45996946
0.27273984
0.40384016
0.10744785
0.37375425
0.07477943
0.12269085
0.44985535
0.12521318
0.04938227
0.09499590
0.32340814
0.22402798
0.41463034
0.36985774
0.42333183
0.24288932
0.54482871
0.32729268
0.39725861
0.25149137
0.45558283
0.35155877
0.45038104
0.00262929
0.25156721
0.33289314
0.35958098
0.39396764
0.26305951
0.15296279
0.20832506
0.09981733
0.12884210
0.12509236
0.35930961
0.29428902
0.19107743
0.24347283
0.40552616
0.18649831
0.29686704
0.38261536
0.00083137
0.18168950
0.32202813
0.44091480
0.30948135
0.13834414
0.20247264
0.37128366
0.39146540
0.38035380
0.32049413
0.31268299
0.14118543
0.33690848
0.07328959
0.36209785
0.44166656
0.35937172
0.37496598
0.14954810
0.43536185
0.35218816
0.29155773
0.35705047
0.46943751
0.16950330
0.47688739
0.15752533
0.46146666
0.36455840
0.16605397
0.34421079
0.33701211
0.28836138
0.41240622
0.18750177
0.00429121
0.42617658
0.28143837
0.44899699
0.34992448
0.14512705
0.17602493
0.32388954
0.02774507
0.28626788
0.44253258
0.19705236
0.04625443
0.10297525
0.38053152
0.23816875
0.33305396
0.12462643
0.49678725
0.08169005
0.43834667
0.22406640
0.05643455
0.28739775
0.30933401
0.36746255
0.14523560
0.25976713
0.23117195
0.19376920
0.06183149
0.38293265
0.37842776
0.39060720
0.30551332
0.41578890
0.28682132
0.44718294
0.17951980
0.30790199
0.42053946
0.17702166
0.12207708
0.34840753
0.18299334
0.37258054
0.09631952
0.34330607
0.02503420
0.32365153
0.33047571
0.21274345
0.14254101
0.16064377
0.23404713
0.29518297
0.04964139
0.31229349
0.30088358
0.46170973
0.27910265
0.39974136
0.33490408
0.22503773
0.19216239
0.21584158
0.46575384
0.30445601
0.37788464
0.50178049
0.20671047
0.19029949
0.26247293
0.35491700
0.22518212
0.17886699
0.29451529
0.19535938
0.31242242
0.19867718
0.26569760
0.40546280
0.30051508
0.47067243
0.11386657
0.38747382
0.23921065
0.04358508
0.01208850
0.45532952
0.27782567
0.28709261
0.14587950
0.30366959
0.40690726
0.27527896
0.24370262
0.30090681
0.12175010
0.40348042
0.33352933
0.43041791
0.46862106
0.45151767
0.20674614
0.20614749
0.15215705
0.33941486
0.30650920
0.43398112
0.37270557
0.34821644
0.38217715
0.33549050
0.34949110
0.05025303
0.43964022
0.22549697
0.31257427
0.37817844
0.06992914
0.11738891
0.35378385
0.19834092
0.28389938
0.17875158
0.32848934
0.50033058
0.40528106
0.13884004
0.09887749
0.33903644
0.34603567
0.18035763
0.52719194
0.16507635
0.51043769
0.31127592
0.33414729
0.39607723
0.19645139
0.03399135
0.27496345
0.16544223
0.29542657
0.34784783
0.37136798
0.19960058
0.17994904
0.29666958
0.13347062
0.18224509
0.43944451
0.38103218
0.05885067
0.08332944
0.41752498
0.41597826
0.37552021
0.18246620
0.30983957
0.50869334
0.28043963
0.10320012
0.38782463
0.30100407
0.10173271
0.08527785
0.30953948
0.24410744
0.08360465
0.38650693
0.17325581
0.22962260
0.14054275
0.20922398
0.27849559
0.44301424
0.22077255
0.33213662
0.30446935
0.39670811
0.31262399
0.25147149
0.28216795
0.38893161
0.32183834
0.09905512
0.04003610
0.26217568
0.35873415
0.23405269
0.27995043
0.09809986
0.44495457
0.54152559
0.12102884
0.30695720
0.33709563
0.46482293
0.18306502
0.30654962
0.07879746
0.30316181
0.22839216
0.19544348
0.22577411
0.27087881
0.28591248
0.27821935
0.31239424
0.32009664
0.24150691
0.27960667
0.16605893
0.44586605
0.34575415
0.29717450
0.12535637
0.40418904
0.38843275
0.19213104
0.34154914
0.39612388
0.35621469
0.24109472
0.12204316
0.44020646
0.28437239
0.24681434
0.14550890
0.35800069
0.33435495
0.42568783
0.41629735
0.30119657
0.35858972
0.31350720
0.08695397
0.33998123
0.17677822
0.04243674
0.37527928
0.34944554
0.07830984
0.24863074
0.28522062
0.09217193
0.48140986
0.11619294
0.28840911
0.35358866
0.18982524
0.31285953
0.26962134
0.23310415
0.36613346
0.33810005
0.10056416
0.24333010
0.25957653
0.17572882
0.45515342
0.10446818
0.29976410
0.30940727
0.04658055
0.37194433
0.20177457
0.19444852
0.43331310
0.21667006
0.04589901
0.10037712
0.08269441
0.48722926
0.05354516
0.37713442
0.24426873
0.35537386
0.33841557
0.33150770
0.21994426
0.13896874
0.21983513
0.36224809
0.05190911
0.24739750
0.19957791
0.34715273
0.24080258
0.37740232
0.15734805
0.27972010
0.43111403
0.21572093
0.32354318
0.56350911
0.46608686
0.29973326
0.18226886
0.37587394
0.40946134
0.48091756
0.04821621
0.27418985
0.09701836
0.38947857
0.32569876
0.21818521
0.16838276
0.36606417
0.13703235
0.17389613
0.49364500
0.39726569
0.46841280
0.45270995
0.24195876
0.11784537
0.39599434
0.25416920
0.07974724
0.32022252
0.33920153
0.34090864
0.42340727
0.02215387
0.12473180
0.17332479
0.15160524
0.02443444
0.01419504
0.41587807
0.28125663
0.27503069
0.02750376
0.30429951
0.42456062
0.13553831
0.29663637
0.18652465
0.34668645
0.39059644
0.46413100
0.41873233
0.39159527
0.39872910
0.42314050
0.35728115
0.19288881
0.31536714
0.32505265
0.08378042
0.31149883
0.33583325
0.20939597
0.27195106
0.37250110
0.29434504
0.36535266
0.33974704
0.18818695
0.21961737
0.39751841
0.15123768
0.29245092
0.32326999
0.08417516
0.32916585
0.40828267
0.13460857
0.34070441
0.13251555
0.13429958
0.39331927
0.36090645
0.42544196
0.08238633
0.09743798
0.53678048
0.38996879
0.22696233
0.38338878
0.38622175
0.05882406
0.25594874
0.35728263
0.05826160
0.17926592
0.30137514
0.41052259
0.35741102
0.12172936
0.21309607
0.28691892
0.27964274
0.24709355
0.21828110
0.29363529
0.46920493
0.14025488
0.02944484
0.38337345
0.25983145
0.10257110
0.38491614
0.09269489
0.04292180
0.41108376
0.43194181
0.19534224
0.29734112
0.05818990
0.03171235
0.22047717
0.22094577
0.12320910
0.23841509
0.26337785
0.25445665
0.04069259
0.21446143
0.11944653
0.44319260
0.27366985
0.14445211
0.31826975
0.24850058
0.43106964
0.43216995
0.32273257
0.06493055
0.36050114
0.09694855
0.40997158
0.10014465
0.25276725
0.05788758
0.16076123
0.02881158
0.33792463
0.09083028
0.41628194
0.35836822
0.11242278
0.35759460
0.54149843
0.17705850
0.16297714
0.43065910
0.29481473
0.46976358
0.07587751
0.43382091
0.32947534
0.37886228
0.32003377
0.06121418
0.34298340
0.31041657
0.15435739
0.13937029
0.32788612
0.23134574
0.29402707
0.09098225
0.39727440
0.29986434
0.22350989
0.29886180
0.29042196
0.13336763
0.01497021
0.38234320
0.43439595
0.11718308
0.13955853
0.42408995
0.39381621
0.08513612
0.41697125
0.30236015
0.39496334
0.27417136
0.08495261
0.03994074
0.07201570
0.33778992
0.23698267
0.21657318
0.14180748
0.26198779
0.29617324
0.40103098
0.37359695
0.29634385
0.31755364
0.43864020
0.14552731
0.29253475
0.36496667
0.27608198
0.38125771
0.11100688
0.17598927
0.36732628
0.32683389
0.25554233
0.42794336
0.11648377
0.09925048
0.06605159
0.21864546
0.15504151
0.23163973
0.21409335
0.09859939
0.08718743
0.29035606
0.21773078
0.30472404
0.35746295
0.31460726
0.41869309
0.36698056
0.35274358
0.34600178
0.11803563
0.40038345
0.04905734
0.30779683
0.44392270
0.47366556
0.46535287
0.43705410
0.33849365
0.38627546
0.38511234
0.24101876
0.19056601
0.40178758
0.13567036
0.35796795
0.36302333
0.33075765
0.36579456
0.20592459
0.23577642
0.22418403
0.36734615
0.22094771
0.20877448
0.06034731
0.11582045
0.11765937
0.30671688
0.28684239
0.37163309
0.32629988
0.46074779
0.23297873
0.27167749
0.31808754
0.21905230
0.20874838
0.44971581
0.26826553
0.10716067
0.25456459
0.13957291
0.06080290
0.20598747
0.08583150
0.31974357
0.43876703
0.32319551
0.31628038
0.20901837
0.17168135
0.39424398
0.13643155
0.23563869
0.36911731
0.30428433
0.20962614
0.21247869
0.15847364
0.22115052
0.14422772
0.08803969
0.35575134
0.34895163
0.10307239
0.26379023
0.10227870
0.18418669
0.35833212
0.16818147
0.38980838
0.31642802
0.35343422
0.31041198
0.18231747
0.27948422
0.14478792
0.28248026
0.31104450
0.10464558
0.28539027
0.28707872
0.21916254
0.31551303
0.34931724
0.45560593
0.04600398
0.08046450
0.36544535
0.08833193
0.41203695
0.14881728
0.24203217
0.25855708
0.15298059
0.29406307
0.41607363
0.33807105
0.39286674
0.42541215
0.42576027
0.07038139
0.41761079
0.38179231
0.30326978
0.22919135
0.43932214
0.32153129
0.04127501
0.25809961
0.17413309
0.37336106
0.35726743
0.39242307
0.07398926
0.04835980
0.34388845
0.48892169
0.36098767
0.37233041
0.21707425
0.20740440
0.38882815
0.28387496
0.36068535
0.04281393
0.41011536
0.35469601
0.32601890
0.26320299
0.43980106
0.40025129
0.30683112
0.19537437
0.50581028
0.04843689
0.53779150
0.07342632
0.13571566
0.11195181
0.13735546
0.29328063
0.31941563
0.37999001
0.45543863
0.25051154
0.11227779
0.38368916
0.40999109
0.26633998
0.34192211
0.18589001
0.05007122
0.40319574
0.02238753
0.44868376
0.14990861
0.43573563
0.39889536
0.08143672
0.09246476
0.41263040
0.41301295
0.05770790
0.32671530
0.33375606
0.13286597
0.26799247
0.38628759
0.39878421
0.13940920
0.33134926
0.10489049
0.13615400
0.21773951
0.31767357
0.33205042
0.25491014
0.44079917
0.39625582
0.22581052
0.35340927
0.26279936
0.53204190
0.36164321
0.37444617
0.38403263
0.32815288
0.35663738
0.23231992
0.25637429
0.35156699
0.07702840
0.34752689
0.35898193
0.23905832
