0.20143932
0.30128766
0.11939784
0.37512277
0.09084773
0.29271537
0.42784327
0.14174771
0.28833649
0.16427657
0.37786360
0.19041035
0.31245624
0.30217448
0.47674857
0.13958003
0.14918645
0.36522932
0.29698024
0.14083175
0.21984158
0.28536618
0.09871805
0.18842988
0.17245964
0.11922889
0.28715517
0.37255983
0.42788880
0.45471943
0.10921448
0.46057677
0.44961677
0.40879735
0.41606134
0.45463473
0.09608997
0.31969843
0.11170229
0.10871044
0.34583098
0.10513129
0.15292757
0.31993198
0.44104098
0.29684825
0.08556491
0.37629237
0.14078565
0.33522145
0.07831865
0.09920019
0.10422224
0.31298791
0.26101544
0.17809009
0.16525571
0.49788861
0.31112591
0.42716389
0.29788651
0.33807126
0.19610803
0.04382297
0.47905723
0.10068025
0.14282283
0.39323949
0.18764932
0.43071866
0.14092912
0.15361306
0.28543526
0.35210492
0.30801356
0.33009116
0.42133499
0.35133296
0.09656276
0.26590097
0.35280152
0.30099628
0.10891454
0.05756625
0.06723110
0.16622033
0.13769518
0.31706486
0.50127719
0.03840295
0.08302582
0.42318760
0.42687075
0.08431957
0.18199931
0.05861171
0.14057946
0.23724925
0.35289450
0.11644617
0.12143576
0.12675541
0.06198117
0.08588166
0.07565450
0.33248326
0.35868414
0.37929952
0.14067381
0.05470387
0.43741262
0.15046140
0.10000244
0.10168808
0.55279770
0.36359725
0.32593539
0.13519604
0.22923335
0.09548301
0.36088856
0.24863078
0.15329882
0.17682098
0.38348522
0.21903661
0.18908515
0.37927160
0.09590560
0.06089459
0.34948291
0.06840155
0.41534641
0.11034729
0.12694899
0.40946273
0.31533804
0.09898097
0.09342210
0.10916532
0.20962960
0.12214533
0.07722247
0.32737134
0.15847311
0.17899432
0.06967016
0.39792039
0.10884144
0.31380710
0.10867252
0.24928843
0.18970140
0.12114451
0.15239810
0.36164817
0.41145803
0.04838417
0.26104936
0.47826049
0.23601490
0.15377266
0.13886110
0.31800132
0.33311086
0.11972193
0.43958958
0.46092053
0.37142065
0.38414768
0.34113095
0.42843135
0.09104649
0.22913803
0.17769258
0.38576722
0.03934783
0.34389222
0.25453051
0.16042061
0.11372398
0.13085163
0.19607498
0.29601836
0.28594372
0.40902818
0.27905753
0.10922420
0.10524233
0.04117845
0.48911359
0.18334462
0.42417136
0.44569383
0.31928484
0.10818568
0.41601496
0.12199150
0.33929782
0.39045097
0.26274645
0.34974070
0.27444357
0.30580581
0.17636359
0.07250531
0.14539124
0.18347867
0.15000213
0.12189508
0.16646924
0.10999673
0.18804806
0.12348043
0.32972221
0.08681636
0.31411440
0.15644637
0.10173931
0.29919203
0.36767489
0.36473228
0.24352208
0.34691235
0.41208503
0.08585165
0.11533079
0.37379625
0.39224529
0.30645245
0.38030969
0.13350769
0.16542245
0.34268221
0.14411544
0.23697565
0.30362138
0.49964924
0.34507672
0.02629101
0.12896254
0.25968630
0.25904661
0.14248193
0.30317083
0.33558144
0.07994656
0.13393161
0.09089757
0.40412788
0.10883654
0.28429676
0.36454215
0.40253645
0.30757893
0.40593034
0.36404932
0.14049370
0.09628723
0.31199015
0.24510711
0.17810940
0.18643547
0.41992375
0.12796273
0.13041612
0.24519369
0.32045622
0.36256702
0.28088429
0.39164537
0.06941395
0.25184873
0.30344887
0.43366845
0.36781765
0.48724152
0.11632784
0.37530783
0.48802323
0.20942958
0.20988510
0.10493232
0.45528666
0.07585876
0.08620484
0.17924986
0.43627140
0.23948021
0.29471586
0.33823798
0.15181307
0.12701344
0.18106820
0.21014608
0.31602483
0.13809526
0.25182798
0.04822734
0.09286365
0.26884285
0.09020081
0.34804362
0.31233837
0.08725953
0.34389331
0.09963971
0.27736715
0.06429480
0.44660678
0.12098933
0.24194764
0.09355255
0.10023264
0.42943133
0.31290124
0.45116789
0.26129381
0.13349843
0.22490524
0.11009075
0.10340742
0.39760840
0.35157652
0.31634898
0.42664382
0.20592877
0.12328470
0.28988517
0.18721222
0.41458808
0.31691885
0.37074906
0.11913268
0.10281815
0.34381406
0.52742404
0.13194844
0.44195643
0.41464058
0.10770436
0.37907173
0.09383603
0.22597517
0.09859069
0.43446321
0.13631461
0.06814493
0.20800705
0.02687362
0.28212063
0.31524942
0.49786046
0.19373952
0.24669288
0.07036535
0.15472230
0.28938759
0.22203896
0.15941447
0.08296959
0.16400937
0.15841535
0.21771695
0.33238611
0.11779683
0.14004720
0.39593675
0.32150152
0.05217275
0.08875853
0.39927267
0.37786103
0.23429111
0.25011629
0.07989938
0.11609773
0.35948058
0.40805409
0.45465031
0.41338669
0.24567600
0.09669097
0.32113369
0.11318224
0.14876352
0.35780943
0.08532392
0.40645289
0.19612590
0.19899619
0.14732059
0.44049047
0.07017933
0.18851409
0.30372409
0.42976718
0.09381453
0.11057788
0.33922630
0.33863267
0.09371915
0.15117441
0.23422726
0.37326351
0.13219600
0.07458093
0.18182277
0.34708762
0.18001784
0.25187440
0.35456707
0.27336980
0.14273576
0.32143295
0.40882817
0.36655131
0.37007708
0.19651914
0.12250471
0.08865983
0.17520812
0.25026550
0.10725292
0.14585820
0.33541890
0.35764499
0.27769612
0.03809858
0.45984998
0.12504737
0.10769528
0.25024998
0.38034390
0.16378251
0.29354069
0.05247392
0.21958396
0.12363485
0.38536125
0.15184192
0.42097846
0.33101203
0.19640942
0.22633458
0.30464355
0.47131333
0.15329805
0.40734565
0.40556692
0.18860817
0.34441836
0.11445282
0.41908527
0.10217600
0.11282992
0.16881325
0.08117694
0.34430219
0.21196393
0.20629455
0.14337657
0.14179010
0.24526941
0.19539233
0.11670843
0.13997490
0.35849431
0.03608891
0.13875635
0.33497427
0.15567889
0.29008532
0.15448327
0.22117231
0.08475302
0.09043760
0.11643049
0.13702603
0.08628772
0.07394333
0.10770693
0.24974886
0.04278427
0.48980119
0.39004147
0.11627000
0.43813580
0.43118230
0.13778746
0.42806435
0.10755007
0.04025084
0.15451021
0.38122360
0.10824655
0.35592467
0.38192507
0.10271911
0.13623523
0.36533272
0.40041884
0.10236926
0.09688850
0.12195006
0.36205427
0.13822535
0.40465867
0.20146724
0.42484149
0.07958949
0.09658465
0.25351138
0.08460380
0.24172831
0.10896121
0.10371937
0.41033594
0.13783934
0.03499667
0.22208346
0.18313718
0.05805948
0.36635568
0.38490001
0.12497720
0.12541745
0.11591699
0.43773340
0.32445668
0.15303469
0.24389353
0.11861730
0.36984392
0.28582930
0.18551717
0.07506096
0.11076111
0.30268113
0.08297656
0.41939392
0.13678843
0.29260228
0.36140566
0.12934226
0.13477338
0.33309759
0.10874215
0.36592467
0.34717007
0.36209391
0.17004181
0.34713249
0.18779378
0.30869633
0.18303107
0.29595606
0.22735132
0.11707418
0.11886102
0.05644323
0.40941826
0.03978569
0.16267676
0.41632176
0.12412477
0.10281864
0.32455487
0.33769597
0.16294045
0.12056045
0.30181962
0.31020448
0.13297114
0.12929093
0.31799967
0.11550670
0.43425497
0.25100047
0.35232106
0.40672365
0.38448624
0.34414836
0.41531704
0.30312985
0.26159650
0.13224040
0.45406200
0.30620508
0.27157662
0.04490076
0.34674016
0.09297262
0.08154366
0.27782667
0.13621567
0.10562514
0.10895130
0.27686924
0.32201798
0.15015162
0.35359650
0.25703897
0.12301367
0.40878013
0.10276458
0.09908060
0.21940887
0.32476900
0.04105907
0.03191522
0.15548216
0.24972656
0.03333531
0.10032259
0.22237346
0.39652144
0.10786625
0.33752991
0.06486313
0.39741993
0.09476060
0.43793855
0.15105854
0.14148837
0.42013831
0.26970285
0.21027145
0.12169269
0.23216135
0.27845515
0.07177325
0.40399249
0.36482400
0.34093531
0.04781955
0.11477705
0.44726769
0.41659671
0.09634653
0.34988035
0.41490346
0.22308323
0.30312564
0.39753838
0.37615962
0.33154611
0.22530143
0.44223115
0.37023753
0.39098965
0.11733235
0.21421401
0.21868704
0.30294845
0.42005503
0.41609461
0.31114301
0.35264465
0.11943904
0.24538440
0.23718285
0.41023107
0.12266428
0.35424147
0.20156873
0.33105958
0.40753582
0.14831266
0.43460035
0.15781252
0.33894522
0.12206900
0.44952708
0.20208451
0.51905521
0.46517329
0.18065094
0.20385283
0.41594563
0.09155954
0.35665611
0.42690844
0.41097930
0.12502427
0.09094132
0.41720695
0.43490701
0.38130280
0.06212825
0.12628238
0.43050303
0.16847026
0.25120211
0.01868143
0.35736345
0.28873731
0.21746812
0.11434531
0.03352038
0.37806695
0.40170573
0.05408348
0.11425850
0.06972678
0.47945115
0.15955216
0.33398412
0.38292003
0.22459979
0.36151966
0.26974510
0.22387023
0.03682420
0.11711011
0.41362473
0.48457875
0.45735174
0.36206785
0.27074846
0.29894574
0.08627281
0.39013270
0.14593331
0.20877999
0.17970788
0.39997464
0.36450999
0.38677269
0.12184104
0.10832950
0.10495395
0.35995373
0.27891720
0.46269049
0.13581902
0.41262657
0.11373765
0.38432360
0.08056674
0.36133184
0.31622209
0.08951154
0.31533772
0.15307703
0.21557071
0.22816777
0.37090267
0.12648795
0.36216061
0.16792003
0.26332034
0.09978002
0.06822094
0.07278593
0.11987716
0.26247759
0.36917299
0.09649664
0.31736190
0.30979594
0.15748119
0.14299423
0.09700804
0.37312473
0.07481691
0.21311696
0.39444730
0.28754641
0.40824638
0.18314092
0.11847424
0.11978155
0.36467182
0.41308167
0.12815996
0.22354847
0.10060089
0.23116708
0.33776278
0.10674790
0.14277573
0.09464600
0.28505825
0.46744283
0.19391537
0.22811986
0.17140693
0.44937290
0.36775118
0.08987883
0.16226126
0.42085595
0.38163409
0.03565260
0.23965480
0.30743350
0.38067775
0.32343613
0.45603840
0.04672899
0.15543686
0.11081622
0.12649892
0.12667057
0.20383895
0.42822252
0.04098483
0.23569999
0.06857875
0.15098654
0.05034962
0.13988676
0.28950272
0.12155534
0.13666158
0.09999433
0.32533243
0.26745039
0.14086761
0.38900142
0.35953639
0.13164555
0.37428047
0.38546467
0.31821664
0.30490182
0.11072765
0.17724007
0.38814575
0.45691256
0.08281715
0.11652002
0.50435104
0.17222067
0.33389310
0.16579272
0.34424634
0.41721206
0.47084536
0.34796564
0.18243493
0.37749939
0.12365204
0.06372823
0.18445203
0.31160753
0.10707372
0.11789139
0.35068734
0.10884937
0.09820878
0.32343946
0.44965819
0.10065262
0.22230299
0.33684321
0.19336783
0.07676237
0.34993387
0.34393124
0.10081107
0.45058569
0.36253360
0.47390268
0.38430663
0.46043147
0.09224493
0.28679866
0.09699595
0.51407701
0.12933682
0.48870904
0.08759126
0.03156085
0.27592192
0.45159197
0.12391907
0.13442193
0.07333098
0.31560574
0.12892979
0.42796559
0.20761100
0.08067464
0.42578174
0.14552785
0.34974592
0.36490303
0.45738462
0.37400896
0.41873443
0.18299756
0.09392830
0.21709747
0.31674808
0.43691580
0.13820855
0.49470757
0.36388465
0.37898796
0.08790593
0.28989594
0.12266359
0.11498036
0.22705071
0.14023636
0.21016396
0.16374892
0.49600575
0.18135644
0.22710374
0.42929966
0.22098738
0.32068026
0.27423160
0.10780492
0.07283311
0.40407092
0.07987206
0.08460020
0.09618850
0.31203514
0.17638589
0.19115087
0.24097429
0.22069362
0.36070609
0.04662426
0.15801550
0.08854916
0.11088805
0.08490188
0.04939975
0.10234826
0.43573382
0.05671010
0.10014985
0.24288395
0.11840217
0.44965978
0.42437093
0.16377967
0.39782607
0.33400532
0.44664052
0.31689321
0.48919760
0.13633024
0.33931173
0.10590380
0.14177921
0.33343573
0.41006864
0.33081294
0.19186833
0.18748971
0.23724685
0.10356591
0.43184872
0.24757321
0.52491282
0.41214513
0.45590117
0.32721584
0.13597212
0.45305728
0.32451717
0.18550775
0.07831688
0.15185715
0.12818719
0.11662433
0.41195907
0.17728022
0.34608865
0.14573152
0.22611687
0.18152320
0.10640530
0.54745426
0.42422478
0.37720716
0.04364404
0.32548967
0.43195417
0.23510600
0.45012685
0.11964286
0.40704154
0.19570986
0.35189816
0.18674832
0.33397431
0.21960531
0.12180605
0.38382771
0.09115948
0.48850722
0.32370815
