# NTRAJ	1000
0.02717818
0.20908318
0.27673478
0.22927363
0.04642052
0.20908318
0.20908318
0.20908318
0.20908318
0.20908318
0.20908318
0.04343295
0.22672842
0.05937174
0.20908318
0.20908318
0.20908318
0.18964776
0.20908318
0.20908318
0.02287770
0.22232074
0.20908318
0.20908318
0.50125323
0.20908318
0.41214956
0.20908318
0.20908318
0.05180217
0.42201916
0.51635400
0.45362562
0.20677656
0.49285469
0.08294243
0.20908318
0.11335579
0.20908318
0.52946862
0.20908318
0.45037846
0.20908318
0.24188796
0.20908318
0.21660766
0.05826592
0.45878123
0.11993041
0.21588279
0.39500270
0.15329764
0.47578629
0.21930107
0.20908318
0.20908318
0.20908318
0.02473519
0.21251476
0.07540905
0.20908318
0.52963083
0.20908318
0.15106029
0.02993066
0.20908318
0.00052312
0.20908318
0.20908318
0.20908318
0.20908318
0.20908318
0.53215785
0.12936395
0.37073217
0.47802660
0.12917472
0.20908318
0.03347317
0.21369980
0.20908318
0.20908318
0.20908318
0.20908318
0.07685547
0.06444381
0.20908318
0.16451129
0.32727595
0.20908318
0.05022154
0.05681417
0.12879630
0.20908318
0.07798996
0.49111578
0.20908318
0.38174176
0.52190072
0.22365407
0.20908318
0.20908318
0.22974296
0.20908318
0.20908318
0.20908318
0.20908318
0.20908318
0.04150822
0.20481833
0.42266350
0.20908318
0.18720995
0.20908318
0.20908318
0.10466000
0.20908318
0.07951919
0.20908318
0.20908318
0.09714030
0.05088302
0.20908318
0.20908318
0.20908318
0.42660245
0.20908318
0.22302851
0.40782147
0.20908318
0.20908318
0.03396966
0.20908318
0.20908318
0.02288209
0.20908318
0.20908318
0.20908318
0.48418467
0.02609514
0.30717224
0.20908318
0.20908318
0.20908318
0.02855215
0.20908318
0.50800706
0.29672237
0.16232983
0.20908318
0.46212625
0.48705744
0.20908318
0.20908318
0.17835080
0.04830586
0.34133906
0.41405450
0.20908318
0.51616075
0.05255979
0.20908318
0.07183517
0.10912389
0.20908318
0.20908318
0.37839184
0.44742344
0.18081930
0.20908318
0.30138838
0.20908318
0.23710489
0.22795716
0.10526778
0.00912207
0.20908318
0.06569446
0.02598171
0.41310348
0.20908318
0.12597963
0.48056456
0.04256742
0.30429594
0.32500281
0.03152328
0.20908318
0.20908318
0.24188893
0.20908318
0.20908318
0.20908318
0.20908318
0.20524162
0.20908318
0.20908318
0.20908318
0.05454067
0.20908318
0.53074520
0.08605478
0.34411989
0.20908318
0.00039617
0.04871685
0.20908318
0.09201892
0.20908318
0.52360202
0.50918411
0.20908318
0.08039631
0.20908318
0.20908318
0.10108860
0.03569528
0.20908318
0.23529208
0.46752951
0.02686525
0.51701573
0.02380088
0.36520411
0.06778848
0.53033933
0.20908318
0.22467482
0.20908318
0.20908318
0.14071968
0.20908318
0.05307716
0.04415228
0.22296762
0.27436327
0.00141689
0.03280553
0.20908318
0.20908318
0.20908318
0.13277166
0.20908318
0.18156968
0.04310477
0.23867852
0.20908318
0.01576179
0.13901842
0.01670781
0.15012567
0.11824142
0.20908318
0.44485437
0.26012105
0.04589539
0.20908318
0.31629323
0.20908318
0.20908318
0.06919214
0.53135054
0.20410845
0.02389360
0.51119132
0.37966459
0.20908318
0.06599124
0.33462080
0.27294950
0.20908318
0.29964058
0.42109335
0.20908318
0.33067419
0.20908318
0.47732844
0.20908318
0.20908318
0.20908318
0.20908318
0.53242986
0.52845278
0.39741607
0.20908318
0.08210715
0.20908318
0.47473777
0.20908318
0.11004709
0.53205193
0.42614759
0.40782147
0.14505797
0.20908318
0.46173463
0.53054337
0.51270623
0.22141515
0.21624636
0.53140368
0.51711584
0.20908318
0.46752951
0.51233013
0.20908318
0.48608162
0.20908318
0.20908318
0.06658634
0.40756510
0.29671681
0.09915120
0.20908318
0.10014565
0.53197964
0.36325440
0.20908318
0.20908318
0.02899727
0.20908318
0.20908318
0.20908318
0.26903055
0.20908318
0.20908318
0.08183239
0.20908318
0.33349522
0.01350784
0.20908318
0.50353847
0.20908318
0.20908318
0.02391674
0.03380306
0.20908318
0.20908318
0.52327816
0.20908318
0.00912207
0.00234230
0.20908318
0.20908318
0.20908318
0.16243544
0.20908318
0.36540174
0.00189367
0.36055836
0.48123161
0.18222309
0.53177830
0.51537668
0.20908318
0.20908318
0.48386050
0.20908318
0.48705744
0.00003591
0.13049956
0.46290656
0.13189016
0.14947817
0.04895824
0.20908318
0.09973658
0.20908318
0.20908318
0.09465543
0.20908318
0.20908318
0.20908318
0.01244118
0.17727224
0.03605334
0.02074027
0.07318710
0.20908318
0.20908318
0.44784838
0.20908318
0.20908318
0.02702779
0.20908318
0.20908318
0.52612500
0.01202591
0.20908318
0.51276147
0.05744567
0.52114880
0.07302972
0.20908318
0.20908318
0.20718966
0.22054062
0.20908318
0.03204322
0.40685188
0.20908318
0.04932210
0.20011174
0.20908318
0.22914763
0.20908318
0.02235294
0.26534693
0.02331696
0.20908318
0.20908318
0.20908318
0.53118400
0.20908318
0.02385541
0.41829785
0.44571442
0.37349187
0.30900455
0.20908318
0.20908318
0.02818221
0.20908318
0.14716221
0.23391180
0.43641024
0.20908318
0.20908318
0.15273910
0.50705077
0.13966880
0.20908318
0.44268820
0.17950659
0.20908318
0.03849663
0.20908318
0.00912207
0.06495599
0.04171803
0.35392816
0.11338512
0.20908318
0.34356462
0.19471497
0.13787276
0.11772715
0.20908318
0.20908318
0.20908318
0.02292448
0.20908318
0.22437148
0.20908318
0.22856918
0.11909350
0.02841493
0.10821455
0.20908318
0.15236644
0.20908318
0.04817673
0.51100892
0.14091248
0.51211276
0.17043518
0.23510330
0.20908318
0.50895094
0.20908318
0.27988048
0.12294120
0.20908318
0.50776522
0.44742344
0.53224625
0.20908318
0.14337030
0.13731575
0.04289011
0.25357479
0.02573851
0.02603014
0.04792635
0.20908318
0.03919137
0.20908318
0.20908318
0.20908318
0.08530131
0.44953883
0.03715308
0.20908318
0.20908318
0.20908318
0.10821455
0.34066122
0.35730604
0.08981999
0.09805336
0.18605187
0.02777301
0.18720995
0.20908318
0.20908318
0.20908318
0.20908318
0.13189016
0.10838667
0.20908318
0.20908318
0.11439271
0.20908318
0.40245430
0.20908318
0.32443359
0.20908318
0.21160624
0.20908318
0.25067066
0.20908318
0.21551696
0.20908318
0.20908318
0.38944427
0.20908318
0.20908318
0.20908318
0.02939029
0.20908318
0.00189367
0.02400766
0.20908318
0.02288452
0.20908318
0.00113667
0.20908318
0.11004709
0.04950803
0.09307521
0.20908318
0.45281920
0.20908318
0.03430611
0.20908318
0.03996721
0.41594779
0.20908318
0.20908318
0.41023309
0.20908318
0.09430231
0.44571442
0.20908318
0.52327816
0.20003394
0.47341555
0.15311152
0.51416733
0.25952630
0.20908318
0.20908318
0.02440495
0.20908318
0.20908318
0.10872536
0.40656427
0.21520095
0.20908318
0.20908318
0.20908318
0.35512770
0.20908318
0.22802886
0.09874932
0.20908318
0.50776829
0.05005624
0.23477549
0.45121433
0.20908318
0.39431147
0.26606340
0.20908318
0.33966527
0.52815401
0.22406566
0.52402957
0.20908318
0.52954720
0.20908318
0.00499511
0.32769340
0.20908318
0.02293212
0.20908318
0.02855215
0.20908318
0.20908318
0.23588528
0.20908318
0.18023942
0.20908318
0.20908318
0.23894476
0.11711753
0.53182872
0.20908318
0.52286664
0.20908318
0.20908318
0.20908318
0.16251213
0.28204413
0.20908318
0.20908318
0.20908318
0.20908318
0.20908318
0.11387390
0.20908318
0.04811758
0.20908318
0.20908318
0.20908318
0.14034177
0.02746909
0.03510201
0.20908318
0.02547538
0.10875513
0.34411989
0.20908318
0.20908318
0.20908318
0.02300254
0.22174816
0.20908318
0.11004709
0.08843236
0.00035772
0.20908318
0.51097052
0.20908318
0.03151149
0.20908318
0.29485951
0.04453737
0.20908318
0.03266767
0.20908318
0.20908318
0.18255996
0.35947630
0.29438329
0.04578087
0.20908318
0.20908318
0.50893438
0.21082239
0.20908318
0.13732603
0.24187904
0.20908318
0.20908318
0.02899727
0.06976691
0.13041654
0.20908318
0.05294862
0.20908318
0.19130746
0.20908318
0.20908318
0.52523332
0.20908318
0.20908318
0.20908318
0.20908318
0.03781221
0.20908318
0.13842735
0.21108462
0.46055394
0.02691370
0.20908318
0.20908318
0.52972025
0.20908318
0.05476888
0.22927363
0.20908318
0.32530826
0.38225955
0.52864681
0.20908318
0.02289094
0.20908318
0.20908318
0.17706458
0.20908318
0.20908318
0.02697330
0.01141530
0.20908318
0.20908318
0.28499032
0.07688482
0.35567303
0.53128740
0.20908318
0.20908318
0.21607154
0.10090804
0.51711584
0.00025407
0.20908318
0.45776507
0.05450612
0.12919382
0.20908318
0.03641567
0.20908318
0.20908318
0.20908318
0.03027780
0.30778345
0.20908318
0.20908318
0.05230149
0.02724887
0.30472307
0.30313375
0.05614623
0.22375738
0.53251538
0.35893450
0.20908318
0.04811758
0.02288747
0.20908318
0.53246392
0.02487233
0.00985976
0.00349142
0.20908318
0.12919382
0.20908318
0.20908318
0.20908318
0.20908318
0.11580864
0.31470241
0.02535393
0.20908318
0.16086823
0.16829456
0.20908318
0.52660877
0.20908318
0.20908318
0.20908318
0.11387390
0.20908318
0.04752431
0.02806130
0.15345906
0.22497569
0.20908318
0.26903055
0.45369936
0.20908318
0.01062424
0.20908318
0.15921738
0.20908318
0.51354775
0.20908318
0.05840243
0.03292425
0.15385561
0.36853707
0.14465628
0.20908318
0.37074589
0.30288169
0.20908318
0.06148202
0.14656279
0.23652992
0.02304208
0.17899308
0.20908318
0.20908318
0.20908318
0.20908318
0.16793624
0.12614928
0.45956103
0.20908318
0.20908318
0.14260780
0.19717123
0.16541615
0.20908318
0.20908318
0.20908318
0.31124467
0.06976691
0.20908318
0.20908318
0.50196905
0.20908318
0.11824142
0.05230149
0.17984821
0.20908318
0.36576123
0.20908318
0.20908318
0.52763026
0.20908318
0.20908318
0.06444381
0.20908318
0.41923268
0.11041689
0.20908318
0.51604848
0.52996127
0.34522909
0.20908318
0.20908318
0.20908318
0.04717125
0.20908318
0.20908318
0.52388819
0.11543247
0.20908318
0.24880955
0.02289493
0.20908318
0.03734009
0.20908318
0.18139949
0.46072398
0.13333977
0.19952321
0.20908318
0.20908318
0.22701174
0.53111722
0.23716575
0.19365007
0.08276424
0.20908318
0.02322192
0.52286664
0.50918411
0.20908318
0.50823613
0.20908318
0.20908318
0.20908318
0.20908318
0.20908318
0.20908318
0.20908318
0.20908318
0.43515376
0.32614013
0.02603014
0.20908318
0.20908318
0.20908318
0.20908318
0.20908318
0.20908318
0.20908318
0.01081952
0.52893350
0.20908318
0.39650501
0.04321506
0.20908318
0.43377366
0.08564065
0.24154872
0.15645164
0.41252134
0.00326604
0.20908318
0.26368765
0.17449461
0.12917472
0.20908318
0.03282656
0.52773713
0.20908318
0.20908318
0.04006814
0.04487354
0.19204626
0.15404148
0.20908318
0.20908318
0.20908318
0.20955477
0.00675432
0.17326326
0.02423295
0.07493002
0.20908318
0.20908318
0.20908318
0.05088302
0.22076256
0.47449491
0.46055394
0.20908318
0.20908318
0.37862243
0.35959754
0.12728327
0.20908318
0.17676689
0.04190367
0.20908318
0.41782932
0.20908318
0.20908318
0.20908318
0.20908318
0.35947630
0.24874758
0.03219766
0.20908318
0.20908318
0.20908318
0.05450612
0.02462647
0.00273450
0.08277507
0.20908318
0.20908318
0.02621678
0.20908318
0.07317040
0.13677986
0.20908318
0.07022803
0.20908318
0.20908318
0.00014320
0.20908318
0.42201916
0.51813858
0.20908318
0.01529826
0.20908318
0.22142203
0.20908318
0.02672121
0.00584313
0.20908318
0.36967049
0.15218002
0.20908318
0.20908318
0.04027079
0.20908318
0.11077603
0.24746453
0.06572614
0.21802992
0.20908318
0.03258864
0.20908318
0.20908318
0.20908318
0.29237766
0.02806130
0.20908318
0.20908318
0.20908318
0.35348874
0.30138838
0.20908318
0.20364726
0.20908318
0.20908318
0.10820256
0.20908318
0.20908318
0.20908318
0.20908318
0.20908318
0.53145564
0.20908318
