0.23149610
0.32599672
0.39988736
0.24392746
0.35752940
0.18691223
0.36255411
0.33049653
0.40607918
0.40620706
0.38247733
0.36731303
0.09427570
0.10630349
0.23725117
0.41534512
0.02859053
0.35836776
0.19008111
0.07746579
0.37914463
0.23580980
0.38397134
0.22427209
0.41414893
0.45815769
0.37634482
0.13657334
0.15001824
0.16598627
0.10668511
0.30642945
0.07374958
0.39295707
0.34567345
0.36609222
0.19545518
0.28938367
0.41578346
0.22089349
0.29476297
0.15421526
0.09034636
0.27415375
0.37238151
0.31983049
0.22163242
0.13606295
0.10545881
0.14582921
0.26245159
0.33015610
0.25963591
0.22457278
0.51449992
0.37051849
0.37416366
0.33960050
0.02185950
0.07275675
0.03355830
0.40273941
0.22903109
0.31775554
0.31989420
0.23803422
0.22533664
0.23423705
0.33276787
0.26690644
0.42267888
0.47030207
0.32392136
0.09973528
0.39868376
0.40668294
0.32854559
0.14406278
0.31316717
0.20162681
0.33226264
0.42299724
0.12976993
0.27338908
0.44745848
0.20616275
0.32631826
0.22365713
0.30767993
0.35117276
0.27274835
0.13954293
0.33658753
0.34047668
0.35467659
0.34664709
0.36982145
0.16893720
0.36822505
0.23432049
0.07845541
0.32602203
0.24146078
0.45012369
0.29204610
0.37725947
0.37952249
0.32439876
0.24692876
0.09395692
0.50894269
0.45675438
0.36563094
0.37347655
0.25263017
0.19560726
0.31458947
0.19104938
0.46966543
0.10503538
0.37737018
0.37445025
0.46479580
0.11885329
0.41351065
0.30416700
0.06534575
0.26256417
0.36536966
0.40425282
0.39271977
0.44381690
0.30213079
0.36198618
0.27204497
0.37539988
0.27566164
0.45710150
0.26279860
0.29240792
0.39822227
0.33734975
0.48625121
0.31045762
0.48973055
0.04848000
0.35353187
0.14638351
0.41454596
0.32655922
0.08986407
0.34336093
0.19164248
0.42303461
0.29838986
0.17827177
0.34177841
0.32736680
0.30814515
0.05021210
0.41032014
0.17925467
0.43775218
0.14832401
0.33259217
0.38330547
0.12538093
0.40711294
0.27767120
0.52609663
0.47504857
0.28040350
0.36300272
0.37011117
0.23749978
0.37550240
0.38047201
0.36454786
0.11078061
0.28510007
0.14531302
0.47403539
0.29310098
0.21449218
0.06355416
0.22983412
0.28703682
0.31584441
0.17506060
0.07348963
0.40539977
0.18642519
0.05276963
0.24504891
0.37758881
0.36092069
0.40610518
0.09456971
0.33413829
0.42400346
0.44966281
0.12743384
0.00636775
0.28758981
0.29219924
0.29256937
0.33826439
0.33358513
0.32097387
0.34961853
0.45133820
0.20779085
0.26168114
0.11956443
0.26939041
0.09924419
0.17171981
0.30649911
0.39263608
0.19618519
0.30454439
0.34271562
0.20184147
0.45038454
0.31971879
0.42401507
0.11510059
0.26492806
0.34110893
0.01281141
0.28364693
0.16170100
0.12421714
0.36862563
0.28993323
0.32583063
0.42611318
0.17958033
0.21778808
0.37950192
0.35726075
0.11187344
0.36890972
0.12006829
0.03708466
0.25083035
0.31637966
0.34932559
0.44244419
0.28605852
0.26727843
0.14738291
0.38269075
0.39864397
0.37359821
0.28846928
0.25790842
0.32315196
0.15648401
0.22081612
0.21820881
0.08743485
0.32580167
0.19529503
0.36640745
0.12644371
0.08314754
0.28138083
0.35221734
0.40349113
0.12297166
0.38069465
0.50671862
0.37403481
0.35579591
0.24843926
0.50341602
0.01520668
0.42828230
0.46686616
0.34105141
0.20596075
0.21771652
0.27592426
0.37242772
0.22110183
0.40608462
0.32109450
0.32799467
0.44588597
0.02714431
0.16725542
0.27002461
0.16400678
0.29592045
0.37483734
0.12618651
0.03846389
0.26814444
0.32664579
0.11174209
0.30809571
0.16380755
0.04940073
0.11612968
0.47711978
0.12250977
0.31567558
0.45369773
0.48394601
0.37897591
0.30539005
0.26154570
0.36910565
0.34047577
0.34633523
0.12372006
0.26183407
0.19447368
0.38426430
0.23987082
0.19129381
0.33144738
0.37026541
0.01608114
0.27035829
0.23900431
0.42516179
0.35853341
0.12977694
0.34975321
0.40396619
0.33560155
0.37639790
0.15709798
0.32060988
0.23526986
0.42011519
0.28813086
0.18124634
0.31260573
0.36341093
0.19504176
0.18227397
0.39859994
0.04015278
0.28005944
0.04103542
0.22369530
0.26413116
0.22525746
0.42827509
0.12095983
0.31039686
0.17234774
0.31191464
0.32793964
0.40824754
0.34677717
0.20176273
0.31188453
0.36581413
0.26831544
0.41195676
0.52518798
0.34033490
0.21012394
0.05615698
0.44030608
0.43920748
0.28384282
0.51204318
0.20312338
0.28051827
0.47975938
0.16012140
0.47294932
0.09993150
0.00974602
0.13166761
0.15504751
0.31179240
0.18008910
0.37042979
0.25229878
0.37957895
0.31265223
0.12832336
0.29474310
0.11818173
0.37344765
0.54958856
0.33974629
0.31869339
0.51232294
0.18576094
0.24752604
0.32509993
0.48391843
0.03016306
0.05137043
0.29265290
0.43303530
0.11224266
0.39581997
0.35702239
0.12726539
0.44099416
0.06562103
0.41545156
0.26419407
0.35474940
0.36468130
0.34607374
0.09730038
0.04312968
0.29937386
0.10259956
0.42814689
0.20291902
0.30207865
0.28884563
0.29958075
0.22614554
0.19019945
0.23179339
0.36702913
0.43428447
0.12198009
0.12525709
0.26740664
0.32392676
0.12869735
0.36862755
0.08150975
0.31923939
0.46416341
0.25268731
0.26208469
0.20617874
0.24473779
0.28165804
0.21907611
0.25448709
0.23198643
0.14927049
0.24043992
0.34003205
0.06938487
0.24603440
0.13051641
0.24299929
0.26587401
0.40989927
0.35276907
0.41156359
0.14587399
0.44181027
0.20499644
0.20107640
0.32193808
0.24143174
0.39466900
0.40681160
0.26566548
0.30660215
0.08663075
0.20959991
0.38889345
0.23176951
0.09212477
0.19926679
0.42531357
0.46427483
0.04261291
0.29411634
0.32458040
0.30370072
0.36843260
0.34625950
0.34157149
0.38272057
0.25749460
0.41060512
0.41272823
0.42541685
0.24990503
0.10547548
0.21028926
0.16267863
0.53752903
0.33266417
0.15519309
0.33753919
0.32429789
0.36254268
0.44716247
0.44163116
0.27987272
0.10106080
0.09744490
0.27673690
0.27769326
0.29534854
0.33809466
0.44041886
0.32720163
0.08260454
0.20092667
0.31759655
0.42357544
0.08617990
0.18401131
0.09598667
0.40176790
0.35292223
0.23456099
0.37670327
0.35767613
0.08713682
0.12708752
0.21446948
0.24754941
0.26666834
0.04489512
0.27636320
0.33694137
0.19825903
0.37275373
0.37828882
0.30209581
0.27746668
0.19599617
0.08930750
0.16173124
0.18207881
0.37656349
0.07460492
0.29832014
0.26943261
0.24317835
0.40386992
0.19097986
0.14721846
0.38079041
0.21141017
0.42113876
0.45882038
0.19126099
0.41796066
0.40567194
0.38641030
0.28414608
0.28922611
0.38411889
0.24552948
0.36101938
0.06466227
0.25304533
0.09819920
0.46979442
0.33109902
0.24484524
0.41861884
0.27593123
0.26700510
0.15576625
0.33444696
0.35273373
0.27574022
0.39666236
0.06083552
0.42045086
0.30113339
0.41896650
0.10210539
0.35592424
0.42079724
0.15421208
0.25280256
0.03958183
0.06462059
0.04962762
0.21821937
0.16004473
0.19829751
0.22614546
0.13875735
0.06858069
0.05410190
0.30564976
0.14815575
0.20312196
0.14910470
0.28365230
0.05779497
0.28207024
0.30474870
0.34301457
0.24403683
0.43648793
0.21916445
0.40101659
0.35566039
0.26157256
0.21442591
0.33059097
0.41698437
0.30602381
0.13741918
0.06458765
0.30882393
0.34077960
0.36833409
0.19650164
0.42650763
0.51763626
0.37026023
0.09084562
0.11841343
0.14594776
0.34304563
0.22323251
0.46155834
0.39131026
0.27611947
0.37063323
0.37979560
0.35961966
0.47444461
0.15978572
0.07774110
0.38920275
0.20678429
0.11661209
0.16873601
0.28400985
0.17459679
0.26192233
0.39965487
0.39898690
0.03829818
0.37821635
0.28721256
0.07209850
0.25594055
0.10670364
0.25648397
0.36033221
0.10329644
0.38062322
0.24538964
0.18040015
0.35854994
0.41157271
0.47155129
0.20979453
0.19455940
0.13841526
0.08570274
0.13266224
0.20622117
0.05028690
0.35940903
0.41525753
0.34526546
0.48586155
0.26569329
0.18587490
0.37735536
0.38055694
0.13831533
0.35138846
0.51171853
0.39417938
0.10907846
0.36391706
0.35388739
0.34328255
0.39330349
0.26265467
0.34417312
0.27884767
0.43402911
0.16100947
0.24923519
0.35910281
0.04659894
0.11967561
0.50256460
0.16314105
0.11343712
0.19231480
0.34305173
0.14035554
0.29968213
0.40444932
0.32795822
0.38771988
0.05027786
0.18493331
0.07388911
0.23858132
0.31839555
0.13113836
0.22847790
0.11181315
0.42718037
0.23508707
0.13671805
0.32743420
0.37507535
0.16983346
0.37057505
0.26596313
0.17376014
0.35294949
0.22503822
0.40748099
0.19715296
0.01105603
0.52772226
0.09456504
0.16600164
0.04112568
0.23300536
0.22173671
0.01765216
0.45663976
0.29184603
0.30753079
0.16261428
0.46104056
0.26106249
0.39784364
0.31599793
0.28080529
0.40496337
0.18776613
0.16049620
0.04516041
0.35952894
0.33372913
0.41184756
0.23999792
0.29574137
0.30609431
0.33612332
0.40878871
0.16569104
0.24626325
0.25655594
0.17700070
0.25316655
0.26124006
0.40536321
0.47874311
0.06242506
0.04230095
0.32544331
0.43295410
0.32515409
0.33285712
0.23920888
0.40807438
0.35990556
0.36098827
0.23391653
0.33334226
0.25324644
0.34219584
0.19305293
0.40824835
0.36996157
0.20526461
0.36004985
0.19955398
0.20913071
0.49749029
0.44023015
0.53402608
0.18931207
0.13248743
0.27620180
0.04132565
0.46121451
0.11129902
0.24690548
0.37965426
0.10949966
0.10290322
0.23418654
0.10499683
0.29472596
0.08167801
0.34312070
0.05980553
0.08471604
0.08635236
0.33040634
0.31796954
0.24881338
0.29117819
0.22471759
0.18968120
0.40656971
0.18418464
0.34403851
0.10432881
0.12173939
0.27430102
0.34669023
0.24947643
0.43654547
0.18705176
0.15472579
0.35600956
0.43417156
0.37261323
0.44998458
0.18793764
0.36411055
0.28927387
0.00302183
0.34608246
0.20205574
0.34791666
0.21526858
0.37644956
0.16654138
0.05802716
0.24045459
0.23412681
0.31532473
0.37403920
0.12494166
0.18000754
0.40648480
0.21524583
0.09745645
0.31617060
0.21656701
0.34977365
0.37018066
0.23053272
0.36881711
0.26059364
0.14491538
0.38031250
0.20486867
0.29904131
0.19310919
0.41730620
0.22181841
0.23718352
0.32444900
0.27255621
0.16560154
0.39657633
0.46898167
0.24350855
0.20701603
0.38966638
0.08989416
0.18998154
0.25978131
0.22886599
0.14632185
0.30040087
0.32098202
0.12338202
0.09556399
0.38302118
0.09135827
0.41139547
0.25037646
0.55975144
0.43586938
0.27450306
0.15818823
0.29435016
0.17242625
0.14849246
0.13538280
0.39893935
0.27452091
0.29643945
0.42218753
0.32015650
0.26983619
0.23789049
0.25944591
0.37732815
0.17640059
0.22329507
0.30208519
0.43833319
0.36805584
0.35737677
0.37303672
0.28554056
0.49367652
0.09197981
0.40165197
0.27194943
0.46602615
0.35784753
0.24970076
0.13948290
0.19981035
0.19363487
0.38824849
0.35614289
0.38142734
0.25391060
0.23541331
0.15425229
0.14435597
0.42608205
0.35191365
0.07584972
0.35459083
0.12867723
0.32339805
0.30856833
0.27210988
0.39409413
0.17190906
0.39818249
0.05894139
0.20771445
0.38908490
0.50246279
0.35668574
0.16433052
0.33548002
0.25640924
0.20968755
0.27615416
0.30139040
0.43971973
0.16476096
0.10276640
0.33902742
0.17324926
0.38394654
0.19922448
0.32082691
0.43463179
0.28252407
0.29817445
0.18179960
0.38175012
0.08291463
0.09407743
0.28468093
0.25112686
0.41871845
0.25309357
0.07097673
0.17514593
0.27868477
0.28786573
0.42102531
0.31077202
0.36514182
0.02719730
0.27823095
0.28102332
0.36813955
0.27301342
0.43572613
0.16400604
0.32442449
0.27187300
0.00246351
0.48673688
0.16964001
0.32470001
0.23090598
0.38638931
0.36195809
0.36552275
0.14765155
0.33829277
0.26003086
0.34258129
0.12264587
0.28185902
0.32599983
0.24249696
0.24712402
0.40479265
0.36169037
0.27076983
0.15715742
0.27913803
0.14834473
0.31002893
0.26255001
