# NTRAJ	100
0.000	0.00000000
0.031	0.16639458
0.061	0.23014811
0.092	0.27436641
0.122	0.30987988
0.153	0.33682770
0.184	0.35910409
0.214	0.38065074
0.245	0.39922672
0.276	0.41262592
0.306	0.42790054
0.337	0.42899405
0.367	0.43733987
0.398	0.44277052
0.429	0.44698998
0.459	0.44050747
0.490	0.44197063
0.520	0.43108252
0.551	0.42543879
0.582	0.35477109
0.612	0.18402467
0.643	0.05458590
0.673	0.03841940
0.704	0.02517515
0.735	0.02517515
0.765	0.02517515
0.796	0.02517515
0.827	0.02517515
0.857	0.02517515
0.888	0.02517515
0.918	0.02517515
0.949	0.02517515
0.980	0.02517515
1.010	0.02517515
1.041	0.02517515
1.071	0.02517515
1.102	0.02517515
1.133	0.02517515
1.163	0.02517515
1.194	0.02517515
1.224	0.02517515
1.255	0.02517515
1.286	0.02517515
1.316	0.02517515
1.347	0.02517515
1.378	0.02517515
1.408	0.02517515
1.439	0.02517515
1.469	0.02517515
1.500	0.02517515
