# NTRAJ	1000
0.47063793
0.16526975
0.14967882
0.29230897
0.51963306
0.13250899
0.14938194
0.17524258
0.21828844
0.21533992
0.48315782
0.12690973
0.28240753
0.34292523
0.37262097
0.33020083
0.31651983
0.34880188
0.42973648
0.20443259
0.40441316
0.32270767
0.18962247
0.16923336
0.46010450
0.45404678
0.30912612
0.27821119
0.22523968
0.10090528
0.24423841
0.54869516
0.10679709
0.61215841
0.34599649
0.29440466
0.59906150
0.08988563
0.12863473
0.10793269
0.28551402
0.38002952
0.18920591
0.36204299
0.50192817
0.32485938
0.48848006
0.25416406
0.32983133
0.57804892
0.25610465
0.17635260
0.11164867
0.30750946
0.20642484
0.20155111
0.39275822
0.22027620
0.33781739
0.25067755
0.21425747
0.13099988
0.15972892
0.17494018
0.11199552
0.17730069
0.13075943
0.20618269
0.09838455
0.42024549
0.29226852
0.27910813
0.09894247
0.42886236
0.23502008
0.32594052
0.30812273
0.41878677
0.16702321
0.28929453
0.26244006
0.28335996
0.46575591
0.25998204
0.41283703
0.20538719
0.12030772
0.35570058
0.44647185
0.36589907
0.53488248
0.24392633
0.34019951
0.28702701
0.54686917
0.28732485
0.50985895
0.48158328
0.18786021
0.28282623
0.08754383
0.21631065
0.19117383
0.55407457
0.45727557
0.38985366
0.33384175
0.25568785
0.15757747
0.20102396
0.27507580
0.55843989
0.43352666
0.19896452
0.32044509
0.28627004
0.18274054
0.30900979
0.15863170
0.33497882
0.45039744
0.17468133
0.14270769
0.26810543
0.45957588
0.21864551
0.17918345
0.43431056
0.34700144
0.47802439
0.44845032
0.45125366
0.18221042
0.39060356
0.26404623
0.10330895
0.28459458
0.17737871
0.61979554
0.13838354
0.12858420
0.19926333
0.19293275
0.22640754
0.25958193
0.24700460
0.41783595
0.32449068
0.23970172
0.51597893
0.36985149
0.16490516
0.17893574
0.18138905
0.61796068
0.28898928
0.44017422
0.27788146
0.29797022
0.21636916
0.28948009
0.27885332
0.39461382
0.30851610
0.41352108
0.34724119
0.42996388
0.12465751
0.32600063
0.24021832
0.20140969
0.33091974
0.41303774
0.21015650
0.22715375
0.30126149
0.22659957
0.23554234
0.27916699
0.15406675
0.22048520
0.13382106
0.15361198
0.31125105
0.55579938
0.35623737
0.42062728
0.18035481
0.27919241
0.28410354
0.39248094
0.42489985
0.49284579
0.37152786
0.12818973
0.39499864
0.48243466
0.13784479
0.12899070
0.21543542
0.19339165
0.13422108
0.28672606
0.22067495
0.33765738
0.16052787
0.35631192
0.23306610
0.20262361
0.33152376
0.29712037
0.29100964
0.17393456
0.27678606
0.24005598
0.25317991
0.23373858
0.24340685
0.48256609
0.30479265
0.51724657
0.33175241
0.13644941
0.28083994
0.32305900
0.13372624
0.52217370
0.20551420
0.33368942
0.30187026
0.22104974
0.35275573
0.51201067
0.23351083
0.37247960
0.20871200
0.29845106
0.29503936
0.18119859
0.13721415
0.19827998
0.56195217
0.20245679
0.35113011
0.46512945
0.27278748
0.14398281
0.29493627
0.17405095
0.17056958
0.15196698
0.16078693
0.32269574
0.15474394
0.39265501
0.24739985
0.38158351
0.17219520
0.14028690
0.35304210
0.34833305
0.35438570
0.42091139
0.15761072
0.23733595
0.40277165
0.17328573
0.34831715
0.07853043
0.42368717
0.19956695
0.43828953
0.34149655
0.20717095
0.29469841
0.34196092
0.37871526
0.10888706
0.46953551
0.24338223
0.41526939
0.18826706
0.19762178
0.47297202
0.36530268
0.26574862
0.33358932
0.26627704
0.12269211
0.37796294
0.23650266
0.22448727
0.16306790
0.13044738
0.20174413
0.24323137
0.24277659
0.25439890
0.24402617
0.57741805
0.09538281
0.33530862
0.17273677
0.23794932
0.52253641
0.39326748
0.23177695
0.26747058
0.26039783
0.15275810
0.29947491
0.50584795
0.30279415
0.30423323
0.17353461
0.54433144
0.35702012
0.25536841
0.33035161
0.56862427
0.33837974
0.52653901
0.26288716
0.33068826
0.36872799
0.17108441
0.30195636
0.35215909
0.29237905
0.42372485
0.08735991
0.27449510
0.51068796
0.19610832
0.26574521
0.35644231
0.54456942
0.44211554
0.39802701
0.37468689
0.24004808
0.48786999
0.39761888
0.15309897
0.30393269
0.15433401
0.19148627
0.24026927
0.52541291
0.52022225
0.24290181
0.17191780
0.52273166
0.15062287
0.49551187
0.38591848
0.16097713
0.32985193
0.34084672
0.22791873
0.57917504
0.13937174
0.34826549
0.21960684
0.40212899
0.27444882
0.21509326
0.20170247
0.16826865
0.47842259
0.17986373
0.36101208
0.34264700
0.19538162
0.45636786
0.32996183
0.29115562
0.37298714
0.19839509
0.25345921
0.34178445
0.20569370
0.35826285
0.15002204
0.13832623
0.37969755
0.32191409
0.51910752
0.17456795
0.22941504
0.22838253
0.48063659
0.26834850
0.52623688
0.36502909
0.35429157
0.47734142
0.41696174
0.39247773
0.21485352
0.21729771
0.38417296
0.21636520
0.14972530
0.23927146
0.44853914
0.28664765
0.16715915
0.34100995
0.20020575
0.27804012
0.27818631
0.27438925
0.31167926
0.15736772
0.47105222
0.27533723
0.18180614
0.18502032
0.08628234
0.18206584
0.47155344
0.41545544
0.23396413
0.22643615
0.19294315
0.43365746
0.12487958
0.46183880
0.56327672
0.29583536
0.36819793
0.22032414
0.31097855
0.22738482
0.16053506
0.31332053
0.23636460
0.39876595
0.17696453
0.19132775
0.24744415
0.19938165
0.44324595
0.37069443
0.46397173
0.21356256
0.19035933
0.12229062
0.35367653
0.13402376
0.24729551
0.29858348
0.23463195
0.25309936
0.45113211
0.35831337
0.36010296
0.27348067
0.13381207
0.31992698
0.33418056
0.15146588
0.16422463
0.09726827
0.29435061
0.23606097
0.26463752
0.32316492
0.08175752
0.24165663
0.13379141
0.26296559
0.25452388
0.19760824
0.52818089
0.50913428
0.32295611
0.19431648
0.23378716
0.36027903
0.28952498
0.21188758
0.09334012
0.13571994
0.32209888
0.10388071
0.42881227
0.30742280
0.59814325
0.57518113
0.38686727
0.15725453
0.12841020
0.36414596
0.20995253
0.34782428
0.13534811
0.52894766
0.18264511
0.30284256
0.24944746
0.20315084
0.56912201
0.30889450
0.33652975
0.28550143
0.41750011
0.26690083
0.13804904
0.41800526
0.18760990
0.30566812
0.29303440
0.34041049
0.19112198
0.35589620
0.16858159
0.23525771
0.61869559
0.13838336
0.31911569
0.11361360
0.28089333
0.34934870
0.39123254
0.19972141
0.22818053
0.19854311
0.13934939
0.36685455
0.40801171
0.19886395
0.10442046
0.15353212
0.26173030
0.14154214
0.36967154
0.23935840
0.43984485
0.18097402
0.55506623
0.13093173
0.24298333
0.15413119
0.19095465
0.24279340
0.10375324
0.19243660
0.35025744
0.18877915
0.32544019
0.16044413
0.20508108
0.27793576
0.48935625
0.15125223
0.43939181
0.34974961
0.28098541
0.13002087
0.17112321
0.49534461
0.21040930
0.26281520
0.11150834
0.22291872
0.40194375
0.47750550
0.38233149
0.55837164
0.24967110
0.15089209
0.49627971
0.09980480
0.14675261
0.51744487
0.33973062
0.26363244
0.13123563
0.18548227
0.35454593
0.49421269
0.21572442
0.26298551
0.14356237
0.13824898
0.48860446
0.22212023
0.23554572
0.17551840
0.31743147
0.18245313
0.37177885
0.27654221
0.37069092
0.26892203
0.32897561
0.19706115
0.16075791
0.44021021
0.34333869
0.30715862
0.18461447
0.19352122
0.13823399
0.19139739
0.22598163
0.41352416
0.13477834
0.37776441
0.48349517
0.42437255
0.20106348
0.14464098
0.35950720
0.45661452
0.38464628
0.22749062
0.37492582
0.31657132
0.18921857
0.23950769
0.28629568
0.12068448
0.15265661
0.36328301
0.28200901
0.17928959
0.39415087
0.20098993
0.41372605
0.17353519
0.22204843
0.34002002
0.43839824
0.37532057
0.39333340
0.39230475
0.22770727
0.24878268
0.33652602
0.60456099
0.36907719
0.16906607
0.35183191
0.32280722
0.10448564
0.53118705
0.37597819
0.41901062
0.15369017
0.37003691
0.17916241
0.53854072
0.23593122
0.48641795
0.21727221
0.57476379
0.21001826
0.10465714
0.26369143
0.45830142
0.41734863
0.14274856
0.38634276
0.20654306
0.23429741
0.34996866
0.18330832
0.10722958
0.16499598
0.18020069
0.18409981
0.16365542
0.19381292
0.47923379
0.13122786
0.27839472
0.37524266
0.53580253
0.13066671
0.15468358
0.43068320
0.24314041
0.49502098
0.17611435
0.11415542
0.22828015
0.22533992
0.17843386
0.23947247
0.22040101
0.16631337
0.26200707
0.15831077
0.14150486
0.19850808
0.09789708
0.29590954
0.21535808
0.21682373
0.22624984
0.48784272
0.43991816
0.16041916
0.21134324
0.17394693
0.40506829
0.12462724
0.25456608
0.59114869
0.53977435
0.14123737
0.12474072
0.36538890
0.09718128
0.46462859
0.56198285
0.23938194
0.27319669
0.20691407
0.16157903
0.18051349
0.34507636
0.20295506
0.20769066
0.27045797
0.10373947
0.33477822
0.15655877
0.51987165
0.27684117
0.47725431
0.15957655
0.55949239
0.27904894
0.38613276
0.53934929
0.13510175
0.28023995
0.31673140
0.36906716
0.30492062
0.21723306
0.54347866
0.14790059
0.21086163
0.56726378
0.15477399
0.14649778
0.33156251
0.24174647
0.37500236
0.43762297
0.46042244
0.22880975
0.24832953
0.46163697
0.32058743
0.20056546
0.50317356
0.17011042
0.23683494
0.22870700
0.13751950
0.17529819
0.18723026
0.38605904
0.12033207
0.18482301
0.25504942
0.25618737
0.21175424
0.15687546
0.33637995
0.14884297
0.18020125
0.56053695
0.15463641
0.35732595
0.08645693
0.40790295
0.19327850
0.29223196
0.43018916
0.28604296
0.20992807
0.18159675
0.43335141
0.54830410
0.28225886
0.20829823
0.54997840
0.17700922
0.36141343
0.13287557
0.47649449
0.19316620
0.11050686
0.23505232
0.10386506
0.14705667
0.19845827
0.36197432
0.30419863
0.17692924
0.35073593
0.28795118
0.24123342
0.32464762
0.21712065
0.18608971
0.21522629
0.43621784
0.41967415
0.21886392
0.41415283
0.52474452
0.37581184
0.37304797
0.26510479
0.35506502
0.18706156
0.22982374
0.32470601
0.20380566
0.09223556
0.32262372
0.50142069
0.40721971
0.37047178
0.27406203
0.10110671
0.13183933
0.46042378
0.26620904
0.44719996
0.28903909
0.29560578
0.31903093
0.39304891
0.38032979
0.23249972
0.35359328
0.13938780
0.41375929
0.43054197
0.26468291
0.33597449
0.37987484
0.17492012
0.12730123
0.48626440
0.08701028
0.33288426
0.21993985
0.15009151
0.31483646
0.20213641
0.22605176
0.25893282
0.24077250
0.37843522
0.24871327
0.35403981
0.21651417
0.25642835
0.13880057
0.46344427
0.32045371
0.17210007
0.09773181
0.51299025
0.42193569
0.46209592
0.32785474
0.32252510
0.23089930
0.23435037
0.38785956
0.12601879
0.18128981
0.16240731
0.34557209
0.14601696
0.55712757
0.24227567
0.11511868
0.11086071
0.14175916
0.39443220
0.43944565
0.37793488
0.42997721
0.23654173
0.20846817
0.33126490
0.13807656
0.42721960
0.24467271
0.47937011
0.17008543
0.21248162
0.35803807
0.23206090
0.12109876
0.48730066
0.42682225
0.12722006
0.55060628
0.28546576
0.39434348
0.23301153
0.53885021
0.19940748
0.42903144
0.34139887
0.44019023
0.24042925
0.29960406
0.28048799
0.20274281
0.24000134
0.35360334
0.27816540
0.56847947
0.47190272
0.20230899
0.27681286
0.21239210
0.13221215
0.33270215
0.18878284
0.23802758
0.36743715
0.24020256
0.14422757
0.28046123
0.12086326
0.32499613
0.23008566
0.42943648
0.20910206
0.15451016
0.21489293
0.57618941
0.15135440
0.08482661
0.16170702
0.52299029
0.32115477
0.46699225
0.32226525
0.47777504
0.42074531
0.36180985
0.36065002
0.11135334
0.36081113
0.39764940
0.20236005
0.21705920
0.37470242
0.22186290
0.18174591
0.15962064
0.31973053
0.45219167
0.24365050
0.10598466
0.28807248
0.41774916
0.16695687
0.28507583
0.17979194
0.26791916
0.16928574
0.18307694
0.31254055
0.22872836
0.18623243
0.33922681
0.34957243
0.34039064
0.45110356
0.29414667
0.24562472
0.17980735
0.33855836
0.35944630
0.17103359
0.15995800
0.16762259
0.46911808
0.39087181
0.56627205
0.34879799
0.33144041
0.12337316
