# NTRAJ	1000
0.41842096
0.42999270
0.41049979
0.22223252
0.23327695
0.12936180
0.14776173
0.21464001
0.42831397
0.27000192
0.31031858
0.38457093
0.43709856
0.21349952
0.16263951
0.13753252
0.12748736
0.27878411
0.21671550
0.10652067
0.14731714
0.23862252
0.17084691
0.15271716
0.11131269
0.42667006
0.28121592
0.22655678
0.26222585
0.47011151
0.36652181
0.39297412
0.25008911
0.32579563
0.38399128
0.33108680
0.38433928
0.16025523
0.45642225
0.26512255
0.42619750
0.18111416
0.29022763
0.32157190
0.08475969
0.41501993
0.35250232
0.16450100
0.39261979
0.28678488
0.20323806
0.18042007
0.30157581
0.26950023
0.26947203
0.16840016
0.15492135
0.14760847
0.30471376
0.18076707
0.42848203
0.39155599
0.16949243
0.40690209
0.34333197
0.18042950
0.41246164
0.21847937
0.12374876
0.29813706
0.13912855
0.37694032
0.19476009
0.35371381
0.27824810
0.16407404
0.25807012
0.28087679
0.12798688
0.32647551
0.46826682
0.11515380
0.18613969
0.33175772
0.24761209
0.35130318
0.33431369
0.31739871
0.12592718
0.11020114
0.28661344
0.21942471
0.39865374
0.31566219
0.22184030
0.37072781
0.12924696
0.12952290
0.25611109
0.13234623
0.25043066
0.19166327
0.43944200
0.28420103
0.28860516
0.20979985
0.25830386
0.13782443
0.29676882
0.19882529
0.45685220
0.08119098
0.29862997
0.27599826
0.19216688
0.34957709
0.35481023
0.46301424
0.21380439
0.29614602
0.32337822
0.19304707
0.31428404
0.22681252
0.36092510
0.08452297
0.20848934
0.20224964
0.22608762
0.44424016
0.18659915
0.21089863
0.17298933
0.38994941
0.31638734
0.36774142
0.23752804
0.13294058
0.19241041
0.11963185
0.16553845
0.29495345
0.23756793
0.17389498
0.21461862
0.24099002
0.20322813
0.18413520
0.10548091
0.18224587
0.20115715
0.18623102
0.23198337
0.17962572
0.37459462
0.22911411
0.39031261
0.13923951
0.19086971
0.37012510
0.30248875
0.15829048
0.16983193
0.23901880
0.13812821
0.39866978
0.16728076
0.08986691
0.08656687
0.43412144
0.14214384
0.17376057
0.45146405
0.14322616
0.13272494
0.18777839
0.12919780
0.43504145
0.40736644
0.12241306
0.44733016
0.23682213
0.22810085
0.13133823
0.45185872
0.46516475
0.23185482
0.18857452
0.14601681
0.43533801
0.22292613
0.38918601
0.09271890
0.15279355
0.38401934
0.40916756
0.40179121
0.39526162
0.39074143
0.34044856
0.14752774
0.22319153
0.22967441
0.16888044
0.45365842
0.22609868
0.13945705
0.33779199
0.41587878
0.13413740
0.45570103
0.24858098
0.22517166
0.31546867
0.11284283
0.41808798
0.31969500
0.40031919
0.15571381
0.44935891
0.21781227
0.15181419
0.15927639
0.26570729
0.38951962
0.17308938
0.26829222
0.31067402
0.17399123
0.15894594
0.20392696
0.13891511
0.42611068
0.31522258
0.17189639
0.18511682
0.22154171
0.14970171
0.15476808
0.16772018
0.18848827
0.13990462
0.26205850
0.42683886
0.11074799
0.18475143
0.21738093
0.34589114
0.31832228
0.21084622
0.15779956
0.45758999
0.16707534
0.34355114
0.32129647
0.16582989
0.23596389
0.18620366
0.10234969
0.17506859
0.31666998
0.42535583
0.28206745
0.14131599
0.28541232
0.13486678
0.14802839
0.21787101
0.26526705
0.29912419
0.19282467
0.30791438
0.30469198
0.21342374
0.19770897
0.15318757
0.45160597
0.37712162
0.20669049
0.24931304
0.16814556
0.42916905
0.38181691
0.20628322
0.24262289
0.23591469
0.26288670
0.38836649
0.46924036
0.24691087
0.20802921
0.25467256
0.18454424
0.39863836
0.28306046
0.42000728
0.29016101
0.12921114
0.17141874
0.29366408
0.29732277
0.40433431
0.27883814
0.10041476
0.16088659
0.25309118
0.17541844
0.19607832
0.40680554
0.44189230
0.26812862
0.14351396
0.36215892
0.18439648
0.27746666
0.26060619
0.17816455
0.17584479
0.43623764
0.32286356
0.24041805
0.26129470
0.16127065
0.36303969
0.25066757
0.14539480
0.27456499
0.24122368
0.23082214
0.13780529
0.15414093
0.44239294
0.44216973
0.20699453
0.12088514
0.17083921
0.25648345
0.11309802
0.12814576
0.26323453
0.22466846
0.31715641
0.15206139
0.19200278
0.22311499
0.20061296
0.19775808
0.18408142
0.13378249
0.12178501
0.31126501
0.25341609
0.23147465
0.17626640
0.25652179
0.30374913
0.35783326
0.40736569
0.17933435
0.43510367
0.27092231
0.40331160
0.23593799
0.16608012
0.14660068
0.10141768
0.27274016
0.37155695
0.21350458
0.45405345
0.18014147
0.20811648
0.22915561
0.19127202
0.44297902
0.30609618
0.31492887
0.22101308
0.21547900
0.16275224
0.39702883
0.18768939
0.20596500
0.11142320
0.24097562
0.30388934
0.26976946
0.31929110
0.35917145
0.11908676
0.25079426
0.11636938
0.20154103
0.45708246
0.26728268
0.31469037
0.33550180
0.24880986
0.26574998
0.21622863
0.16908326
0.21448890
0.33506310
0.20948095
0.33193600
0.31874789
0.35531069
0.21811638
0.19657475
0.24653248
0.11502668
0.19345117
0.15563869
0.22837161
0.11003348
0.38751092
0.41692312
0.14857931
0.27431660
0.32417002
0.28367482
0.33426585
0.38219970
0.45449059
0.15810355
0.30385841
0.24170498
0.36916793
0.25138659
0.28546644
0.12709228
0.22178438
0.23840449
0.36507004
0.36525003
0.23810095
0.34072949
0.22125806
0.32571264
0.16243900
0.39061873
0.22502699
0.18998013
0.28845370
0.12208990
0.41645645
0.36334503
0.39891630
0.16712511
0.13168853
0.15960023
0.26017220
0.24437013
0.25814859
0.38238035
0.32822871
0.45032581
0.25749790
0.23797543
0.43777516
0.16954134
0.20360901
0.38519151
0.27828819
0.28652615
0.19328252
0.35937111
0.21274401
0.44903835
0.33579149
0.14581998
0.11673164
0.36889967
0.18738192
0.23162331
0.39922872
0.17973339
0.12351497
0.44108699
0.20678243
0.28102057
0.32301359
0.32958731
0.38247303
0.13978242
0.40189547
0.40117043
0.12022607
0.34927593
0.11714008
0.36817256
0.09664738
0.22411620
0.29489902
0.23302749
0.29835614
0.35119808
0.12849260
0.25489194
0.29187830
0.32177991
0.39478087
0.31539551
0.22027351
0.32374538
0.34363545
0.45154306
0.40148639
0.29133065
0.19778230
0.20717563
0.25199028
0.13226978
0.30575132
0.25666162
0.18793194
0.25239274
0.44561355
0.15220178
0.20139312
0.41736457
0.12461280
0.16554464
0.40788343
0.21314367
0.09072631
0.11704853
0.41396032
0.28135081
0.35140264
0.26014104
0.17120654
0.27230870
0.23704748
0.11282707
0.12546298
0.14340582
0.26391620
0.18501864
0.32860506
0.16239767
0.17170725
0.20478980
0.16034708
0.31060870
0.46899479
0.35733202
0.31980087
0.17907988
0.18278323
0.13272841
0.37963401
0.22675591
0.20622486
0.26040367
0.10637957
0.28250967
0.29038915
0.23150561
0.23900477
0.24752023
0.23380903
0.17992552
0.26771512
0.21457628
0.31472926
0.26237032
0.40126631
0.19838003
0.19594038
0.33402971
0.21295438
0.23207867
0.19302559
0.28990070
0.26693039
0.38913244
0.29409086
0.12261098
0.38709227
0.27001903
0.14078663
0.30609733
0.13211306
0.44960363
0.41294160
0.18290809
0.21457646
0.24996656
0.42960206
0.22879798
0.18047103
0.15454346
0.22240779
0.31264951
0.46495096
0.33305768
0.14321634
0.31390626
0.45322480
0.14793637
0.26299463
0.23454042
0.11822127
0.29836854
0.25710419
0.26142909
0.37063048
0.18438633
0.29152121
0.13519080
0.30273156
0.14570246
0.40909614
0.40977951
0.11874340
0.39192798
0.26144403
0.18219452
0.23829263
0.47163658
0.41398938
0.27633285
0.12863906
0.36488273
0.23979945
0.19163089
0.45744439
0.12578918
0.19849978
0.19928575
0.14013652
0.21019593
0.18531983
0.40591084
0.44753173
0.45007487
0.34847655
0.15702414
0.24028954
0.27017958
0.23754417
0.27339653
0.11650506
0.23977622
0.18507672
0.15211974
0.17277363
0.16714096
0.40541734
0.18333785
0.44257452
0.26366799
0.17350546
0.13676410
0.16973757
0.23146058
0.12394971
0.20015174
0.34433735
0.19869802
0.42792435
0.10671787
0.30086679
0.25629967
0.20284473
0.24867661
0.29535623
0.26423172
0.27885389
0.12417089
0.20739372
0.27328026
0.36185278
0.28015392
0.12294844
0.22423765
0.39928710
0.44520378
0.08692637
0.32587621
0.28658701
0.44954505
0.32325806
0.35638970
0.30210729
0.15123136
0.35670049
0.17425604
0.34336381
0.32895105
0.13587568
0.41392200
0.22485542
0.10687842
0.29256928
0.17697302
0.23406368
0.33330564
0.33138898
0.11649364
0.25699948
0.16114760
0.29119574
0.21612989
0.32000361
0.11331987
0.28706343
0.30296363
0.18415991
0.13599857
0.37487437
0.42046522
0.36294323
0.23849379
0.39924342
0.11838865
0.22531711
0.42569917
0.38141038
0.16424866
0.15151658
0.19997234
0.23407899
0.27766597
0.21487121
0.26040847
0.22855316
0.25050884
0.16053817
0.37226546
0.33614290
0.11344971
0.14670048
0.14201031
0.33871298
0.12555253
0.34690312
0.12809101
0.31871010
0.44661933
0.22012246
0.27984516
0.24309189
0.38726782
0.10434548
0.40267487
0.38966045
0.11138342
0.25555530
0.15636884
0.23487497
0.16766057
0.10079567
0.44860282
0.20929137
0.16426979
0.18316045
0.19140307
0.21974197
0.45988656
0.16423774
0.46452837
0.29154952
0.20862004
0.43415716
0.38663271
0.36986184
0.36376350
0.38206019
0.33773051
0.45533930
0.27117745
0.42253552
0.22350991
0.37367836
0.19062778
0.39881680
0.25554177
0.21435273
0.15905584
0.28654913
0.33690339
0.19491239
0.18853364
0.16518078
0.39201665
0.21889870
0.24563896
0.17617572
0.26199486
0.10213272
0.18074593
0.22154423
0.22513649
0.17525525
0.31612878
0.23130589
0.15448890
0.24392004
0.20240650
0.43558366
0.15192446
0.44589374
0.21113340
0.18646130
0.26146270
0.24561977
0.21942336
0.32783691
0.18779431
0.26252303
0.14836745
0.22877868
0.26526071
0.14500116
0.19348487
0.47732051
0.21164107
0.12348185
0.20895960
0.20223521
0.37697486
0.11978296
0.33768285
0.27043219
0.19709494
0.24508859
0.16850078
0.15454559
0.45774288
0.43377089
0.37367137
0.21346739
0.20220007
0.16045371
0.19065107
0.35652609
0.18881782
0.37970793
0.30764354
0.37257835
0.20253294
0.31376741
0.18832292
0.34423938
0.21060604
0.42354664
0.17771683
0.32211773
0.27047107
0.13522573
0.23931498
0.16954444
0.29112290
0.17226324
0.32073229
0.26607903
0.37347595
0.25345096
0.33433357
0.17284791
0.29736618
0.24610377
0.42915476
0.20261762
0.39157361
0.14172781
0.37475243
0.24301540
0.17321267
0.15056053
0.47710284
0.12991791
0.15451753
0.14256675
0.45966288
0.21382958
0.25371776
0.24279411
0.38798888
0.18958544
0.21633179
0.40032936
0.18526648
0.29175089
0.27099503
0.30270298
0.22263702
0.20731480
0.15264677
0.20319494
0.25975376
0.26223935
0.16131186
0.15518225
0.36056460
0.25134415
0.43244107
0.37371485
0.19433494
0.15905387
0.27852692
0.28927853
0.21737328
0.17453355
0.20932049
0.41399065
0.40753730
0.21101011
0.23478974
0.22545152
0.19525034
0.16259080
0.23491468
0.44161894
0.20561486
0.43479259
0.19660935
0.15030588
0.46370947
0.32622147
0.32221254
0.42886773
0.13504293
0.19241553
0.25194317
0.47159548
0.30749526
0.27043504
0.13400664
0.19587391
0.17181121
0.19309957
0.20947212
0.16281734
0.46545191
0.14568869
0.12712699
0.17389072
0.31284675
0.16845918
0.30799364
0.14635590
0.23616447
0.41056375
0.24726306
0.26778200
0.38216825
0.23372864
0.37756847
0.14065344
0.19370442
0.17987393
0.20516719
0.12482642
0.18270331
0.36572627
0.27000262
0.12517357
0.36154125
0.30250294
0.20637018
0.18482966
0.15217964
0.20154740
0.24489312
0.21406344
0.25129215
0.20828095
0.29884460
0.36384489
0.37947392
0.28463290
0.15475919
0.19891145
0.13975529
0.29175211
0.33264580
0.32171695
0.20064906
0.20265017
0.29546567
0.09691118
0.27369719
0.16401202
0.22784266
0.20711719
0.25842117
0.22060803
0.16941339
0.18954165
0.22919513
0.14252568
0.30789878
0.27712424
0.15380259
0.29804595
0.10675963
0.34260935
