# NTRAJ	1000
0.20234437
0.24625594
0.22905128
0.34893661
0.23316009
0.13832016
0.21651663
0.22882632
0.05182625
0.29768303
0.39662899
0.10816488
0.20323271
0.37331656
0.43962678
0.14330519
0.18912072
0.20750201
0.16325851
0.49044177
0.22606105
0.25794032
0.36669435
0.31942134
0.29521728
0.34453688
0.60417856
0.33122193
0.14057588
0.19534269
0.22663654
0.26842918
0.13298371
0.24477983
0.36229215
0.18712421
0.11451411
0.32288184
0.48613467
0.09822633
0.27775927
0.18717130
0.42604450
0.14050474
0.12369833
0.28472974
0.46038133
0.51659115
0.20956811
0.23345627
0.43600091
0.18048386
0.28286382
0.30729576
0.12476638
0.19141113
0.14986150
0.39776109
0.39427483
0.15185665
0.11480373
0.22697688
0.51245205
0.12902805
0.40016556
0.24817201
0.12126953
0.26387678
0.37541016
0.11497827
0.21039816
0.13124100
0.13942460
0.20577052
0.16356279
0.19013157
0.13041871
0.19934425
0.20711094
0.19076314
0.20481988
0.24234992
0.12028872
0.17855463
0.45713797
0.26761038
0.19289972
0.10007806
0.07696228
0.71594784
0.21548631
0.21615687
0.24477560
0.21343599
0.28796535
0.19243453
0.43310291
0.12084205
0.15262350
0.09313955
0.12487768
0.47128357
0.50422365
0.23531531
0.17222999
0.14653452
0.12029607
0.37478725
0.19060810
0.15705808
0.19950201
0.43973045
0.20107444
0.14087108
0.44214967
0.71260329
0.37832452
0.39924899
0.17060100
0.22742718
0.66069954
0.12882770
0.18743257
0.49636877
0.17030169
0.10779942
0.49080879
0.15675773
0.54298933
0.30120445
0.26691809
0.19984211
0.14060651
0.52169382
0.68652427
0.21938671
0.13165925
0.07757005
0.29987849
0.27419465
0.27955488
0.22812158
0.50998243
0.31762812
0.16376835
0.13061495
0.43813651
0.16768996
0.31054216
0.15677311
0.07215164
0.08957475
0.56141584
0.17882573
0.44411114
0.37055159
0.41594009
0.81893113
0.29725741
0.17921117
0.13313394
0.24607716
0.41644760
0.28318876
0.84766771
0.49595865
0.51543232
0.78907463
0.40549355
0.29098187
0.16833402
0.21948029
0.40424311
0.19054261
0.62327527
0.73931523
0.16393743
0.36219783
0.46615530
0.24734910
0.40924821
0.70818429
0.32190917
0.21538991
0.14859036
0.48693426
0.06399430
0.60173824
0.38628364
0.19740264
0.33064970
0.18516831
0.13765129
0.17249074
0.10178828
0.32537088
0.41981775
0.24026679
0.24259806
0.52239453
0.13290270
0.65795807
0.32742688
0.75493427
0.37523984
0.18065355
0.28103473
0.20054551
0.24814277
0.49834788
0.17336299
0.23030830
0.09978453
0.27190434
0.25096238
0.24907713
0.22229650
0.20163204
0.56025845
0.27006412
0.18108184
0.58150080
0.07453365
0.21054790
0.12606342
0.21420047
0.29054586
0.29452353
0.50195459
0.45945191
0.19284258
0.26128003
0.25860252
0.21856787
0.12667962
0.64152494
0.17644876
0.63582379
0.34218687
0.18067910
0.20202335
0.46555579
0.14593194
0.26411962
0.23418912
0.23181688
0.35387262
0.33193749
0.24089729
0.46903073
0.08924538
0.14715767
0.15436910
0.15303440
0.49435815
0.39923486
0.26045275
0.17248356
0.19016059
0.39736158
0.14015344
0.45185748
0.29825767
0.54836711
0.33003635
0.22541458
0.36288508
0.16984579
0.63308796
0.18790170
0.19069187
0.33874680
0.16631747
0.14374603
0.14636054
0.36884082
0.34553310
0.24111824
0.58963821
0.22379369
0.46150578
0.17748273
0.31704358
0.19844492
0.38757135
0.17269785
0.43702372
0.72132858
0.30258279
0.24231337
0.17968603
0.14345606
0.19629944
0.24978512
0.87147819
0.13720856
0.23638711
0.24144431
0.11089926
0.24281736
0.19389547
0.49345891
0.11680697
0.70668673
0.29521114
0.12484242
0.43296045
0.26617738
0.30726575
0.14404558
0.30178249
0.21814533
0.12171192
0.39442534
0.22983655
0.26895492
0.12056503
0.64774628
0.19896329
0.08940989
0.23903240
0.22495188
0.66500034
0.41205983
0.17412526
0.13420679
0.22315166
0.18831082
0.74510818
0.18131626
0.18492058
0.28487518
0.17038123
0.11396938
0.11914059
0.25219478
0.41258291
0.60883199
0.58580084
0.61451683
0.20377906
0.51629672
0.59319807
0.12746482
0.19246853
0.11078691
0.08939554
0.48892269
0.18475432
0.40455020
0.11556179
0.19714928
0.60472277
0.34624721
0.25383539
0.27265383
0.25722411
0.12848898
0.79184978
0.12621984
0.34766592
0.36465209
0.13466435
0.27645031
0.16861059
0.74867533
0.33150515
0.43689385
0.15827168
0.33611729
0.48397962
0.54268395
0.21381290
0.75048455
0.68451085
0.56502273
0.22359010
0.15269528
0.26500679
0.18164382
0.34500945
0.14542305
0.25868340
0.33596102
0.25781129
0.60023949
0.13943066
0.59444316
0.25744669
0.25227012
0.24654403
0.49177767
0.33057384
0.33378312
0.30422194
0.25401892
0.30341341
0.33473055
0.29392505
0.20508592
0.11372451
0.23309502
0.14142678
0.41583403
0.23874853
0.41285457
0.26072566
0.42976489
0.13661489
0.16513902
0.16120959
0.08397389
0.13972037
0.19894492
0.19242301
0.13532604
0.23408649
0.59976961
0.32548276
0.15935654
0.16994783
0.17381120
0.33543364
0.13423705
0.30752146
0.24431332
0.15115693
0.12083866
0.37843505
0.11467077
0.16555521
0.15163005
0.32963064
0.17639857
0.62554847
0.41264638
0.49868349
0.14286555
0.21200683
0.19564963
0.52545396
0.29823097
0.56709918
0.18094049
0.26623751
0.16089238
0.21121517
0.14739021
0.10728698
0.27936265
0.20321234
0.60032539
0.14962910
0.25513236
0.20222415
0.45096517
0.23646426
0.45051014
0.58899667
0.47640485
0.15289662
0.33812886
0.32506096
0.16162112
0.54286779
0.20546160
0.27720963
0.52632740
0.28916278
0.76656842
0.46606801
0.45164366
0.56418849
0.16612678
0.62282034
0.42793570
0.18378066
0.13927344
0.26982942
0.19171648
0.22439618
0.22032406
0.33420927
0.22105513
0.23883177
0.27339871
0.26539381
0.15374505
0.24835300
0.43299953
0.77716715
0.18467319
0.34481662
0.12181781
0.24808832
0.32537792
0.20207590
0.34383177
0.44298946
0.33841908
0.12426772
0.36629479
0.27868557
0.25003686
0.22482322
0.66006195
0.24956296
0.09982334
0.36135096
0.23815534
0.34441373
0.22567692
0.36183196
0.17316025
0.53317722
0.28175355
0.84688461
0.19015845
0.15183889
0.23372189
0.22257717
0.08399511
0.41782566
0.07243708
0.34007966
0.11273902
0.32338571
0.55659213
0.23841795
0.04927943
0.13977118
0.29884006
0.06328625
0.27507914
0.30456328
0.17963832
0.67468186
0.31789968
0.14693177
0.08897161
0.35543739
0.27001203
0.17925921
0.13486749
0.11071887
0.15496909
0.37823107
0.36215879
0.16888097
0.24661316
0.31155209
0.34972383
0.23539020
0.10223478
0.35858947
0.19165429
0.09008348
0.62508326
0.15706707
0.55198252
0.15604743
0.48996154
0.13064524
0.19203517
0.16411955
0.14328465
0.39054966
0.62673163
0.24005624
0.28299120
0.15079331
0.28419299
0.13252006
0.13320274
0.17078180
0.44854718
0.16752834
0.13061112
0.20100320
0.08878351
0.13313882
0.37865731
0.50528350
0.39173726
0.14906584
0.34237820
0.16568566
0.40695561
0.27959924
0.14547760
0.25811904
0.19013451
0.27956042
0.74857624
0.16287929
0.08364037
0.11938469
0.15895685
0.81379743
0.29284011
0.20956342
0.29299016
0.52692305
0.32999762
0.28016194
0.18290658
0.25213942
0.42614913
0.17134852
0.10069559
0.20384558
0.47465689
0.15683067
0.31667393
0.22950653
0.32552105
0.16882547
0.19613159
0.07769426
0.11808674
0.57959263
0.76827106
0.19419653
0.21516137
0.24731777
0.26980362
0.19906625
0.24427089
0.12725608
0.20032207
0.59454566
0.16039542
0.24556914
0.13602764
0.17999094
0.34046478
0.60700743
0.19724176
0.21820239
0.23265817
0.25674530
0.56071273
0.54253384
0.11049422
0.34987987
0.13579395
0.19711228
0.22407601
0.52980069
0.11009419
0.18505009
0.24307270
0.47342213
0.48752820
0.74772358
0.14820902
0.14672994
0.17782051
0.20153407
0.26513608
0.11049729
0.27433935
0.37445052
0.14630506
0.17486790
0.14347043
0.10114723
0.22266877
0.13846885
0.14122902
0.32157780
0.24871435
0.06342750
0.19541892
0.12367051
0.13412782
0.23379443
0.11169779
0.21987292
0.11123203
0.16922571
0.40187883
0.11664074
0.11695881
0.15468754
0.22051781
0.11341885
0.39211975
0.10234513
0.27582535
0.22436125
0.29990518
0.14171981
0.64026535
0.67808663
0.07811173
0.21747595
0.17876959
0.20981984
0.19962544
0.54155415
0.72371830
0.50662107
0.77462818
0.05918385
0.18498471
0.60057292
0.47487814
0.16753369
0.11471963
0.19257605
0.16176901
0.42324681
0.23471741
0.17907240
0.21814505
0.42411299
0.21019871
0.21033085
0.34877515
0.16125216
0.17701764
0.37290294
0.23889899
0.37433092
0.21170463
0.53174271
0.42513852
0.15190067
0.47311339
0.29555662
0.05166624
0.43465740
0.69695905
0.47654025
0.22738326
0.18802788
0.14183817
0.72020569
0.20981828
0.16998786
0.11866716
0.17308608
0.18517556
0.31831084
0.12989584
0.19483491
0.13798496
0.12822188
0.45894125
0.11689509
0.43935571
0.24453070
0.20622342
0.39072173
0.24749380
0.22050479
0.50418779
0.23248868
0.26888372
0.24132992
0.26139214
0.24871151
0.51757899
0.25646425
0.18784727
0.41569154
0.19241638
0.44609467
0.18311556
0.16817260
0.27735350
0.11310646
0.21034265
0.35906622
0.14522565
0.41941236
0.59782402
0.34060403
0.50889661
0.49878656
0.62340985
0.32768184
0.53226565
0.29400262
0.18450776
0.31154270
0.07225387
0.30080153
0.68311368
0.16065756
0.09392326
0.20049241
0.31028886
0.09542769
0.21968784
0.53601843
0.45955191
0.16515480
0.10612044
0.73410409
0.21901945
0.09779790
0.15816600
0.36633801
0.13053552
0.30435555
0.31436723
0.15674125
0.20670036
0.14100830
0.24761868
0.11461829
0.63948015
0.11541352
0.70051500
0.04936834
0.09373709
0.31946469
0.33079899
0.19785639
0.16867446
0.22672143
0.26969479
0.55186984
0.12064163
0.16715144
0.12842137
0.48350530
0.63631393
0.16724000
0.35994306
0.30785115
0.27348325
0.32228875
0.41251261
0.20667179
0.44271598
0.13179548
0.17335580
0.15992870
0.33926972
0.25224724
0.16245088
0.12597883
0.11014535
0.16919072
0.12932465
0.26448108
0.27559940
0.63772549
0.23294252
0.30051854
0.25158182
0.08667026
0.17062627
0.35613604
0.56620543
0.16331537
0.18089938
0.20603478
0.47309117
0.19507062
0.14170703
0.14670489
0.31077555
0.25893789
0.29454327
0.15278755
0.26589445
0.12723870
0.24710841
0.31781787
0.39451987
0.16848050
0.14823162
0.26690703
0.21879298
0.44414659
0.48761634
0.05836779
0.21960816
0.44734737
0.10483044
0.34463812
0.30285546
0.50406890
0.29043553
0.24131751
0.27644994
0.19743853
0.25882671
0.18083482
0.11358094
0.28071759
0.31040330
0.20220191
0.26572942
0.18887201
0.16305051
0.15358093
0.18436756
0.47775839
0.16719249
0.17562553
0.15310292
0.14567825
0.07023298
0.61785006
0.34306882
0.77194611
0.17917016
0.49047488
0.21766054
0.59723079
0.17642238
0.28296812
0.16181276
0.25396384
0.50241001
0.23067446
0.09692573
0.34607078
0.27189751
0.10116070
0.28624798
0.28007014
0.10318467
0.31532820
0.32585367
0.18585736
0.40637522
0.34068604
0.19729122
0.14767105
0.21225870
0.39042282
0.15600895
0.55618805
0.19454657
0.28346559
0.23233093
0.30706836
0.25937079
0.45716514
0.28126076
0.21645613
0.18592900
0.43028784
0.60638151
0.16434505
0.21011588
0.12148888
0.53671720
0.10887673
0.15615894
0.07440659
0.33526587
0.40755998
0.16915919
0.16549754
0.29703849
0.19313889
0.13419853
0.20108313
0.15154935
0.66716368
0.24332651
0.23702371
0.23451329
0.10259609
0.55458416
0.73787927
0.45149717
0.12855974
0.21523878
0.24990887
0.38422884
0.32741314
0.30000354
0.16106483
0.13586154
0.59577471
0.22905289
0.13682366
0.26542357
0.13685448
0.17878367
0.15607156
0.16234068
0.18727047
0.22495312
0.19599973
0.57166830
0.17698514
0.26936263
0.16638656
0.49313946
0.29713793
0.12576547
