# NTRAJ	100
0.000	0.00000000
0.031	9.53761173
0.061	4.60707669
0.092	3.02968171
0.122	2.13142685
0.153	1.12376862
0.184	0.34526187
0.214	0.07655904
0.245	0.07627883
0.276	0.07673313
0.306	0.07537460
0.337	0.07272146
0.367	0.06964513
0.398	0.06623962
0.429	0.05808143
0.459	0.05143763
0.490	0.04604527
0.520	0.03973513
0.551	0.03507142
0.582	0.03382432
0.612	0.03291770
0.643	0.03215775
0.673	0.02936259
0.704	0.02864408
0.735	0.02765920
0.765	0.02767610
0.796	0.02768548
0.827	0.02721735
0.857	0.02721735
0.888	0.02721735
0.918	0.02721735
0.949	0.02721735
0.980	0.02721735
1.010	0.02721735
1.041	0.02721735
1.071	0.02721735
1.102	0.02721735
1.133	0.02721735
1.163	0.02721735
1.194	0.02721735
1.224	0.02721735
1.255	0.02721735
1.286	0.02721735
1.316	0.02721735
1.347	0.02721735
1.378	0.02721735
1.408	0.02721735
1.439	0.02721735
1.469	0.02721735
1.500	0.02721735
