# NTRAJ	1000
0.18606639
0.16270993
0.23971399
0.20685353
0.18495988
0.16399572
0.20617243
0.18661452
0.16513003
0.17991567
0.20658613
0.20519289
0.17298281
0.18586028
0.16172009
0.18730359
0.18339189
0.16314936
0.21132319
0.19109692
0.17791535
0.20098106
0.16833848
0.19387770
0.18693967
0.16219875
0.18031988
0.16268153
0.16017549
0.15659113
0.16445739
0.16895647
0.17495505
0.19031600
0.17966827
0.22326927
0.17097436
0.19118530
0.18182706
0.17990095
0.20373181
0.17778020
0.16193730
0.16617068
0.21868894
0.16935479
0.15599168
0.17196743
0.18139361
0.18425827
0.17451313
0.16034003
0.16880400
0.17877617
0.15757554
0.17446822
0.17051386
0.18289918
0.23452261
0.15050214
0.22748283
0.19081161
0.19171401
0.17633030
0.18944229
0.18636221
0.18115059
0.17414886
0.15552098
0.16515890
0.17473092
0.14549716
0.17319932
0.17058356
0.18931476
0.17898610
0.19430643
0.19583422
0.18073179
0.19216382
0.17147716
0.20623692
0.17754399
0.18953335
0.16028151
0.18222158
0.17464281
0.16766335
0.19286963
0.21327119
0.18279718
0.18050539
0.23268738
0.17239948
0.17904468
0.21039694
0.15823060
0.15955634
0.15864606
0.18376687
0.17034834
0.17372659
0.17620792
0.19647324
0.19261046
0.20900307
0.15213394
0.14914182
0.17591120
0.17379818
0.19114313
0.18636460
0.17096700
0.15282652
0.17808174
0.16621632
0.16409362
0.16165286
0.16853638
0.18443784
0.18042395
0.15511274
0.22345025
0.18386447
0.14483535
0.17617115
0.19261693
0.20402235
0.15949678
0.23704288
0.19693262
0.17023083
0.20175485
0.16304668
0.17984809
0.19032782
0.14443992
0.15736377
0.19045913
0.17694064
0.20123776
0.16759187
0.16791645
0.20079739
0.17974252
0.22736065
0.17448770
0.16590735
0.19318020
0.15104372
0.14512785
0.22015486
0.17920955
0.17078765
0.17167872
0.18728828
0.17684569
0.17632594
0.16786021
0.18261884
0.17565400
0.21024065
0.17949765
0.17497643
0.19523628
0.17413616
0.17635512
0.17716989
0.14970445
0.16758119
0.18463412
0.19670882
0.18302372
0.19807785
0.19646734
0.17186380
0.19883208
0.15243774
0.17054861
0.19240297
0.21378795
0.16257664
0.14581558
0.19359906
0.17473983
0.20397457
0.21787098
0.17628022
0.17979097
0.16980323
0.16750841
0.16831009
0.18877853
0.20102214
0.19067211
0.15071667
0.17121492
0.17135832
0.16757868
0.14135442
0.18600387
0.16688581
0.25957953
0.19090397
0.19533547
0.17844601
0.19606508
0.16894414
0.18698883
0.21475846
0.16625535
0.19511441
0.16463043
0.19121447
0.17275392
0.15996720
0.20434637
0.17697339
0.17557015
0.14685348
0.19292462
0.19197708
0.17568483
0.16184483
0.15771625
0.16235607
0.18104848
0.19404283
0.15893074
0.16035303
0.18585989
0.15404743
0.18455156
0.15504520
0.15704473
0.16789421
0.15156040
0.20203578
0.16989757
0.19589161
0.19340123
0.21040798
0.14712299
0.19984094
0.17348625
0.22532014
0.17515401
0.16378845
0.16775943
0.16725041
0.18194852
0.17701046
0.19855154
0.19193412
0.18441659
0.21577843
0.21239361
0.16115794
0.16535262
0.16638865
0.19035854
0.18380450
0.17468937
0.14614275
0.18329027
0.22148238
0.14361319
0.20549024
0.17712253
0.16319997
0.16903655
0.14781052
0.15240194
0.18689035
0.22302870
0.15739068
0.16191565
0.19863899
0.15317496
0.21381297
0.19000921
0.20357819
0.17238113
0.22474490
0.17640269
0.18796897
0.18563686
0.18053333
0.15722306
0.17494220
0.19910070
0.16679591
0.15683645
0.19789443
0.16246662
0.19557103
0.16573872
0.16491768
0.18823096
0.20887636
0.17776067
0.17167055
0.16747736
0.17979348
0.19013380
0.16482198
0.20614205
0.17845303
0.20968492
0.18778191
0.18998997
0.17114032
0.21989904
0.20230691
0.14906528
0.15341432
0.16211775
0.18313107
0.17738367
0.15728980
0.19433569
0.17043741
0.16853735
0.19627709
0.17210034
0.19206578
0.19602758
0.16318738
0.17071954
0.16914988
0.19248200
0.18647695
0.15454302
0.18474863
0.20566567
0.17699116
0.21378358
0.18729328
0.17107181
0.21410228
0.17546321
0.17765069
0.15684716
0.19059767
0.16107530
0.20426606
0.18886312
0.17136839
0.15161967
0.16066014
0.15582263
0.18553974
0.19961167
0.16856750
0.17611874
0.21274090
0.22224421
0.20587780
0.18453222
0.18431544
0.18337953
0.18067018
0.23213234
0.17409747
0.17022394
0.18006903
0.17290153
0.18125254
0.15858046
0.18622581
0.14355828
0.18600603
0.19486807
0.19682583
0.19262019
0.13372159
0.19273302
0.17507215
0.20038101
0.19807852
0.14984696
0.19850132
0.18781432
0.15570334
0.14829742
0.18296783
0.16387877
0.16807141
0.18122145
0.18034858
0.15513124
0.18533078
0.17253240
0.19940295
0.17643514
0.21239030
0.16115682
0.21416363
0.20296621
0.18539197
0.18882134
0.14964212
0.16193157
0.23186194
0.17045595
0.18684711
0.18839109
0.15760152
0.21792975
0.17043458
0.19048270
0.18549716
0.21398764
0.17736812
0.16362072
0.19117922
0.16949363
0.15524877
0.16590500
0.16276891
0.20035591
0.13970494
0.16985854
0.16725732
0.20792947
0.19597987
0.16461373
0.16913474
0.19074609
0.17307048
0.17768699
0.17072151
0.17669324
0.16837809
0.17319861
0.20160807
0.17572608
0.18417094
0.17112383
0.15488322
0.18544709
0.14784779
0.17403661
0.18217446
0.19390064
0.15501819
0.19112235
0.18154134
0.19424221
0.17049658
0.18720916
0.16691423
0.17247021
0.16505372
0.20957905
0.16282130
0.16375288
0.16912660
0.17112527
0.19383196
0.16138725
0.16348672
0.20183308
0.17056104
0.18889157
0.18999168
0.18855346
0.17001061
0.15745021
0.18234273
0.17089450
0.17486806
0.19882705
0.22478593
0.21974650
0.16516049
0.18569286
0.16640132
0.16537028
0.18275653
0.19400167
0.17013415
0.20938848
0.18929632
0.15916826
0.14265011
0.16650269
0.14967215
0.15991981
0.16815680
0.18381873
0.17415638
0.16895323
0.16985286
0.20481238
0.18156311
0.22001163
0.17368581
0.21949759
0.14578972
0.18968257
0.16665020
0.15846721
0.25114478
0.19506282
0.13945737
0.17327675
0.16758933
0.18657245
0.19913122
0.19760462
0.18508808
0.16544992
0.17683413
0.16716567
0.19950068
0.18146732
0.15119461
0.19113308
0.17139728
0.17663754
0.19495889
0.20407284
0.17962756
0.19140768
0.14156826
0.20594478
0.18024809
0.18916549
0.18574064
0.20876397
0.16248375
0.17948563
0.20065564
0.18625799
0.19555378
0.16922224
0.18139930
0.18731326
0.20217929
0.18005265
0.19969179
0.17856939
0.19108578
0.24922749
0.16270018
0.17196056
0.14771444
0.18823300
0.17696670
0.17055185
0.20243419
0.19189709
0.21240591
0.19237786
0.16171848
0.16692296
0.17333451
0.15712188
0.15603269
0.16537904
0.16442164
0.20310272
0.19433743
0.18749432
0.17779912
0.18765370
0.16075194
0.19368958
0.15826448
0.20214168
0.15565207
0.17949268
0.15326911
0.20857983
0.17806420
0.16481854
0.17381221
0.17110014
0.17455982
0.21838769
0.20879080
0.17304991
0.19647160
0.18105040
0.17854002
0.19810528
0.18001328
0.21253560
0.19653346
0.15789324
0.17539407
0.19676653
0.24914179
0.18231155
0.19965310
0.23347576
0.16158595
0.17672480
0.18441211
0.16505329
0.14834996
0.19938577
0.19051344
0.15918694
0.18234077
0.16557389
0.22566617
0.20181096
0.16524073
0.17477932
0.17627873
0.17475460
0.17250556
0.17893656
0.18533443
0.15725942
0.17595368
0.18549217
0.17765920
0.15794699
0.17973144
0.14894313
0.19787124
0.18838052
0.15622115
0.15853876
0.20999772
0.17520140
0.16954416
0.16316400
0.16781712
0.16698987
0.18449238
0.18182014
0.18624591
0.17249676
0.19584133
0.19323003
0.19547211
0.18368521
0.17557739
0.15522008
0.16223450
0.15353267
0.19480345
0.18200912
0.18363885
0.15955128
0.16247249
0.18722584
0.18206827
0.16265882
0.17407673
0.13922604
0.16697019
0.19383580
0.17043406
0.18228523
0.15660136
0.18493748
0.19290194
0.15543082
0.15504625
0.19662458
0.19354774
0.18018992
0.21671921
0.19127612
0.17487887
0.16223578
0.18302232
0.16856313
0.15019195
0.14749538
0.17605755
0.19729375
0.19577701
0.22217489
0.18838378
0.16998355
0.17161711
0.18162546
0.24447272
0.17198199
0.17403300
0.18631104
0.18163834
0.16931174
0.23870928
0.17211410
0.16450286
0.16827149
0.17615476
0.14428191
0.15522589
0.18422046
0.18176867
0.19021538
0.20227195
0.16647807
0.15946104
0.17295693
0.18599081
0.17430720
0.16697810
0.16731202
0.16928778
0.16865679
0.20991835
0.14415471
0.16682430
0.19032172
0.18413853
0.20115335
0.14278660
0.17142552
0.16611124
0.17767711
0.15222608
0.19594073
0.18251989
0.17707370
0.16710217
0.20005576
0.18927604
0.13703235
0.16669750
0.16340101
0.14457500
0.19721377
0.18266051
0.15572563
0.15097519
0.17472518
0.16849218
0.20592418
0.14098797
0.17384267
0.21283429
0.18151776
0.17817078
0.18834352
0.16608302
0.15434641
0.15749664
0.18315910
0.18490831
0.21771105
0.17511153
0.18011393
0.20192949
0.15157692
0.18155480
0.15940409
0.18305952
0.20359850
0.18744622
0.17766604
0.19203645
0.17100959
0.21029055
0.15779378
0.20608892
0.16613448
0.16551910
0.15036662
0.18142958
0.14853772
0.18085826
0.17023928
0.17634202
0.22531978
0.17801063
0.20729563
0.19868153
0.15099740
0.19535517
0.14698952
0.17843150
0.16791163
0.16854960
0.20212587
0.15331470
0.18472428
0.17380402
0.16763431
0.19240886
0.17049581
0.18300322
0.17863378
0.17061726
0.19722540
0.17794970
0.16696883
0.15764137
0.18674363
0.18564100
0.15157639
0.16755185
0.18562883
0.15816588
0.13553512
0.16601363
0.15800825
0.19959862
0.18299259
0.17459275
0.19783797
0.17829019
0.16324357
0.15267098
0.18706670
0.17950555
0.16785647
0.18392684
0.17471927
0.19811729
0.19547513
0.14591938
0.15852616
0.13418459
0.18432571
0.16386618
0.21038994
0.18730822
0.21124487
0.19378877
0.17910891
0.18251467
0.20093167
0.15402115
0.21626961
0.17412457
0.18872595
0.18711892
0.22943455
0.18277979
0.17266812
0.14873943
0.21264579
0.16028271
0.16477406
0.21252703
0.19061583
0.19212655
0.14569796
0.18325871
0.18313143
0.20555918
0.18143414
0.19374077
0.18983803
0.19846987
0.22574198
0.19429288
0.17705185
0.16197620
0.17417124
0.18065901
0.18455749
0.20230603
0.19576542
0.16360708
0.16848161
0.14816749
0.19602700
0.15596564
0.16878029
0.20027906
0.16383700
0.17248482
0.17300945
0.18870021
0.17156766
0.19880835
0.18884145
0.18377139
0.21866948
0.19151664
0.18612814
0.18762628
0.15359939
0.16772336
0.17608553
0.18906621
0.16419633
0.17722282
0.19537868
0.16741073
0.17060781
0.21147514
0.16270298
0.21266161
0.15886309
0.17788693
0.15213425
0.17330719
0.15939983
0.21888424
0.19345418
0.19178552
0.14857426
0.16137618
0.15912680
0.21884539
0.21162379
0.15024134
0.15810070
0.17229521
0.19059214
0.18468457
0.17309686
0.18871424
0.20718480
0.19926749
0.15626056
0.14459821
0.23263959
0.19549698
0.19188768
0.17045464
0.17398986
0.18137229
0.16126487
0.19518452
0.17832963
0.18678748
0.18605077
0.22297006
0.20247330
0.19472242
0.17981601
0.16671815
0.15545135
0.16659057
0.16899166
0.16188300
0.13226890
0.17189110
0.16178860
0.16896547
0.18754156
0.18555055
0.18146379
0.19704260
0.16175619
0.17245739
0.18668888
0.20703320
0.16712264
0.15913433
0.19000023
0.16182027
0.17249018
0.17074099
0.18781702
0.17447863
0.15673613
0.19948428
0.15084139
0.17313392
0.16666811
0.17799392
0.17493766
0.14680324
0.17587982
0.16976285
0.18717007
0.15931711
0.21629964
0.16035384
0.15284671
0.15065102
0.16751007
0.17725208
0.20302381
0.16601802
0.15395415
0.15823101
0.18645408
0.18723369
0.20989486
0.17869692
0.16013179
0.20802943
0.15470293
0.16921094
0.19858801
0.16635530
0.20724049
0.17543861
0.17041641
0.20949985
0.18248696
0.18007202
0.16503336
0.18769206
0.15719037
0.15219308
