# NTRAJ	1000
0.77578035
0.57850221
0.85282756
0.81807338
0.44619361
0.86791219
0.67067648
0.78257445
0.36110618
0.56061321
0.15300668
0.33156253
0.77185376
0.26319230
0.41643368
0.48871702
0.47366376
0.74429992
0.40808899
0.58386600
0.92491315
0.69286212
0.66229178
0.47849119
0.36594017
0.61105360
0.71167339
0.57952585
0.63759192
0.47164757
0.89304411
0.70626352
0.92221250
0.49363720
0.57192486
0.93361667
0.48439174
0.74598340
0.43328808
0.25204920
0.90828451
0.54346901
0.94951159
0.91401358
0.85222762
0.90769920
0.57717526
0.56010613
0.74656212
0.72714392
0.74065306
0.40929146
0.06096357
0.09288996
0.03357428
0.44399289
0.28653051
0.46690925
0.68872861
0.73169892
0.12500640
0.96572078
0.86493845
0.67373348
0.15721392
0.79648660
0.70860116
0.85153957
0.18943054
0.40357820
0.28142770
0.19130344
0.84887133
0.89545592
0.72949538
0.78825978
0.24174709
0.22790697
0.30368813
0.89161508
0.78878444
0.87676546
0.46459101
0.95244159
0.22134356
0.27295157
0.89513351
0.92006841
0.89036032
0.90551789
0.42035886
0.54121677
0.64104676
0.62392659
0.76270801
0.82403316
0.74584661
0.19681084
0.30120621
0.47725123
0.83209251
0.45451275
0.75713171
0.82892659
0.68485661
0.83993768
0.65477213
0.59158227
0.61557115
0.11646599
0.59168677
0.74851747
0.57588043
0.83662329
0.69031484
0.65123571
0.92976215
0.96834949
0.78736446
0.32185271
0.84558499
0.69584740
0.68610386
0.81511899
0.81946761
0.70270575
0.19158016
0.16919426
0.77218548
0.84558494
0.80235977
0.76201142
0.22594488
0.69829514
0.39358267
0.79383191
0.40069583
0.82608197
0.39258088
0.66707940
0.87404658
0.81292770
0.42638248
0.68697415
0.39556790
0.69655912
0.94655538
0.63787535
0.03209333
0.29811121
0.47657464
0.68120634
0.46556294
0.84682103
0.69576482
0.18640693
0.78823405
0.57483825
0.24530234
0.26967536
0.30147338
0.57992421
0.51366907
0.87563124
0.80514075
0.80400841
0.46571960
0.85764442
0.37165140
0.77414929
0.69672610
0.84630060
0.24464915
0.73079284
0.09935690
0.72372350
0.28136085
0.79927895
0.07303290
0.58621058
0.73344965
0.19143637
0.72659511
0.54300373
0.53260306
0.69881787
0.55382356
0.90832091
0.94521685
0.84497910
0.90425299
0.88504167
0.69696765
0.47140228
0.57646739
0.63024042
0.30801907
0.82890590
0.31347089
0.71942087
0.82105587
0.76944885
0.86748172
0.95969550
0.74134308
0.37000139
0.49220906
0.33005574
0.65214474
0.76141824
0.59734898
0.10743600
0.81288905
0.39003604
0.94672524
0.09216591
0.64225717
0.41827911
0.89106191
0.68778659
0.19068879
0.93291455
0.88064283
0.84886172
0.88374187
0.79590509
0.73712442
0.23535667
0.52474991
0.80858456
0.85541147
0.77347088
0.69028243
0.90079972
0.44292631
0.68698021
0.29757073
0.72963148
0.83800284
0.60169885
0.86757000
0.18778364
0.09994784
0.23073426
0.90754521
0.48105355
0.21377339
0.69264987
0.49616153
0.69350793
0.79666531
0.50134053
0.43801862
0.19483199
0.93814007
0.35503540
0.74336990
0.61106959
0.78478293
0.61402081
0.76401699
0.81595774
0.48829989
0.33333055
0.77630779
0.52753562
0.63596694
0.88618387
0.86193506
0.77853222
0.60213916
0.71252482
0.94652235
0.85892281
0.51662325
0.29539683
0.90544445
0.63395922
0.71346464
0.46574275
0.11679781
0.83285101
0.82207332
0.93734685
0.52084445
0.70264204
0.55387783
0.43215928
0.64010795
0.22002940
0.80003775
0.57754856
0.85973932
0.82787218
0.54607581
0.82550554
0.91199209
0.27597227
0.84952232
0.32241483
0.79834208
0.80612261
0.89406388
0.41061476
0.47299168
0.77033274
0.84961612
0.62939904
0.26290059
0.53254290
0.88407149
0.39940435
0.95247574
0.74389739
0.74694799
0.44446938
0.69876136
0.55547947
0.87823230
0.95016056
0.81938436
0.77977434
0.62978673
0.80230100
0.67741267
0.79781745
0.84583709
0.77131473
0.87697269
0.59635243
0.90032167
0.63362486
0.77025566
0.69298404
0.27312368
0.26860667
0.81387809
0.72712295
0.16758633
0.09603590
0.90484271
0.79360993
0.63079689
0.30901243
0.54598346
0.89155245
0.68344029
0.63296794
0.86971344
0.69630359
0.89818425
0.83292562
0.86184435
0.35734547
0.91508809
0.54999811
0.54949310
0.91753069
0.52281164
0.57205832
0.28475731
0.52309796
0.75500978
0.63164138
0.60762527
0.89572962
0.73001734
0.66746191
0.86245876
0.22543019
0.21952407
0.47559712
0.65626799
0.30547445
0.24593656
0.83989967
0.20990610
0.81107158
0.34567352
0.91158688
0.85249246
0.27777929
0.36055816
0.28838441
0.79119726
0.49075424
0.55985413
0.12389185
0.67811977
0.66485704
0.74439549
0.85135241
0.74227527
0.64514492
0.27301576
0.43493964
0.06258565
0.65549709
0.22199785
0.91829318
0.72497313
0.41467490
0.55217822
0.78147641
0.88408421
0.09168235
0.58061876
0.87606905
0.73218968
0.33797090
0.54212514
0.66851809
0.56130230
0.73008441
0.11951178
0.77727402
0.75047618
0.53816486
0.72152419
0.91807738
0.70544024
0.89424883
0.83557854
0.47775819
0.56470414
0.73229563
0.18405789
0.25652229
0.59402394
0.78575606
0.91689105
0.96032125
0.84517353
0.60001560
0.49430408
0.54272806
0.27196781
0.50340607
0.62644851
0.63934978
0.81697522
0.30910785
0.24540227
0.70870888
0.79539909
0.96403772
0.42053106
0.39606425
0.70011407
0.66786997
0.83665912
0.61403772
0.91909552
0.89991681
0.86846675
0.61383178
0.67183714
0.76994506
0.11834136
0.61689804
0.81739686
0.11022784
0.74799736
0.31789933
0.63949856
0.93362287
0.51236498
0.59074922
0.84306723
0.91820903
0.94973122
0.79730958
0.10734577
0.37885111
0.79666725
0.44363606
0.70848799
0.63276873
0.50949503
0.63265096
0.40149758
0.53532612
0.46073355
0.94090349
0.80224708
0.58704811
0.86490975
0.14398543
0.80429037
0.94989793
0.59865245
0.69075128
0.48789544
0.83830372
0.39700674
0.41408006
0.86383652
0.63088323
0.94982930
0.57564606
0.88156026
0.78945649
0.08731643
0.38468369
0.08974703
0.77737209
0.54327995
0.91424098
0.15140203
0.32655422
0.89895645
0.37842772
0.40105788
0.86638547
0.52298341
0.94356517
0.84964251
0.88107789
0.86942702
0.37220793
0.42134779
0.42559443
0.57252445
0.71587365
0.29857465
0.68611348
0.74683394
0.71540838
0.23289109
0.86943282
0.78932711
0.90742501
0.75447132
0.95933540
0.47893498
0.62358065
0.86838660
0.93360566
0.41706618
0.33735101
0.71764530
0.87807572
0.49553350
0.64112297
0.37639239
0.41787106
0.79500157
0.73454937
0.83346110
0.75180253
0.80021940
0.44954808
0.84658418
0.66847646
0.67147452
0.60393619
0.32795540
0.78469597
0.63986860
0.13204819
0.77305859
0.36175944
0.81265386
0.81685081
0.18713565
0.26281794
0.57581231
0.78765963
0.59492346
0.58883069
0.69410234
0.21490074
0.93946406
0.37956699
0.90804102
0.53692255
0.44236460
0.60421007
0.05175515
0.66578049
0.35089097
0.35689577
0.24673700
0.48626615
0.79839737
0.90707157
0.76957906
0.07075972
0.68115406
0.43136119
0.42190344
0.20175785
0.66089148
0.69146630
0.95655303
0.77761025
0.49753336
0.82695800
0.72539842
0.92750449
0.44919617
0.34619874
0.10269729
0.86061435
0.64783502
0.73189894
0.88893868
0.25848441
0.41030885
0.89827874
0.13700248
0.39017870
0.40769573
0.31450587
0.30413687
0.75706004
0.52200417
0.34184620
0.72758217
0.60452246
0.72507146
0.57027526
0.49808232
0.91804369
0.46207304
0.92058051
0.52068514
0.64559358
0.57194682
0.47914668
0.68808050
0.79792201
0.77775538
0.27829231
0.30508991
0.39404234
0.62932065
0.44729216
0.34628986
0.79444287
0.32758508
0.26744417
0.28856249
0.30100812
0.79135096
0.36532912
0.51350549
0.70907709
0.40108577
0.81362080
0.04754960
0.81514563
0.96602600
0.16501670
0.25068295
0.85432812
0.74171313
0.77720550
0.77373605
0.36339812
0.14783806
0.69304809
0.71836395
0.48485568
0.54144161
0.94347143
0.67880775
0.48976034
0.68961149
0.61423838
0.67867564
0.22218840
0.27944642
0.16763454
0.83815331
0.07889455
0.38508593
0.56080715
0.28390093
0.32185311
0.81198052
0.86953027
0.57316786
0.49942181
0.02119633
0.92156218
0.93721258
0.63785763
0.42538343
0.07417949
0.79415700
0.52180231
0.76076090
0.89533451
0.82433091
0.57827660
0.52700970
0.39008962
0.46524307
0.82408691
0.77850873
0.29319985
0.42600495
0.94469041
0.75885922
0.42166002
0.76998785
0.66670595
0.72976158
0.83976630
0.38288238
0.25490779
0.85337328
0.77929606
0.90925501
0.38817350
0.68775785
0.35094082
0.45380447
0.55400482
0.43309086
0.84548652
0.27413768
0.77421698
0.83984935
0.13885750
0.34028059
0.60446104
0.74475313
0.51415738
0.87215293
0.59066482
0.71191362
0.26552361
0.76508646
0.58668300
0.76972916
0.92816004
0.79495558
0.87654425
0.68388943
0.24504978
0.90383206
0.15398603
0.72408220
0.32625738
0.57153990
0.35736525
0.22092848
0.92430768
0.12557731
0.53348222
0.88464462
0.94952687
0.88063708
0.93692639
0.31385748
0.59164706
0.67981709
0.76202086
0.59317144
0.87433741
0.85898470
0.68846241
0.43571535
0.44463135
0.34372889
0.62757911
0.33389616
0.92434775
0.61277564
0.13494862
0.17415233
0.81861942
0.91865140
0.72208386
0.52634923
0.76631927
0.72597556
0.64508494
0.80202218
0.21877203
0.41421754
0.42379519
0.76800879
0.14000478
0.81599695
0.72598993
0.08381170
0.65054640
0.73836306
0.83472617
0.78064636
0.76516137
0.89121287
0.73482757
0.02524473
0.63010434
0.41425395
0.44889177
0.82116945
0.75630180
0.78868698
0.46383059
0.86016425
0.95489862
0.73732615
0.68494891
0.96293154
0.96463664
0.90029275
0.73558553
0.45631237
0.68346619
0.75176922
0.67635659
0.73635911
0.72253018
0.45273203
0.70204873
0.21387629
0.47892467
0.96709397
0.54962099
0.80494911
0.61269048
0.90936040
0.79851314
0.50991388
0.92163848
0.24491566
0.40500385
0.88933294
0.93280802
0.84356360
0.89814647
0.33605012
0.84140811
0.84345120
0.61551574
0.55545074
0.88968733
0.80223217
0.65401451
0.50650763
0.81062846
0.89780492
0.85226482
0.33697430
0.61780675
0.69808795
0.74235416
0.54950819
0.44535359
0.59537484
0.80125236
0.86035018
0.48594905
0.24523723
0.35670878
0.57922214
0.25880157
0.63155236
0.43947912
0.90904868
0.54129831
0.31918530
0.68075421
0.63872209
0.40929238
0.33256569
0.89856203
0.72243166
0.61927350
0.89588344
0.49623791
0.34540678
0.50732063
0.84356983
0.82483569
0.30936042
0.36889452
0.96456613
0.60982458
0.48176242
0.94399126
0.75738949
0.72442214
0.21292725
0.66668104
0.78530880
0.65170073
0.47758260
0.60755323
0.48923748
0.64066166
0.71743943
0.90300600
0.84094117
0.78791251
0.57013188
0.91752033
0.90704398
0.11277614
0.21281115
0.59962019
0.93202242
0.91908117
0.93531936
0.91059416
0.70755138
0.48002485
0.95565152
0.21060153
0.69445315
0.87370158
0.30094112
0.96101839
0.77251514
0.46501704
0.56421946
0.57465320
0.72700510
0.87167676
0.41681778
0.60063123
0.90220767
0.22699861
0.54033507
0.86021698
0.67334666
0.44347985
0.59557717
0.56812537
0.52746449
0.77598519
0.65792966
0.70779160
0.59211468
0.78002506
0.68553730
0.89488978
0.38347581
0.89860570
0.66790230
0.89360507
0.78259221
0.87936671
0.73331849
0.38345320
0.88763780
0.88468901
0.32544837
0.29112444
0.39217224
0.15458952
0.36567381
0.66623146
0.89613975
0.83039226
0.29116055
0.24654748
0.79236702
0.19630077
0.53856885
0.34860940
0.66476628
0.16407234
0.53740729
0.67487257
0.34482673
0.76241607
0.77439709
0.65178945
0.12362897
0.74127882
0.85132920
0.65548465
0.89178130
0.76235269
0.69571263
0.82954557
0.48867708
0.22859100
0.32905692
0.03550029
0.26201944
0.88628335
0.94918697
0.83070287
0.88596965
0.86303842
0.83404451
0.29516182
0.95299156
0.66907264
0.17428189
0.84664948
0.67568051
0.72867414
