# NTRAJ	1000
0.75221054
0.75029652
0.73907611
0.82650848
0.73524090
0.79490293
0.78855282
0.76607424
0.73751328
0.76688343
0.72640671
0.87656098
0.81872032
0.78247634
0.80314124
0.96059841
0.81740682
0.76080850
0.73247688
0.84499978
0.74018584
0.75731695
0.73371064
0.80131049
0.79313552
0.81179585
0.74780918
0.94055331
0.77003388
0.73983014
0.76685087
0.77235452
0.85589685
0.77847668
0.86983650
0.78216524
0.89665210
0.82954344
0.88600190
0.82733152
0.86297427
0.75713921
0.73050774
0.86711099
0.73283740
0.75635000
0.72622781
0.86829605
0.72955176
0.79057460
0.80409774
0.87736230
0.78353265
0.83696723
0.76240010
0.84197075
0.83111706
0.74372846
0.75984071
0.89980829
0.76615690
0.78931605
0.74940243
0.77977709
0.76784456
0.74919894
0.78546775
0.72934839
0.87593582
0.87591564
0.84482260
0.87364134
0.75689182
0.75107547
0.76184337
0.84884080
0.80533482
0.78285004
0.92674595
0.84260462
0.89149125
0.86318035
0.75937251
0.77546743
0.94932336
0.89575436
0.78239260
0.73633598
0.79739794
0.81274895
0.82122332
0.76976797
0.73148169
0.80602590
0.80059099
0.79811302
0.80496379
0.91500837
0.86185289
0.86467648
0.91485976
0.72849349
0.95292292
0.89975931
0.79781675
0.86548491
0.83807271
0.76482956
0.84087362
0.80493557
0.74755131
0.81023077
0.73319082
0.90030488
0.82564154
0.78395737
0.84574615
0.76093459
0.76610871
0.75628447
0.75804172
0.79907698
0.84781375
0.74943702
0.74455140
0.78064445
0.77918290
0.79816340
0.77544982
0.80268540
0.79873156
0.73219192
0.75413792
0.81359277
0.75635940
0.76431404
0.75325184
0.76906675
0.77220510
0.73395053
0.86064316
0.73489612
0.82309010
0.79101467
0.78670740
0.72586548
0.75331559
0.79861355
0.73625786
0.73051512
0.87230024
0.74533495
0.77042840
0.72499237
0.76027200
0.77418063
0.76627340
0.73897105
0.89773229
0.74669288
0.73504253
0.78477709
0.81357118
0.74901616
0.73174768
0.75269228
0.81500551
0.75781493
0.78293791
0.77951952
0.87010412
0.76600589
0.74664023
0.79694808
0.80173026
0.74148909
0.74835855
0.72203980
0.86301952
0.75160873
0.79582558
0.91307315
0.76745778
0.79596852
0.72916654
0.73658436
0.77768692
0.73243011
0.72406431
0.80669093
0.88862602
0.86915248
0.79496648
0.81573735
0.83363684
0.81557307
0.81234808
0.84569574
0.79459759
0.85939629
0.84354319
0.76161589
0.78632492
0.77429120
0.80496516
0.73077323
0.78192565
0.89920994
0.76075943
0.76027220
0.80284174
0.84345491
0.89365581
0.90121938
0.72509229
0.86256081
0.84414903
0.72414196
0.90867466
0.88017732
0.85749013
0.79609454
0.75353348
0.92875167
0.82624570
0.78301881
0.83289073
0.74985456
0.74412070
0.74535562
0.73991824
0.77331770
0.74540252
0.72971404
0.96627850
0.75445018
0.86773312
0.83671451
0.73882260
0.76823801
0.72835048
0.92062664
0.80852290
0.75369053
0.73317903
0.80417189
0.79190611
0.92315733
0.74311105
0.78194472
0.74710248
0.86689957
0.76121818
0.80115904
0.76785499
0.74967141
0.81276138
0.92713942
0.79208245
0.86086711
0.73260286
0.82612810
0.76817805
0.74958164
0.72964469
0.75598882
0.78340051
0.85508435
0.84949633
0.73809036
0.74800451
0.73281234
0.89006226
0.73847808
0.84619386
0.76765153
0.72381143
0.89656037
0.80289829
0.79680411
0.82126013
0.79211413
0.80253350
0.82062459
0.85256771
0.75649466
0.83460968
0.72980645
0.73753485
0.78842185
0.86512297
0.83059253
0.74888392
0.77215643
0.82199297
0.79787840
0.72604228
0.82496049
0.87950117
0.74469127
0.89274725
0.80245142
0.73281271
0.83600099
0.91073391
0.74809799
0.75772387
0.73090609
0.74676758
0.83864785
0.92594640
0.74532352
0.73901137
0.89275793
0.79884314
0.78448596
0.72810991
0.72597602
0.73137089
0.88001823
0.94424784
0.74859443
0.76682320
0.84876327
0.75797545
0.86398331
0.81073689
0.87582857
0.74913665
0.72938313
0.84550734
0.76444137
0.87984924
0.89058258
0.84937512
0.89951572
0.95195384
0.75751181
0.87144578
0.72879160
0.74647721
0.78888299
0.73323012
0.89269476
0.74682239
0.92357322
0.93823730
0.84388794
0.90556696
0.79501330
0.72381160
0.83364884
0.86950507
0.76779476
0.84944299
0.83969643
0.76462026
0.78585871
0.88366799
0.81167682
0.88079929
0.78118035
0.85920173
0.84541437
0.78432552
0.76223893
0.83352447
0.77283605
0.72680200
0.73547490
0.76638470
0.80572432
0.75727823
0.83216291
0.77365424
0.77271009
0.93708574
0.80537705
0.92639054
0.76135926
0.82552412
0.82563145
0.74616821
0.77019114
0.88431317
0.79437134
0.85792599
0.86559345
0.72200420
0.78950320
0.78913383
0.73741269
0.73622283
0.74187416
0.84413057
0.84917877
0.85701562
0.81229726
0.89526976
0.72607287
0.72087936
0.74555554
0.77524226
0.74369292
0.89111009
0.82030182
0.74728722
0.75600700
0.72322080
0.83162638
0.74824257
0.81612870
0.75405385
0.83783393
0.74854375
0.72875188
0.73298977
0.92479573
0.73242612
0.73857101
0.81770845
0.78561523
0.94373101
0.72795947
0.82983037
0.77299978
0.75125784
0.74354578
0.73795808
0.83396266
0.96064369
0.79911885
0.82189446
0.73009776
0.88684739
0.87388643
0.78618862
0.76912448
0.77081134
0.85515740
0.75791431
0.73586729
0.73207069
0.79445389
0.74795035
0.82407581
0.78397410
0.75806766
0.94974901
0.83383812
0.74675116
0.84982280
0.73346376
0.77300122
0.86668379
0.87518830
0.73060546
0.77115350
0.74584579
0.93327502
0.85556834
0.95959418
0.91638839
0.83564122
0.73198780
0.74718548
0.90900549
0.88006374
0.78343419
0.72915590
0.85973702
0.83328068
0.74063546
0.94615187
0.76713163
0.79468482
0.76490999
0.84161229
0.76903358
0.76175555
0.88794654
0.77155744
0.89139458
0.73294437
0.77060302
0.73939586
0.74088030
0.76990778
0.78138207
0.73783770
0.75958165
0.76005628
0.82625268
0.81436912
0.80582757
0.83181596
0.74857527
0.92909244
0.73403058
0.77270904
0.87684108
0.73388281
0.74668613
0.77991980
0.93084557
0.73252425
0.92864723
0.77101693
0.73010302
0.82805621
0.82327146
0.84121651
0.87605195
0.73048211
0.90116476
0.74658773
0.79140715
0.77618760
0.87744858
0.79953345
0.73478625
0.74258425
0.78039204
0.95321045
0.88265243
0.88265132
0.74292142
0.80202671
0.75799265
0.74912383
0.83324430
0.76847853
0.86464268
0.73860100
0.82711954
0.77097130
0.79742170
0.78894567
0.79536032
0.82511498
0.75715174
0.76175615
0.84782797
0.77823184
0.72628652
0.76510069
0.76391009
0.75552202
0.76336009
0.73439741
0.77052998
0.73580182
0.73777351
0.80148822
0.86727326
0.87803253
0.73058024
0.78930700
0.74088883
0.92021045
0.72403759
0.76121514
0.73660446
0.76600978
0.91293443
0.77203027
0.77363308
0.81723452
0.82041569
0.74812328
0.82669388
0.78930400
0.76175238
0.85505014
0.87777160
0.87053378
0.79422386
0.73136051
0.76117845
0.81149864
0.85845933
0.78757003
0.72590956
0.77157998
0.79588530
0.79146276
0.83331496
0.81053204
0.91638125
0.84898169
0.80055617
0.73373884
0.76964513
0.83419169
0.78252518
0.76093944
0.89941578
0.74840821
0.86167102
0.79008843
0.90018263
0.90791753
0.84003640
0.76667512
0.75639470
0.84683430
0.74807732
0.73185063
0.83843284
0.81891257
0.78133132
0.86505579
0.76290895
0.97567498
0.74865030
0.87079460
0.81808629
0.91164815
0.93425586
0.87200581
0.73697066
0.74190605
0.74812560
0.78261917
0.73637902
0.73893092
0.87158934
0.89919468
0.85419253
0.85268584
0.73410109
0.85092142
0.72604610
0.75307539
0.75851199
0.79944459
0.75594187
0.78099649
0.80720924
0.80460212
0.82313557
0.91229040
0.74705733
0.78198591
0.83445363
0.74643498
0.74618943
0.93111506
0.78677992
0.81928585
0.73326555
0.73363035
0.74171212
0.89990262
0.73747939
0.76053005
0.84953840
0.76691597
0.73747057
0.84296822
0.73540051
0.79273714
0.94482089
0.74679307
0.83449224
0.80103822
0.72839413
0.80394114
0.79522151
0.73457812
0.76406935
0.79105764
0.81697613
0.76657309
0.83162347
0.78526503
0.73055930
0.80416769
0.84186911
0.78737256
0.73641816
0.73585243
0.76909790
0.90727251
0.74121127
0.88081325
0.83307942
0.93261646
0.85856303
0.87814941
0.89288259
0.76903898
0.93028571
0.72773738
0.73371188
0.75001581
0.75015735
0.72473512
0.73554354
0.91165495
0.76344617
0.83760962
0.87523679
0.76826951
0.88525733
0.79099704
0.79724805
0.74999069
0.77125076
0.73062153
0.84602341
0.80239880
0.74059553
0.76066287
0.72447404
0.75736772
0.86462680
0.74409248
0.73543224
0.78923811
0.85677926
0.76284940
0.78763250
0.78112381
0.72653978
0.83728933
0.73225236
0.72991472
0.90951619
0.89373345
0.73998489
0.77503501
0.79378272
0.73539717
0.73563154
0.81383618
0.80953631
0.78767079
0.79188133
0.75238833
0.81620373
0.92483101
0.74196892
0.81583094
0.74415618
0.88236091
0.77012180
0.84996629
0.75792859
0.77450921
0.75992997
0.77941063
0.84603599
0.80807597
0.86748699
0.83305813
0.74225379
0.76357894
0.76742894
0.75647072
0.74356183
0.84699406
0.86334824
0.76611395
0.87330840
0.88203488
0.80543210
0.76320094
0.77903290
0.77451184
0.76955093
0.76289270
0.75147069
0.77644845
0.91916584
0.75242163
0.80389117
0.75203649
0.85006946
0.72575841
0.79932233
0.86248085
0.74893138
0.78146735
0.85973068
0.77112683
0.80553290
0.75180542
0.91982929
0.84209401
0.85470965
0.83992774
0.84405443
0.82776544
0.75022966
0.72526888
0.74253574
0.88370138
0.80191631
0.74536058
0.73253744
0.74444535
0.76778139
0.84496327
0.75662925
0.84178384
0.79536187
0.79562193
0.79699485
0.74912393
0.72446449
0.85330882
0.92817953
0.73413204
0.74530384
0.79551063
0.80364559
0.74472343
0.82056747
0.74434502
0.75929780
0.73411421
0.85482635
0.74271636
0.80545883
0.74384105
0.76291933
0.92983662
0.77331387
0.81845921
0.78789550
0.76978179
0.73622973
0.79829634
0.77547263
0.80635709
0.72963157
0.76881253
0.96288871
0.73629840
0.75739003
0.92329019
0.73373550
0.73764776
0.79151760
0.77630520
0.92996735
0.79955419
0.73277717
0.86803650
0.88360492
0.73607887
0.79924469
0.85232830
0.76600727
0.76110684
0.79936535
0.87342456
0.74511763
0.91941196
0.75346285
0.77876336
0.76413224
0.76452378
0.81905051
0.77144887
0.79070752
0.84974582
0.82055408
0.80401898
0.74594857
0.74270799
0.76675630
0.72979295
0.77222499
0.90440329
0.96413580
0.80170387
0.79144894
0.90403566
0.80050654
0.82799800
0.74895945
0.73074266
0.73489420
0.75079967
0.74606863
0.78247336
0.74289596
0.76762974
0.86251330
0.73839900
0.89744187
0.86775673
0.82321582
0.96291401
0.81678482
0.77762825
0.84016330
0.90145026
0.79009992
0.84344440
0.78736840
0.82807832
0.74617668
0.74094327
0.89215104
0.80289295
0.77742170
0.78048857
0.79596818
0.88289137
0.86914099
0.72791364
0.80119839
0.72731071
0.76189539
0.77689383
0.73944136
0.88218975
0.92433396
0.91761011
0.90325254
0.74067478
0.79152825
0.73692899
0.80199964
0.77365359
0.78498087
0.77594477
0.79762034
0.72787324
0.73740689
0.88989254
0.85205087
0.73081914
0.83583306
0.94471905
0.89132902
0.75261774
0.77387324
0.73816952
0.81090561
0.93226345
0.75740864
0.92850863
0.77560026
0.85023527
0.87105081
0.73738724
0.91399990
0.78799466
0.74113816
0.78596783
0.82229765
0.80674086
0.84063783
0.93300597
0.81082256
0.72565503
0.78758583
0.78419319
0.92765596
0.87164626
0.76181552
0.72826694
0.76335201
0.81071981
0.93604326
0.73542197
0.82732341
0.83304508
0.78900532
0.73934981
0.74832574
0.72466894
0.78026183
0.77101870
0.92568483
0.79297264
0.74190708
0.83860065
0.73631446
0.72804495
0.85044792
0.74657446
0.83306082
0.75211229
0.82021491
0.75021800
0.72862420
0.79365368
0.90907671
0.82255869
0.78412146
0.78777469
0.77190358
0.77380382
0.75833915
0.82606498
