# NTRAJ	1000
0.19675469
0.16117458
0.16734834
0.19938393
0.11134770
0.23906274
0.17606560
0.16319860
0.18370977
0.24775577
0.16964934
0.16678330
0.22098712
0.18455099
0.15744831
0.22603181
0.16455921
0.15907120
0.25489070
0.19435815
0.15769547
0.18421357
0.20023626
0.19037444
0.16382036
0.14564939
0.16821656
0.17159870
0.17553269
0.17641283
0.15073824
0.16939432
0.18327570
0.14985316
0.16814565
0.17001843
0.17272108
0.17483966
0.17732225
0.14409679
0.18570856
0.18531965
0.20853549
0.18288383
0.12451955
0.15826593
0.15973191
0.14037684
0.15155345
0.22280479
0.15966246
0.16052974
0.15566103
0.15150050
0.21916617
0.17475453
0.18813451
0.21879346
0.16687745
0.18469061
0.17875201
0.19267123
0.16036236
0.18593065
0.18760149
0.18315906
0.15272284
0.18505573
0.17462455
0.15603024
0.22474355
0.19483684
0.16810239
0.15702335
0.18998821
0.16998205
0.16783949
0.19559957
0.17870433
0.18883283
0.15013012
0.13212246
0.17968661
0.15991609
0.17224026
0.19226837
0.16259356
0.20163720
0.17391678
0.16371409
0.14600998
0.18923344
0.14825137
0.16229434
0.18486208
0.17067820
0.19906499
0.17668504
0.21636253
0.17569169
0.22198700
0.19346788
0.15513358
0.20796559
0.13974905
0.16226506
0.19469659
0.17167911
0.16482743
0.14412792
0.17862161
0.16570212
0.21317944
0.15590380
0.18967278
0.18140470
0.18408297
0.19913406
0.22118936
0.17009209
0.22157308
0.19486689
0.13583719
0.19022048
0.22199653
0.25216542
0.14079082
0.20823798
0.19195219
0.16059759
0.20637044
0.14683749
0.14612735
0.15038026
0.20593759
0.20938759
0.13643215
0.24814280
0.15484358
0.22972249
0.15454747
0.16155877
0.14481541
0.17351862
0.19269681
0.15138364
0.19801527
0.20114535
0.16748002
0.18860598
0.15854256
0.22653644
0.15995248
0.18047635
0.18531939
0.16124162
0.18588989
0.18058989
0.17955866
0.14541470
0.20527870
0.16308914
0.20601324
0.17845608
0.22440859
0.17650865
0.13636552
0.22714459
0.17436904
0.13444734
0.13378259
0.16474836
0.16462231
0.14648996
0.18962136
0.20733305
0.22869757
0.21533133
0.20489627
0.15209085
0.18362409
0.20667936
0.21853454
0.15955314
0.17744129
0.19482851
0.17381523
0.21295338
0.20219045
0.15283605
0.19011738
0.17404563
0.20274496
0.20352495
0.17536614
0.12893574
0.16177110
0.15907353
0.16160966
0.22639047
0.18843373
0.18733922
0.15791449
0.23339397
0.19041930
0.12904335
0.17616808
0.12858243
0.17831582
0.17910684
0.21048800
0.14804906
0.15972433
0.18074851
0.16448587
0.21848931
0.15314759
0.15644268
0.18818893
0.17882869
0.17875360
0.15532700
0.14822222
0.14706721
0.20410474
0.21920927
0.18080226
0.19862551
0.17351795
0.17693483
0.13359056
0.19144140
0.25493821
0.18529409
0.22032959
0.14545070
0.18547990
0.17131288
0.17531909
0.16111156
0.17228304
0.17734706
0.15869504
0.14132273
0.23692307
0.18527251
0.25593377
0.16719808
0.15626017
0.15614418
0.15501763
0.15484860
0.20420459
0.13803093
0.22563546
0.19372060
0.17274835
0.18780737
0.19233681
0.18933762
0.15877026
0.21010496
0.16506933
0.12838356
0.20562837
0.20901042
0.17437240
0.21067696
0.18904128
0.19662171
0.18586227
0.22805941
0.17139795
0.17354064
0.16256754
0.19177990
0.15789883
0.15841702
0.23174983
0.14182304
0.17317293
0.14403588
0.12113309
0.16697339
0.16388874
0.18015748
0.19153406
0.24063953
0.26166580
0.21646009
0.19781188
0.22049174
0.14146945
0.16840131
0.13726211
0.17575171
0.19232820
0.25339667
0.18842746
0.19046966
0.12830121
0.14231783
0.19264258
0.17649469
0.12273597
0.17990650
0.17042024
0.20254631
0.22468985
0.18019699
0.16402960
0.13501664
0.18138189
0.17298185
0.16471943
0.18434865
0.13284571
0.19441245
0.23471442
0.19302929
0.16400794
0.17967385
0.15761552
0.15346770
0.15602702
0.17290860
0.18023331
0.20597995
0.17647261
0.15234048
0.16446085
0.16437893
0.20733780
0.17611109
0.16513037
0.16229851
0.16584502
0.15202365
0.16742540
0.17927861
0.18473473
0.14295447
0.17270607
0.20071408
0.15143082
0.16110798
0.21178835
0.20170123
0.18352994
0.17312495
0.15384063
0.18276013
0.16485447
0.17350530
0.16915892
0.14835821
0.16690354
0.22917408
0.19371904
0.20550960
0.13774847
0.17120481
0.17984400
0.13774013
0.27145106
0.20496803
0.22958797
0.16812263
0.20563294
0.19816984
0.25004735
0.16860081
0.16536700
0.17554272
0.16696003
0.18393898
0.14580665
0.19132920
0.18054248
0.22078598
0.21228861
0.18382179
0.16561301
0.24494577
0.22032623
0.22295267
0.19649484
0.15556052
0.15911891
0.15558719
0.17372717
0.13531768
0.21507359
0.19845363
0.15405410
0.16915234
0.18286409
0.15966055
0.17933910
0.17742416
0.16356012
0.19974295
0.12963264
0.19834516
0.14986202
0.25260648
0.20961437
0.15368823
0.17114411
0.19653900
0.19272604
0.19116663
0.16630913
0.17771659
0.14360760
0.15745864
0.13919837
0.21158574
0.21378993
0.23229926
0.19281030
0.17340558
0.13318100
0.15118272
0.13298370
0.15608082
0.18687063
0.23319312
0.15845427
0.21125438
0.15826760
0.14296284
0.16456162
0.16870770
0.17559778
0.20463436
0.17344266
0.15151580
0.19508220
0.17629325
0.13185493
0.17398291
0.18634933
0.18402110
0.17893975
0.18748036
0.13073520
0.16586386
0.21577414
0.15191860
0.16772275
0.15850673
0.18104696
0.19962550
0.18783947
0.19739670
0.17243328
0.20857073
0.16983052
0.26327114
0.18320892
0.20522681
0.24960660
0.19526266
0.16511702
0.20476837
0.19304537
0.19389086
0.15232781
0.19445259
0.20958942
0.20494651
0.21406128
0.15107962
0.16246554
0.16184179
0.18753912
0.22006885
0.18149599
0.15688823
0.18286017
0.17330182
0.20160742
0.22282558
0.15332335
0.21750334
0.16497316
0.14502061
0.17425604
0.18539557
0.17356485
0.22729763
0.14334937
0.19371066
0.15376172
0.14686417
0.18954543
0.16482161
0.17602286
0.16151746
0.18163604
0.15368155
0.15988378
0.18752327
0.16512530
0.16102777
0.15286036
0.19907479
0.15006764
0.18757879
0.15902146
0.17349052
0.15466504
0.18465351
0.16699958
0.17621134
0.18047179
0.17690078
0.16753478
0.20796480
0.16659687
0.16687542
0.19101661
0.17603175
0.22873409
0.20102038
0.19322441
0.16475714
0.15042770
0.13097760
0.15058643
0.19970415
0.16965096
0.16472830
0.19187792
0.19536599
0.18689210
0.21858599
0.17992574
0.15569094
0.16239408
0.17849797
0.21903561
0.19419582
0.17215998
0.19690109
0.17598112
0.14329837
0.14786245
0.17403066
0.24307671
0.18683361
0.20788550
0.18899312
0.25538583
0.15656995
0.17175937
0.19108079
0.15597669
0.24108775
0.18273764
0.16716517
0.17296466
0.16838803
0.17952975
0.15635086
0.21710797
0.24872452
0.15972273
0.15978382
0.15328999
0.17024493
0.21796951
0.16005098
0.19919353
0.15218055
0.26032724
0.21785661
0.15814924
0.15924989
0.14559428
0.17841518
0.19326363
0.16588481
0.14076347
0.18535587
0.15079526
0.16459019
0.22596568
0.16357870
0.17568761
0.16425839
0.19350649
0.16043994
0.17762050
0.17136369
0.18455046
0.20646611
0.17126848
0.17142918
0.21262750
0.13176916
0.16840199
0.17980470
0.18158966
0.16521089
0.19987375
0.24218493
0.17461002
0.18414783
0.20954476
0.22668635
0.22047362
0.18935572
0.16488207
0.17784921
0.19167137
0.18859690
0.17232243
0.23439367
0.19122753
0.16013013
0.17334296
0.22317746
0.19976352
0.21197244
0.17136232
0.18128153
0.15933561
0.18415050
0.18219568
0.19161102
0.13585731
0.14569650
0.18347612
0.17535241
0.17149160
0.15843758
0.18050889
0.16103354
0.19567240
0.15710008
0.14968987
0.21785759
0.17103642
0.20991922
0.16966051
0.21245428
0.24841444
0.18215456
0.19153882
0.16621512
0.13948941
0.17725388
0.16041024
0.15474055
0.16204940
0.14012734
0.19129906
0.14841152
0.15002223
0.19077618
0.16039616
0.18659372
0.16798069
0.23637122
0.16735916
0.16298353
0.16126533
0.18309035
0.21321420
0.20381031
0.17096822
0.17074289
0.14525618
0.18883140
0.16666054
0.19890635
0.16343384
0.15182257
0.18887260
0.17286657
0.16548755
0.16069125
0.18223384
0.18821677
0.15277540
0.19507657
0.17401244
0.20789269
0.17787235
0.18647174
0.20802573
0.16486875
0.19458808
0.19273291
0.17471895
0.17237731
0.15427561
0.16747632
0.19664953
0.20317520
0.16582581
0.17208691
0.16504557
0.17367833
0.20517005
0.14653790
0.17414006
0.13602329
0.20580495
0.19772582
0.19789050
0.18294894
0.18873757
0.17132798
0.13971211
0.16888628
0.19679058
0.22346400
0.21086908
0.14111622
0.12750646
0.20895204
0.26807904
0.20770239
0.15593290
0.12553909
0.12974153
0.17857780
0.15034087
0.18493206
0.19125254
0.16377261
0.22455138
0.17900169
0.17714068
0.17148743
0.24987199
0.21031631
0.18263795
0.17725271
0.21889970
0.23372585
0.17102808
0.18234076
0.16329948
0.16534010
0.17076192
0.16104375
0.20050922
0.19830038
0.21803157
0.16261576
0.16632236
0.17386089
0.18211031
0.15553914
0.16715626
0.20569672
0.13736906
0.18728524
0.16438314
0.18938193
0.17739330
0.20267294
0.20596884
0.15505521
0.13214151
0.19375603
0.16460708
0.19793587
0.19152016
0.16104297
0.18507226
0.22741097
0.18561536
0.14884623
0.14249126
0.16533452
0.15681730
0.17202688
0.22528617
0.18910827
0.18182782
0.22299012
0.15519402
0.23005677
0.15901340
0.21165032
0.15236024
0.13549540
0.14284884
0.17780213
0.24273038
0.17633072
0.17358925
0.16481674
0.21762487
0.16748620
0.18104022
0.19739697
0.19089534
0.17732823
0.18794528
0.19362007
0.18433824
0.20297681
0.16440158
0.19980617
0.16136308
0.22733856
0.16026026
0.16175916
0.16388988
0.20973122
0.14744448
0.23808199
0.14600117
0.15188002
0.14974090
0.19488368
0.27088302
0.16147809
0.17395950
0.20393975
0.18132547
0.14048841
0.19890391
0.20386879
0.19205107
0.16909303
0.14981480
0.16012494
0.13225291
0.14332482
0.17476284
0.16110869
0.17280743
0.15563773
0.16089665
0.16135176
0.18656043
0.13722379
0.17720634
0.18996070
0.17735297
0.17327584
0.15241588
0.16575701
0.17713605
0.14464029
0.13879148
0.14387875
0.15102266
0.14136878
0.18716401
0.18420673
0.25780412
0.14087918
0.13050767
0.19675230
0.13013970
0.17022721
0.21937831
0.20090285
0.23459661
0.19290026
0.16040170
0.22234816
0.20757425
0.23185137
0.16687975
0.15390369
0.13707500
0.19869871
0.21096994
0.19999577
0.20924930
0.17296044
0.17324078
0.13059119
0.18278046
0.16149133
0.18637383
0.18432735
0.19814996
0.13831265
0.19360038
0.18310540
0.16538104
0.14982638
0.17319140
0.17052726
0.13756037
0.13547202
0.20796439
0.15709944
0.20583927
0.18162138
0.14381239
0.16996850
0.22531409
0.16351219
0.16264867
0.18683647
0.19653819
0.16665694
0.15964301
0.14900456
0.15118266
0.16169918
0.19883961
0.17664101
0.18903991
0.16104814
0.20754380
0.14459569
0.16189502
0.14204689
0.20021592
0.12481778
0.15732987
0.17291784
0.16920883
0.14237873
0.15764403
0.26564545
0.18728741
0.21585122
0.15900514
0.18265456
0.18057760
0.16350968
0.17719770
0.19298047
0.20309467
0.17120639
0.15011569
0.16734856
0.19352578
0.15145992
0.19668953
0.18552086
0.16413258
0.18166259
0.15626940
0.16083653
0.24208491
0.19459778
0.14547127
0.16552067
0.25019594
0.18417943
0.14779096
0.16012828
0.20566237
0.17989886
0.19914475
0.19787305
0.17209595
0.15699534
0.14539147
0.16190181
0.22185658
0.22029463
0.14101627
0.19376744
0.19781315
0.16630902
0.15556860
0.15492182
0.20857734
0.15387757
0.15387885
0.17192158
0.14306896
0.20254264
0.17371874
0.16568947
0.22347926
0.18817872
0.15011615
0.20113288
0.17747701
0.23746513
0.20116125
0.15723000
0.19977901
0.16333691
0.15458290
0.20258917
0.17822175
0.17493351
0.16639439
0.20014065
0.20385399
0.19068549
0.14743941
0.17295147
