# NTRAJ	1000
0.31435045
0.27040423
0.29983164
0.26707401
0.29814910
0.29281190
0.41871681
0.35069201
0.17504653
0.30854276
0.31307541
0.34697435
0.41054072
0.17448884
0.25643880
0.28927368
0.16317940
0.14430169
0.32333618
0.00684352
0.41372301
0.33449744
0.22468709
0.36520145
0.25482834
0.24002229
0.20432964
0.34767608
0.26630242
0.10333009
0.25149755
0.27767945
0.31153564
0.44259876
0.22081961
0.29896838
0.10689863
0.31285614
0.35362657
0.08310753
0.28236948
0.30350923
0.43071329
0.23132206
0.06871086
0.30736039
0.40534588
0.36214079
0.29388550
0.31047846
0.33924979
0.49976558
0.42162340
0.31374866
0.23897124
0.33909485
0.07205166
0.34381399
0.28476226
0.02436333
0.01976977
0.18826322
0.49530768
0.31709925
0.26369889
0.32784952
0.24240127
0.35403290
0.34669457
0.14268883
0.09089460
0.35600310
0.39547043
0.15875012
0.33041209
0.33546344
0.29698782
0.26860300
0.27160043
0.27147777
0.37375859
0.29147969
0.24670314
0.14332326
0.43694787
0.09355725
0.35553973
0.37885812
0.44667241
0.21749790
0.48552752
0.16077869
0.26628417
0.40182973
0.21322186
0.29987135
0.43253121
0.17771594
0.26512995
0.29836676
0.28871493
0.29934308
0.31214757
0.02672182
0.37977748
0.07150672
0.32533957
0.30639348
0.28916693
0.44257757
0.25487003
0.21173896
0.29927043
0.34206407
0.22224894
0.42889749
0.01169001
0.17849696
0.17910197
0.23695997
0.23906733
0.10665785
0.29368101
0.26056801
0.02311614
0.34665105
0.14929618
0.13680852
0.46253024
0.13484436
0.04920377
0.36039233
0.00138339
0.07525718
0.03854849
0.24278550
0.38885485
0.25301292
0.18465178
0.32736582
0.30879638
0.48347266
0.28107702
0.39975339
0.29353608
0.39786106
0.19410558
0.19555590
0.23859199
0.23261431
0.26443351
0.23612409
0.32626407
0.36201380
0.39040923
0.17313701
0.43158187
0.38639605
0.33957727
0.29242926
0.34704197
0.15942436
0.15738752
0.39634043
0.02264941
0.34110583
0.04683003
0.46679975
0.22617382
0.23677989
0.14616300
0.46930548
0.18849702
0.06840202
0.45737975
0.00054972
0.02386915
0.28450662
0.27723700
0.29933936
0.29764909
0.46042836
0.32891221
0.32779081
0.14796420
0.41660474
0.24589792
0.37147792
0.26425745
0.02414074
0.46085208
0.21588326
0.22457449
0.37608844
0.44751739
0.15104909
0.18868936
0.39968739
0.37193968
0.23133273
0.31733264
0.26639195
0.22942703
0.27816288
0.26636990
0.39164057
0.26007505
0.06045286
0.41199279
0.30979187
0.20836928
0.38732705
0.34292424
0.24651754
0.35772946
0.31457004
0.32601049
0.32566022
0.31694736
0.31874211
0.37612400
0.30033317
0.00796585
0.31217742
0.25585770
0.04166079
0.31262532
0.33472378
0.10389555
0.27297283
0.15252267
0.45908558
0.36970240
0.13990477
0.44120170
0.28625570
0.12426375
0.34490064
0.26926813
0.08763110
0.28404315
0.18843838
0.25443074
0.18374382
0.33126892
0.39285333
0.33615925
0.20292964
0.30924230
0.02131369
0.07277764
0.31298378
0.21767365
0.33669001
0.40279974
0.41692995
0.06032119
0.25658649
0.44912237
0.10486031
0.41686230
0.24537867
0.22264332
0.36707106
0.43136235
0.14301389
0.29127747
0.46769726
0.34096203
0.15755332
0.29047126
0.20948881
0.29014329
0.17377622
0.38806571
0.05047506
0.50762039
0.31967257
0.37293559
0.20652727
0.34007566
0.27715477
0.38530325
0.13107989
0.25189793
0.10819011
0.34431653
0.17344005
0.24142294
0.17292171
0.32543225
0.38033135
0.10674125
0.11107349
0.42678955
0.08961395
0.08585404
0.07140882
0.43797775
0.08738152
0.16782391
0.30586474
0.40377309
0.23430701
0.31120200
0.37419555
0.18174817
0.29444628
0.27229219
0.01272213
0.42288345
0.36384255
0.30455883
0.37778815
0.30635510
0.14902854
0.30245384
0.34052821
0.07913683
0.17981329
0.05944014
0.20374398
0.24712068
0.00962780
0.13615093
0.10750181
0.27329178
0.39781390
0.13238569
0.31156407
0.44508201
0.16496200
0.34257840
0.40487422
0.21581514
0.37887018
0.16220369
0.32087439
0.30855870
0.33069480
0.29336888
0.37504782
0.40423093
0.29141281
0.09181525
0.39818298
0.22107052
0.29567952
0.42641030
0.25240111
0.36987851
0.25203082
0.35084831
0.37818596
0.39179945
0.28598899
0.25102325
0.40383981
0.08372266
0.48978564
0.18521178
0.32250395
0.07300820
0.38240813
0.30063479
0.06681514
0.24746967
0.31711179
0.32851236
0.40333329
0.09487503
0.14193179
0.18984776
0.15796194
0.32369488
0.04392038
0.47195788
0.43214720
0.08999551
0.13661986
0.31917467
0.34224625
0.17501605
0.08322609
0.30489541
0.27213040
0.26365837
0.24483798
0.22283751
0.31194743
0.27732251
0.22836065
0.37952974
0.23962325
0.38008942
0.24616109
0.45361542
0.27861461
0.32981612
0.30154284
0.31764264
0.25636782
0.28755372
0.17699091
0.32392418
0.45688439
0.26608218
0.42565713
0.28774002
0.33684693
0.35854882
0.24690702
0.32788650
0.19737070
0.22813292
0.16581621
0.30967989
0.20262723
0.40572011
0.43474885
0.46273100
0.19010696
0.40492077
0.30572919
0.36501594
0.37022448
0.12356796
0.18281876
0.42562383
0.26415580
0.31442949
0.05137016
0.16653337
0.28239144
0.35075924
0.09993712
0.21967871
0.22560703
0.22752557
0.37716181
0.34694082
0.35873010
0.19585086
0.35060077
0.30602013
0.33138579
0.33489717
0.34321722
0.11616848
0.19373768
0.32810607
0.10187500
0.42080255
0.18835876
0.36954528
0.45519663
0.29767692
0.38878854
0.27221999
0.19685653
0.42404910
0.35533843
0.00066246
0.32516577
0.12301230
0.39595643
0.21062566
0.24746354
0.47713262
0.43779192
0.48061818
0.42931647
0.45149472
0.19588318
0.29709768
0.37210950
0.41970290
0.23989923
0.33831714
0.30766676
0.40362974
0.38590852
0.18938625
0.08450081
0.21586851
0.29337494
0.38545471
0.30016962
0.43642693
0.34107470
0.36309147
0.34529884
0.25121418
0.18271614
0.34135215
0.36957389
0.32228447
0.24063519
0.45995433
0.34386986
0.11594048
0.44732156
0.38684659
0.39837411
0.00980910
0.26288313
0.26995477
0.39469938
0.32794213
0.24127617
0.25741134
0.24048451
0.28718926
0.35445728
0.27635562
0.40584969
0.41104748
0.34997128
0.11350012
0.21274041
0.37975965
0.37242920
0.10476224
0.50832128
0.31987098
0.36908809
0.05825152
0.46306329
0.02650758
0.10268363
0.36600746
0.29378887
0.38714096
0.36601695
0.29731838
0.37849720
0.35108534
0.29444498
0.24066184
0.39244241
0.20554332
0.13531416
0.26046805
0.43601011
0.37705289
0.27180916
0.06872709
0.28681858
0.22332442
0.40364838
0.23883495
0.37905407
0.33855008
0.41801908
0.22902536
0.50071336
0.30262398
0.33042222
0.11704141
0.29769284
0.34114096
0.27995918
0.35188252
0.05543453
0.17922121
0.35120681
0.35232383
0.05113473
0.33658352
0.34705875
0.36146525
0.46175642
0.32698865
0.38078865
0.31828469
0.25111079
0.30408087
0.32724433
0.38056945
0.35090357
0.27159591
0.27339157
0.26575158
0.07849077
0.20871649
0.28485234
0.02680483
0.15472078
0.30815189
0.39230883
0.49730740
0.45160820
0.34361766
0.05259346
0.40118412
0.41540711
0.42376996
0.22988027
0.06385683
0.09910506
0.19437486
0.41006581
0.28267631
0.32139318
0.32111019
0.35902325
0.11844571
0.16719948
0.20303256
0.37007066
0.22344715
0.29537474
0.35586489
0.31563542
0.41666398
0.38899960
0.19466478
0.12121191
0.07980555
0.41353909
0.39722653
0.15087020
0.00226913
0.20086606
0.12066725
0.41054498
0.35557593
0.28434274
0.51813455
0.10875383
0.25754581
0.27992975
0.43074681
0.26206587
0.33255011
0.24670944
0.26527539
0.32334611
0.16345307
0.00897695
0.38663185
0.04221473
0.42901094
0.44593074
0.02968916
0.10169942
0.24884941
0.25409152
0.33693908
0.19984763
0.49919287
0.26697286
0.32148482
0.14252467
0.35512815
0.40607910
0.23797778
0.33452979
0.08271934
0.40432423
0.27625739
0.30610044
0.18002020
0.21258842
0.39767906
0.16564662
0.10111716
0.44787331
0.23413191
0.20929280
0.20901788
0.37395251
0.33113255
0.38605437
0.34132493
0.16928451
0.00733011
0.15944013
0.33872518
0.25346024
0.43535413
0.34258111
0.26299659
0.26264899
0.03793690
0.33445055
0.21078095
0.26754566
0.15976461
0.08646915
0.20738307
0.34356442
0.16377758
0.13870486
0.16194688
0.15094407
0.26977395
0.20835535
0.24475322
0.22705651
0.21765108
0.32639682
0.11240467
0.44297414
0.43079801
0.27769199
0.16303201
0.11921995
0.25676577
0.34337686
0.20841021
0.39977350
0.24999607
0.19482977
0.14285876
0.18805956
0.14671157
0.42074402
0.18922858
0.03398085
0.17488178
0.24220847
0.34283352
0.44606287
0.31462278
0.23675694
0.09420730
0.30949675
0.26220524
0.35836697
0.27994854
0.29435633
0.38302439
0.21263323
0.19414240
0.02068442
0.20376707
0.12766255
0.31984561
0.33203751
0.42591779
0.09475406
0.01604404
0.20232535
0.36894969
0.39340809
0.41368216
0.37051014
0.34862686
0.31104745
0.20450616
0.13900922
0.23220327
0.14041121
0.40749664
0.44147232
0.40370345
0.12309464
0.36620890
0.13555917
0.34875539
0.35429795
0.23668515
0.24993333
0.31927528
0.13338822
0.14343560
0.14748177
0.19660478
0.23828393
0.18231375
0.37726581
0.22674071
0.51301992
0.45505186
0.44379956
0.18810460
0.09672916
0.24131675
0.32357420
0.43168249
0.13650956
0.07703129
0.48749163
0.18589370
0.37270024
0.20674033
0.33096685
0.26441541
0.33986701
0.22162233
0.37536436
0.35183591
0.00979394
0.39634492
0.33286695
0.48067289
0.39632605
0.19569101
0.19794256
0.01104808
0.32565716
0.11803852
0.26790134
0.03209896
0.23423877
0.43720289
0.27413791
0.03560585
0.43195900
0.25307881
0.42325953
0.17738002
0.17985701
0.26228299
0.29348868
0.37735514
0.31148175
0.36096341
0.32816508
0.44866390
0.20467493
0.40060167
0.36488418
0.12858591
0.28614795
0.13182682
0.10260062
0.17230937
0.31243419
0.39473400
0.45572120
0.21860298
0.28769962
0.19353370
0.33641062
0.37160264
0.31227268
0.29216037
0.16007230
0.04385757
0.15464439
0.09871604
0.38039868
0.39173800
0.42139050
0.37696910
0.13003710
0.11938054
0.14776522
0.26983406
0.14701486
0.05096062
0.31619896
0.29575014
0.01307470
0.36861238
0.35053227
0.01167182
0.41188721
0.23488097
0.39240320
0.01749509
0.19603276
0.25384047
0.40988545
0.10163802
0.43498303
0.37054824
0.32973383
0.47644303
0.08633114
0.27300617
0.19219962
0.15546206
0.31886987
0.44564010
0.20132409
0.27496410
0.32443075
0.41893492
0.15531742
0.00278299
0.32139150
0.11510072
0.25494249
0.44534974
0.34487449
0.24557624
0.33932447
0.21823144
0.14390370
0.21373053
0.43404064
0.27572891
0.24792679
0.32543599
0.39459548
0.36404496
0.23280270
0.47265773
0.30075491
0.14723820
0.40473649
0.25547932
0.00479734
0.12928154
0.35282785
0.39933823
0.31229600
0.36608252
0.36521624
0.43679886
0.26893369
0.15043556
0.26702794
0.03869078
0.33407492
0.49427798
0.29046675
0.12650949
0.37627688
0.03434286
0.14145535
0.39658112
0.37517088
0.13018633
0.30519037
0.09497811
0.09329627
0.27125737
0.38920036
0.28399663
0.04019880
0.30741847
0.30883438
0.35226831
0.32168796
0.41982619
0.19703354
0.23366555
0.36035088
0.32717094
0.26383124
0.30095598
0.21147704
0.38253504
0.08206497
0.28926891
0.25520016
0.12124596
0.37831694
0.39942782
0.38381323
0.38358884
0.09860437
0.22972759
0.36113946
0.27125007
0.33644827
0.22617208
0.16105608
0.38809256
0.36711508
0.36049353
0.10838449
0.31403681
0.39137889
0.23003826
0.39403607
0.17587772
0.14262122
0.23160928
0.37208909
0.21026619
0.17434950
0.18856513
0.21497547
0.01855186
0.06472593
0.14666944
0.15490602
0.22518765
0.17991297
0.32199775
0.21315497
0.25453346
0.21771719
0.01110903
0.38792695
0.31569981
0.39336321
0.46199128
0.47111644
0.39682598
0.42681100
0.32820296
0.33000780
0.15699302
0.10582003
