# NTRAJ	1000
0.71274120
0.51485158
0.85556446
0.60049673
0.86525115
0.87196775
0.62108752
0.83522878
0.60677774
0.88256851
0.69293104
0.88393671
0.89657311
0.55633962
0.55773300
0.86379954
0.39028271
0.92359261
0.87689560
0.51442542
0.73928302
0.86229137
0.44489700
0.83241320
0.43037162
0.85359839
0.51785434
0.70571588
0.87773294
0.39344966
0.35797608
0.94324050
0.75287632
0.83211275
0.55825561
0.64986749
0.70933421
0.88949989
0.86004040
0.30470253
0.82511782
0.66634115
0.86146678
0.45750139
0.65071914
0.82126358
0.74926425
0.79705476
0.65273692
0.84929347
0.39585561
0.64233187
0.66422223
0.86962794
0.87708204
0.89195679
0.45733921
0.78459995
0.74876334
0.45740272
0.41587711
0.67197424
0.58869954
0.72243075
0.55959430
0.86998640
0.76968521
0.49593210
0.82415212
0.31071977
0.84058001
0.87649943
0.79229092
0.22962122
0.52194512
0.71521983
0.68676998
0.47267895
0.48497215
0.84608945
0.87984123
0.79833157
0.85748841
0.48470480
0.67770005
0.29201145
0.81655300
0.58660643
0.50652347
0.86667716
0.59076352
0.74749702
0.66338073
0.74857698
0.90867936
0.58581231
0.85246378
0.50951988
0.63945666
0.88698997
0.55516924
0.77136575
0.83596050
0.45654377
0.84828302
0.60332029
0.81680503
0.77094258
0.41716306
0.72604253
0.46411948
0.59744283
0.65585330
0.64508680
0.62224352
0.62242983
0.40859863
0.85636890
0.26264247
0.58506414
0.40796945
0.23866706
0.47688104
0.79377496
0.06758795
0.70579631
0.35416501
0.81322024
0.79776327
0.15398747
0.62843888
0.60422999
0.15939294
0.80337487
0.43261553
0.53742588
0.66682538
0.96139184
0.66567851
0.79517497
0.87097446
0.72790457
0.94339104
0.85506022
0.59950099
0.58748606
0.41601293
0.47552227
0.58258026
0.45468415
0.77084972
0.47395941
0.72473382
0.75225439
0.70435670
0.72280155
0.52361584
0.42072061
0.60936964
0.85948925
0.60327661
0.66243845
0.25234097
0.82517653
0.53002460
0.54376266
0.59628116
0.57149792
0.62266200
0.68485813
0.77119108
0.78001124
0.45749247
0.54277106
0.71533223
0.39756242
0.44882299
0.64191546
0.60053425
0.52047789
0.91234117
0.75535721
0.76110248
0.70040681
0.37080640
0.78413667
0.79059504
0.79119920
0.56397313
0.56758505
0.85658428
0.26055530
0.73552219
0.84717447
0.74403062
0.38922704
0.46947380
0.69877225
0.84527613
0.34464166
0.64016405
0.72503476
0.72903896
0.58294392
0.34812112
0.78419857
0.75023689
0.43841582
0.78756208
0.91391899
0.64768328
0.89898990
0.57641584
0.51959427
0.71758221
0.43276077
0.43670736
0.81619494
0.53903473
0.56237826
0.71072079
0.62969775
0.14481183
0.91038088
0.70363587
0.15214917
0.89204386
0.72440770
0.33462492
0.62293680
0.36882433
0.53344400
0.84098737
0.47707036
0.78892526
0.46631640
0.27711943
0.64956664
0.89118244
0.39291499
0.83580603
0.61561560
0.43796039
0.70795563
0.71967351
0.67964625
0.76278456
0.21267034
0.95780779
0.48175991
0.13156893
0.58208544
0.86234055
0.87811920
0.72362676
0.87520951
0.49230604
0.51894039
0.78157626
0.36289806
0.69976451
0.38644986
0.43638133
0.80215632
0.64004686
0.40185717
0.78929786
0.63913073
0.84745655
0.75120315
0.74881907
0.49094321
0.54370598
0.40579847
0.62331879
0.22909924
0.62624509
0.83770135
0.85781209
0.30804223
0.56091426
0.77086948
0.60393638
0.45501240
0.69255709
0.80076104
0.76794547
0.31224057
0.81319978
0.56887705
0.69267499
0.80105922
0.35406518
0.51232799
0.73348690
0.13992107
0.45534784
0.38076940
0.85920359
0.68381416
0.88901560
0.38675972
0.87706583
0.83648579
0.57012530
0.78405262
0.30645745
0.62327667
0.73621005
0.68795314
0.79707765
0.45771811
0.75532526
0.64038382
0.44676666
0.47225038
0.46992725
0.86306209
0.54828652
0.74032670
0.41345641
0.68067555
0.74997575
0.29017853
0.57837988
0.52455570
0.47170736
0.76514500
0.84614845
0.83988625
0.70849491
0.45236671
0.77316444
0.77747970
0.38021814
0.82430233
0.25239192
0.61055460
0.93596090
0.80400634
0.86433351
0.62946194
0.56221026
0.70979825
0.66135699
0.55761875
0.47142082
0.68160885
0.62405609
0.59099549
0.52686137
0.60929244
0.67706966
0.49610997
0.78246270
0.64962679
0.75391261
0.79176014
0.60281844
0.67875346
0.59669154
0.84266568
0.37895651
0.69434407
0.64128935
0.45089418
0.93401297
0.77762224
0.87472144
0.54967617
0.78318641
0.65028031
0.31559373
0.22408043
0.68270206
0.27011027
0.70857916
0.75572678
0.54124993
0.58111252
0.85839119
0.54094751
0.55096611
0.34352811
0.63324538
0.91643505
0.61796447
0.38593282
0.25296171
0.55807791
0.72846202
0.46811921
0.84949729
0.60947079
0.83310369
0.63572179
0.73826441
0.85110022
0.64134127
0.86828379
0.48452420
0.75486105
0.73235846
0.67829912
0.56530109
0.79745664
0.85449058
0.78216648
0.51378441
0.94922804
0.47388182
0.87787134
0.72815305
0.64671534
0.43218907
0.44406677
0.47156108
0.75286590
0.72794143
0.67308869
0.69144004
0.21505084
0.67047167
0.89950558
0.50834508
0.66884991
0.51304457
0.47127632
0.84347486
0.94644351
0.57286741
0.58062007
0.79297013
0.49456840
0.64545873
0.46818415
0.50354261
0.52732043
0.76879049
0.89101829
0.93685049
0.83945108
0.90011977
0.60280045
0.65208395
0.70039348
0.90827879
0.82446767
0.37104507
0.70062742
0.57201542
0.67821416
0.70454013
0.55830404
0.53970645
0.54021503
0.53653947
0.76459451
0.63500477
0.89301005
0.66779459
0.56447660
0.42998131
0.64494935
0.76037996
0.87685857
0.68650766
0.97580267
0.75732476
0.72974488
0.85738416
0.66445724
0.83001305
0.63468022
0.88445905
0.77650640
0.75003789
0.31041724
0.71636798
0.83560067
0.91741829
0.67328989
0.74865400
0.54617931
0.46903486
0.81185731
0.77862917
0.94291233
0.88541065
0.90234357
0.73891355
0.41531475
0.46921031
0.22834423
0.82101882
0.61604417
0.73128889
0.27598012
0.77247532
0.84444127
0.76807475
0.85482410
0.78671677
0.69672902
0.68947726
0.51079014
0.70211349
0.68936911
0.60581379
0.36106196
0.30777303
0.69083372
0.46223644
0.78317730
0.44356142
0.54720746
0.51086418
0.65719377
0.55405827
0.64334690
0.78505895
0.86346711
0.58759278
0.65370915
0.48867319
0.71773505
0.34394934
0.82706870
0.53519823
0.50378390
0.80688243
0.56782748
0.85700652
0.89316924
0.82752617
0.77901519
0.89998973
0.84066000
0.79714361
0.58911369
0.44493944
0.73276334
0.43958871
0.80158973
0.88628848
0.70574359
0.30912937
0.47435733
0.78606865
0.69939230
0.63188958
0.90274344
0.73176278
0.86541417
0.93915438
0.73565724
0.65107524
0.82088779
0.28747260
0.78969719
0.84282624
0.35188652
0.73719720
0.40255199
0.79908846
0.88588503
0.89521810
0.80344852
0.69990300
0.64986876
0.72673189
0.57836713
0.85531971
0.48447596
0.54583124
0.67181820
0.94143902
0.93629141
0.64245065
0.65029368
0.52613142
0.48852294
0.87332162
0.18628258
0.82496299
0.45968366
0.31206720
0.25391236
0.51234562
0.77616127
0.79787605
0.87807546
0.76640261
0.46360564
0.61609326
0.71166396
0.69064930
0.82872675
0.44252885
0.54089540
0.83536786
0.80499512
0.65932340
0.86589234
0.79353228
0.79842690
0.61851076
0.16790809
0.53071706
0.73563930
0.66145838
0.64064542
0.73086326
0.68570888
0.74633618
0.52195953
0.76856920
0.40402154
0.56217237
0.85829626
0.72086826
0.41178806
0.43192082
0.68446841
0.87270020
0.81756572
0.84597742
0.91466728
0.63307557
0.75305302
0.78293998
0.57097452
0.84856351
0.52172609
0.87365007
0.94406690
0.78053063
0.82047352
0.47788629
0.33593153
0.78497671
0.26172921
0.87572484
0.76027283
0.27126480
0.74067477
0.87424503
0.54563328
0.73580173
0.52703907
0.80006576
0.35265595
0.76592117
0.44709971
0.87210476
0.69075957
0.32265725
0.68578541
0.72032884
0.67539656
0.67132305
0.82734639
0.37630808
0.40103342
0.82306032
0.47371753
0.59158488
0.80529297
0.66450047
0.84166247
0.45512084
0.59794696
0.88000304
0.57268456
0.87100887
0.30069025
0.46653668
0.31578580
0.81034843
0.79333582
0.69645282
0.53031032
0.71388997
0.65604332
0.28937344
0.66422897
0.81369181
0.66388284
0.48048678
0.87628570
0.68868763
0.61878894
0.61113408
0.24494994
0.54509833
0.66926182
0.78872987
0.85847148
0.41065294
0.88708686
0.33293905
0.81861633
0.45418211
0.57049893
0.65985802
0.61954901
0.45022294
0.66586370
0.67816342
0.39899722
0.57901003
0.72174525
0.71470480
0.32236949
0.80283513
0.38587261
0.72826294
0.85819735
0.74787527
0.38820603
0.37569675
0.62891084
0.66986430
0.76780144
0.70726096
0.90282839
0.47795839
0.90080877
0.76459349
0.72987305
0.84110960
0.78304563
0.71209634
0.90117227
0.34870740
0.70810355
0.75580233
0.49581085
0.94455054
0.56947586
0.71954424
0.46988596
0.39300568
0.43160080
0.70197997
0.64197504
0.63438596
0.73942235
0.69089871
0.83488920
0.83784244
0.63045276
0.67677605
0.17086466
0.68182603
0.85465193
0.69602736
0.51978506
0.67155005
0.35503663
0.87604295
0.83656299
0.87569109
0.41743755
0.82201815
0.76679704
0.71317898
0.26245277
0.59978186
0.73786136
0.39189904
0.79795019
0.43008639
0.80470431
0.70443756
0.84018011
0.35813409
0.58073885
0.73312029
0.90302147
0.84164624
0.70122752
0.46066450
0.59969083
0.60411292
0.79156071
0.28119147
0.71317251
0.76485985
0.83397292
0.38667719
0.90045483
0.79709745
0.58577613
0.51776080
0.59126028
0.64095491
0.90398639
0.55660465
0.30664784
0.10533143
0.77353602
0.59895898
0.81303506
0.48879089
0.34316039
0.79062505
0.85364515
0.50619086
0.61677248
0.69754827
0.90085952
0.60278258
0.72802421
0.77756225
0.87414391
0.68047449
0.82294292
0.63161146
0.50701317
0.73869010
0.35560289
0.84086054
0.74692319
0.50726799
0.55248091
0.33281253
0.59671995
0.69911690
0.38440563
0.77853696
0.75664885
0.91187821
0.81238810
0.75928001
0.70686608
0.84705956
0.87404413
0.68151539
0.26448207
0.16121508
0.43125001
0.37312074
0.61677165
0.55527623
0.66294955
0.72719666
0.57045798
0.87290477
0.67513293
0.44845049
0.52268385
0.77832604
0.77255007
0.81712851
0.27378723
0.77814627
0.81542740
0.60751592
0.82795482
0.75924397
0.88601726
0.66723798
0.69565395
0.60797763
0.89384921
0.62068760
0.74386915
0.88678028
0.68978141
0.72630595
0.76777150
0.70955378
0.53161487
0.68734493
0.37861772
0.85192900
0.44063586
0.77600202
0.60640910
0.62237236
0.60922531
0.17117086
0.73983281
0.58495650
0.62576794
0.81385805
0.39678479
0.82470321
0.51300975
0.59627124
0.31417487
0.64367844
0.52463687
0.57657154
0.81186317
0.85449719
0.60978693
0.45614500
0.54080086
0.77021293
0.87417200
0.49387038
0.85571534
0.83891562
0.42082338
0.77538054
0.65338831
0.81468749
0.44041522
0.57771054
0.85525136
0.89349092
0.95325208
0.78692433
0.76689165
0.72715208
0.68486601
0.80419440
0.71351725
0.56983560
0.67783011
0.26636070
0.38302118
0.87279939
0.85157803
0.58996650
0.68813449
0.45841714
0.42408283
0.67135344
0.79574419
0.68926641
0.11426656
0.68396241
0.46261964
0.68071936
0.56020868
0.65049032
0.64858126
0.59470684
0.64850266
0.84122802
0.74212285
0.53086909
0.21618762
0.66404845
0.17265254
0.79866943
0.82980833
0.74620219
0.92949727
0.85688491
0.69287617
0.72171955
0.40438827
0.67006004
0.38431164
0.85349921
0.54815594
0.86460029
0.60665325
0.62764274
0.93238973
0.74769007
0.27598387
0.57353254
0.64130452
0.81084461
0.85657042
0.37943934
0.72452585
0.64629733
0.94231876
0.47392966
0.35697564
0.33209219
0.53002216
0.28165713
0.19920825
0.65761717
0.34190148
0.69905066
0.36800675
0.73433840
0.60486082
0.85715108
0.62146655
0.18500177
0.81942139
0.81707284
0.74417424
0.86047514
0.57874087
0.79418283
0.85122094
0.79000073
0.57780058
0.24553777
0.63767517
