# NTRAJ	1000
0.85074468
0.84644608
0.74022404
0.78921989
0.71109329
0.89825561
0.83859783
0.87951298
0.87725274
0.34600117
0.73802749
0.46825340
0.71367838
0.45439026
0.62774465
0.72875680
0.08683294
0.66931052
0.30931081
0.84231972
0.52577239
0.60186069
0.57699344
0.51927507
0.67274932
0.87940634
0.89349916
0.74555455
0.48768252
0.75743268
0.76696807
0.68557339
0.57032157
0.52150350
0.71880029
0.34529549
0.85696674
0.63391648
0.78764672
0.36877096
0.68622904
0.49493477
0.68704767
0.67916754
0.80976161
0.68996544
0.66222224
0.59923714
0.82546761
0.72849751
0.71983390
0.49113174
0.40040649
0.58389763
0.90742295
0.86631755
0.38432359
0.30681869
0.46435658
0.55570788
0.85839073
0.74436739
0.78471406
0.73679497
0.40132970
0.90467878
0.18874312
0.41598514
0.55748365
0.48215214
0.68247312
0.86255580
0.74501155
0.41344897
0.91357911
0.23619100
0.78812689
0.87334695
0.50890753
0.55068681
0.86901846
0.39964789
0.52753406
0.83306512
0.86493585
0.56218427
0.77672613
0.55599878
0.69358714
0.50908025
0.72494565
0.75590139
0.38116831
0.47857801
0.63452793
0.65843934
0.45838351
0.74407264
0.72832519
0.35838491
0.45211590
0.64122275
0.57413423
0.32660230
0.37377763
0.27525790
0.11764506
0.43042700
0.63572583
0.46800889
0.30670979
0.64583486
0.60857719
0.52889444
0.55946062
0.51015942
0.77608611
0.54378875
0.81145798
0.93002729
0.31172448
0.88261478
0.54472512
0.34329767
0.90723580
0.41882449
0.55771157
0.18068134
0.67714891
0.85895272
0.57782806
0.70649351
0.53360057
0.70264407
0.75474448
0.69615349
0.61676060
0.56708150
0.73122135
0.67098571
0.70461200
0.71394995
0.52168862
0.77109206
0.50550163
0.62771448
0.51535982
0.32654545
0.56507072
0.74514805
0.57659971
0.47380462
0.53721459
0.27913551
0.72273218
0.78732284
0.39157348
0.27086113
0.66032974
0.64495722
0.71867883
0.36067008
0.90200312
0.75153039
0.66435156
0.68411925
0.36445482
0.46199835
0.30466737
0.79652739
0.77910900
0.59409252
0.16569267
0.72033358
0.89450006
0.73077609
0.61948579
0.49230290
0.63788018
0.52165531
0.58377109
0.80397243
0.77833084
0.42585487
0.38598023
0.81074169
0.74895210
0.76641478
0.73446113
0.74057436
0.17755662
0.44523792
0.88725969
0.73009755
0.32848909
0.53619680
0.78843551
0.93236278
0.80847418
0.56466927
0.79319189
0.49871941
0.59802172
0.20177317
0.71544450
0.23942446
0.85956096
0.61376765
0.44549895
0.57200115
0.95288060
0.58187219
0.58865505
0.58508835
0.58804082
0.67050897
0.78157176
0.59266355
0.69860060
0.81749257
0.67049680
0.70242889
0.77844314
0.60501820
0.81672011
0.53216269
0.65531212
0.32537028
0.43641940
0.39747863
0.74006669
0.53598345
0.86731787
0.38772958
0.71911692
0.55898471
0.69028169
0.52205493
0.86958390
0.31621389
0.50390859
0.86355134
0.80351855
0.81789808
0.44813748
0.81898632
0.56056357
0.10559482
0.91738115
0.77785396
0.48155897
0.45406002
0.78577343
0.53758715
0.71030330
0.66479351
0.91657134
0.88013190
0.71535569
0.66801536
0.61500693
0.33476216
0.59742330
0.19302803
0.51146581
0.35806866
0.61591399
0.85298287
0.62985677
0.29058566
0.65457888
0.41493759
0.87033468
0.37427304
0.58511966
0.26856671
0.42144954
0.68744858
0.70188988
0.51687979
0.79966371
0.24785114
0.80431012
0.57617624
0.77474703
0.86683224
0.66336694
0.51921765
0.78555606
0.66715974
0.62076695
0.71062605
0.44831803
0.61343317
0.47567628
0.27085200
0.71664648
0.63614400
0.26420791
0.27872119
0.42606347
0.34813377
0.41311249
0.58469341
0.75743024
0.92865090
0.69727614
0.45468327
0.88308743
0.67633949
0.44802937
0.51768759
0.59190203
0.74305087
0.89091350
0.75008827
0.26571450
0.63072470
0.83067012
0.26479061
0.85220212
0.84912962
0.38314483
0.38297069
0.46599478
0.41989167
0.64493056
0.53798020
0.77663098
0.60894145
0.47086527
0.60795543
0.85082384
0.43690813
0.37279416
0.51452305
0.64080326
0.48945585
0.28949357
0.54628461
0.69706147
0.81730253
0.80857975
0.55667278
0.45163824
0.77077339
0.96798584
0.53102873
0.62766211
0.43690250
0.64555316
0.30697097
0.46421558
0.73294927
0.72551682
0.06895431
0.60664982
0.40753607
0.68731264
0.64968826
0.55486334
0.78573267
0.65511626
0.87028602
0.66453596
0.76165013
0.56499698
0.59439043
0.74761542
0.85757703
0.62433704
0.84967322
0.84552793
0.13070316
0.55449753
0.73030210
0.83129547
0.64584829
0.61198458
0.84591904
0.80805152
0.81826570
0.68365220
0.53284136
0.30303307
0.44282739
0.54924648
0.27564083
0.18435423
0.40616645
0.67911079
0.50730288
0.30962691
0.61723387
0.65408707
0.66612250
0.72172800
0.84714526
0.64276124
0.60933956
0.72430759
0.59146336
0.46359511
0.20562404
0.08573028
0.15362302
0.38860168
0.84655265
0.84557334
0.94094115
0.55587759
0.77473149
0.75920448
0.06564745
0.44859596
0.68605899
0.63056321
0.79300919
0.65919200
0.74255208
0.68424096
0.76281653
0.60629074
0.57874926
0.53238211
0.76603966
0.68690433
0.78533885
0.70550991
0.83485796
0.69778295
0.71515227
0.62778797
0.69762937
0.80067524
0.70534785
0.80297931
0.66300135
0.29101676
0.77147879
0.59478634
0.35532791
0.79014872
0.89295402
0.75591902
0.82211355
0.70750405
0.57125715
0.68595504
0.57826330
0.83914712
0.38000360
0.79790100
0.53484599
0.80830977
0.67753651
0.22267102
0.58609561
0.69193038
0.45959907
0.77702782
0.47171749
0.53258944
0.73673151
0.69190731
0.91881396
0.14414342
0.31250690
0.73429912
0.30700353
0.64591633
0.29083287
0.39927648
0.48469741
0.85353420
0.46843009
0.58924970
0.33151656
0.75671996
0.62303682
0.72729303
0.73541518
0.56657462
0.88583061
0.71991122
0.73155255
0.75650051
0.81103251
0.74933168
0.38889716
0.78562878
0.46242364
0.70743781
0.14871821
0.10356323
0.65628363
0.83079869
0.65861938
0.55786174
0.85466007
0.28195674
0.59810565
0.84915300
0.55361754
0.74175089
0.60218289
0.40893451
0.04424273
0.41825340
0.30789155
0.14579039
0.67139577
0.26659603
0.27052341
0.27120243
0.70704593
0.64496781
0.50360605
0.69330515
0.29296279
0.78591954
0.72081948
0.47314109
0.47214749
0.65738965
0.53770350
0.53140491
0.80060429
0.60896741
0.67843549
0.73602291
0.80935885
0.55949255
0.69457677
0.90475807
0.62891771
0.43868503
0.83375530
0.34552024
0.84044956
0.72678701
0.43586105
0.85881547
0.64152494
0.75518460
0.30286950
0.27548939
0.61390906
0.88848393
0.52505325
0.75639465
0.71874797
0.77224459
0.77306185
0.75274025
0.88892094
0.79633511
0.35563444
0.58869160
0.41898431
0.48533873
0.79218805
0.75954030
0.88215698
0.17270944
0.77080465
0.35310836
0.55748874
0.59791259
0.50577005
0.48275157
0.41334771
0.74765413
0.43548302
0.48976878
0.81211701
0.64189701
0.67950817
0.58258372
0.79610594
0.50534967
0.74635786
0.83138204
0.81727344
0.53109742
0.71463118
0.48361171
0.87758010
0.56480291
0.83921342
0.72710709
0.55306277
0.66193943
0.64217885
0.35352519
0.78968490
0.68091323
0.66662658
0.62086668
0.45591287
0.50375808
0.68572937
0.62121494
0.69994132
0.77830472
0.89649203
0.62716881
0.59200331
0.82428401
0.26798413
0.72460405
0.22080583
0.31871526
0.51923079
0.72563193
0.92562194
0.83963198
0.79371825
0.67313370
0.34957492
0.71385582
0.46410484
0.94751465
0.24978853
0.73795141
0.85173203
0.52166248
0.45658225
0.67899560
0.83779718
0.21087214
0.53148723
0.45171375
0.68841739
0.11653854
0.80496327
0.77050423
0.70911031
0.82740599
0.70988112
0.25330434
0.79947813
0.37097956
0.85827073
0.79729295
0.43534126
0.52594817
0.27440033
0.63271819
0.31830517
0.26091119
0.72526718
0.71414408
0.24757166
0.27658336
0.93426471
0.19356754
0.70560041
0.65525285
0.81611348
0.26401323
0.53763974
0.64169304
0.47773836
0.78659485
0.61935061
0.52891580
0.45920560
0.30110069
0.68098719
0.28698113
0.72460458
0.82286308
0.79467597
0.87442955
0.60577208
0.31537138
0.43032544
0.87457169
0.86182602
0.80083309
0.88569812
0.92160713
0.54199208
0.49327479
0.60826133
0.77826137
0.42773889
0.78171055
0.80922406
0.31544638
0.78764786
0.67362777
0.54419194
0.63750325
0.68776463
0.85826604
0.83379067
0.89523037
0.46799090
0.75864608
0.86691704
0.74128567
0.72454177
0.55880838
0.28939258
0.40403000
0.92605760
0.39291667
0.66430839
0.57073301
0.66148589
0.14756161
0.26438317
0.71776844
0.58711156
0.45948623
0.52724877
0.32234398
0.56991537
0.79651743
0.29522444
0.12931106
0.62591726
0.75187060
0.70710808
0.30447087
0.37532227
0.37735867
0.52051684
0.50442895
0.42251696
0.77789537
0.78110526
0.60650666
0.55162766
0.63936173
0.18310704
0.58945889
0.70358020
0.66134139
0.28474787
0.95665244
0.84317922
0.81657157
0.71004190
0.74106728
0.17970891
0.43752520
0.51693954
0.77502358
0.65299752
0.80613579
0.50668880
0.72222625
0.18990471
0.28728982
0.38093101
0.52186903
0.49537676
0.44053541
0.73875722
0.34218205
0.84855439
0.48902872
0.68746704
0.74276091
0.25738974
0.38807109
0.56841252
0.83200658
0.50090703
0.29258207
0.14378196
0.41286628
0.41320094
0.58095910
0.32842629
0.66979261
0.33426427
0.58579404
0.53383979
0.67836495
0.40379612
0.49189760
0.28731961
0.50746071
0.46128132
0.58479061
0.60794064
0.70872500
0.83190276
0.58298541
0.61342893
0.56623339
0.61133341
0.63323108
0.92536340
0.68318776
0.40207319
0.61119590
0.70595824
0.59482314
0.65598893
0.53693950
0.38517563
0.56197777
0.84306722
0.78764484
0.83262171
0.53252339
0.65512708
0.58336040
0.65730500
0.29678756
0.57375543
0.76340708
0.65939484
0.68327430
0.35712298
0.42021424
0.81551770
0.75978370
0.41126230
0.72836817
0.53161072
0.69183359
0.63292328
0.43287594
0.86207216
0.64893754
0.23960873
0.22206427
0.40760593
0.89905186
0.65660311
0.39454551
0.50007483
0.17066198
0.61882519
0.85159289
0.63757231
0.45572465
0.63801775
0.56478054
0.10925625
0.52337819
0.89679108
0.83837971
0.56430493
0.73819737
0.73839075
0.87679085
0.41259850
0.57068294
0.80161377
0.68954213
0.12374688
0.44148056
0.62627193
0.45127417
0.66031867
0.70112225
0.85022511
0.17268445
0.71584760
0.79834359
0.68229363
0.91434043
0.71827858
0.83464541
0.64378404
0.92449356
0.07768383
0.17217006
0.65637076
0.80343330
0.63519073
0.68895273
0.34851396
0.83753808
0.54015118
0.88708195
0.33747051
0.82780450
0.77585491
0.66432959
0.86257135
0.49020897
0.60386755
0.78155742
0.94869225
0.79446953
0.47958084
0.86835526
0.73736322
0.49626639
0.78790746
0.70860601
0.20770250
0.74468113
0.40986430
0.54930158
0.45070934
0.78902301
0.89172107
0.20839697
0.38512936
0.71127594
0.73725141
0.61602779
0.69618293
0.33049932
0.48610502
0.52306250
0.77751925
0.74287576
0.57809483
0.54608686
0.59937618
0.90798212
0.74841021
0.67039808
0.82450988
0.69324650
0.58732507
0.42170219
0.37027548
0.41966537
0.69195512
0.45160053
0.44061446
0.73303958
0.67280356
0.47212268
0.34867434
0.29013299
0.50114011
0.51780148
0.22988846
0.52806967
0.62311539
0.80650909
0.68181314
0.65411848
0.71684970
0.34984281
0.89582960
0.36343319
0.72255067
0.71663871
0.58293829
0.77816042
0.74648432
0.66240172
0.75629795
0.90363120
0.79038617
0.67768044
0.42232413
0.84754303
0.21534169
0.78670715
0.82811270
0.76633108
0.82821946
0.71354181
0.67704836
0.80650831
0.47674987
0.42784596
0.31445605
0.81364107
0.88991678
0.72563489
0.37387044
0.57691509
0.40637744
0.64911868
0.25577857
0.51724988
0.54497877
0.40108971
0.48645946
0.68695556
0.58725530
0.65338295
0.77620561
0.76231768
0.51162382
0.71642072
0.70090109
0.43958277
0.53836275
0.80224677
0.46613833
0.60886601
0.87244970
0.75225029
0.63675225
