# NTRAJ	1000
0.81905012
0.92429227
0.58843412
0.93712566
0.89948612
0.86809440
0.61133722
0.55512711
0.88554038
0.92515338
0.84968342
0.91138098
0.92600077
0.82702494
0.51651497
0.64435722
0.88349679
0.72375524
0.95145045
0.54840158
0.79431459
0.38777676
0.95999570
0.73589809
0.65058363
0.93009897
0.91802141
0.88757840
0.89484989
0.93226430
0.80384738
0.50163213
0.48496068
0.93536676
0.54331876
0.41697529
0.75680710
0.82816153
0.95033610
0.81868398
0.85045751
0.83710504
0.94138807
0.70568716
0.82744962
0.73095539
0.87462328
0.43017472
0.92878403
0.89293263
0.91267411
0.61161821
0.88893400
0.86450498
0.68532831
0.94837279
0.96572808
0.81814434
0.89154108
0.63210679
0.43583826
0.66154861
0.80248489
0.89773102
0.67048256
0.90104435
0.82333740
0.36532626
0.52381607
0.52149424
0.39509650
0.43229389
0.89334111
0.86930056
0.81005922
0.74613763
0.96106142
0.83637069
0.97799748
0.93421217
0.87202266
0.85210898
0.71672081
0.79838539
0.72463613
0.81728917
0.85010076
0.84758212
0.69384658
0.94106489
0.71668549
0.63428671
0.92021239
0.69154988
0.83486856
0.83192402
0.77371247
0.96123638
0.75160464
0.82470111
0.82488582
0.61527760
0.67751385
0.90360740
0.86362642
0.94775292
0.81788081
0.59949091
0.90740264
0.94392907
0.86577594
0.94972179
0.71008210
0.58810916
0.94519658
0.91842768
0.82220968
0.91090427
0.51986832
0.71679018
0.47263382
0.87343139
0.94886569
0.81695244
0.77958818
0.62236915
0.74566173
0.54020235
0.91852131
0.95335024
0.96171466
0.61310517
0.78247947
0.50961583
0.96677316
0.85452896
0.91613912
0.33232656
0.70136170
0.93716924
0.68264668
0.88332792
0.94120142
0.93154067
0.98512878
0.89690990
0.88948551
0.87070306
0.56089485
0.77126038
0.67979742
0.90936804
0.88827660
0.69961946
0.90476512
0.95222170
0.39737336
0.73298227
0.86552935
0.95371950
0.36597664
0.88428795
0.39874758
0.96290311
0.95830417
0.86686432
0.60940002
0.60174240
0.46609272
0.90497662
0.87024135
0.98111013
0.90777018
0.76947947
0.82397201
0.90431620
0.86037907
0.89805980
0.90043801
0.91524980
0.90958089
0.84559281
0.55866488
0.95895796
0.72969997
0.49902250
0.92876255
0.80221688
0.66874238
0.95212774
0.28876570
0.72651505
0.77327732
0.92245390
0.93654296
0.91651154
0.86042720
0.87626394
0.87871191
0.89695634
0.68929949
0.86553434
0.53872021
0.73212435
0.87963931
0.26765003
0.91709773
0.82676057
0.95361858
0.73082507
0.41159525
0.77259983
0.71632963
0.29180305
0.88475588
0.91710962
0.87965521
0.93721647
0.86501877
0.65810240
0.88776544
0.89408991
0.93394883
0.80989146
0.43633859
0.94038070
0.54276327
0.40785943
0.66401639
0.56909602
0.81417372
0.68123837
0.83142636
0.82349536
0.95470320
0.80026364
0.87163357
0.95687610
0.65451236
0.68982770
0.93627498
0.78950571
0.51524254
0.92105032
0.42355744
0.86473971
0.64836680
0.79858253
0.91151558
0.88136284
0.63495103
0.76160506
0.81636582
0.94970747
0.36244121
0.65059524
0.93498926
0.80005237
0.91485204
0.71412818
0.95735963
0.76207034
0.89237234
0.93198219
0.92111691
0.50494841
0.79492173
0.84492617
0.76689473
0.38761335
0.82665898
0.83383165
0.76987266
0.80450964
0.74165695
0.92807205
0.93444869
0.84773636
0.84729263
0.83222650
0.88598241
0.70507814
0.87630285
0.84492890
0.92186450
0.89284250
0.75393297
0.51422975
0.92056803
0.81853333
0.69146563
0.94023281
0.64230293
0.27234784
0.94451904
0.61547671
0.85358557
0.85745169
0.60226490
0.79748280
0.92453765
0.95271004
0.37931841
0.53196778
0.52488602
0.81998923
0.84315481
0.82561563
0.85978283
0.90773848
0.86968867
0.91117285
0.72696146
0.56971633
0.90834010
0.74442615
0.63172154
0.95048970
0.93174041
0.52221394
0.67649887
0.78654543
0.94457825
0.90102971
0.94898708
0.75261051
0.86124522
0.44143213
0.70260582
0.96469358
0.77104564
0.96655995
0.94818627
0.77038465
0.98081875
0.75485816
0.68155941
0.77664399
0.95427414
0.62790011
0.86999078
0.56096228
0.76157075
0.55204908
0.87344339
0.74327959
0.69610408
0.64074881
0.83534604
0.78014173
0.48976841
0.48001993
0.93996917
0.34289852
0.87176818
0.95836654
0.57079874
0.40164791
0.94128002
0.73474616
0.91153008
0.73478781
0.57136990
0.91993555
0.87045441
0.86492132
0.87678999
0.93582410
0.82842793
0.91278110
0.43625707
0.95891922
0.78222532
0.74228914
0.91873665
0.55393522
0.78598226
0.91963252
0.70986761
0.89044894
0.94362219
0.85076396
0.73147143
0.83518621
0.16277316
0.86657799
0.84909063
0.91275058
0.92828136
0.84520995
0.32680999
0.85667938
0.56848502
0.61436573
0.82794246
0.58615083
0.88710438
0.89126524
0.52440449
0.62519707
0.88382497
0.84828158
0.57041423
0.86637661
0.83399922
0.54633273
0.72208168
0.95470442
0.89053274
0.84549975
0.80923459
0.65190701
0.93159611
0.72918374
0.47762184
0.92236571
0.60295582
0.70838502
0.76508903
0.64710064
0.95618729
0.91036732
0.91587041
0.74550960
0.85926812
0.37442365
0.93082098
0.60469471
0.80706562
0.51285799
0.80222439
0.97284257
0.93313122
0.90803083
0.64938421
0.32964692
0.74558283
0.60819594
0.48223833
0.95095320
0.89316635
0.96629115
0.91387754
0.94231265
0.92216638
0.90354818
0.66847636
0.87655323
0.47825681
0.86606999
0.84365040
0.97259615
0.58598078
0.49935036
0.93950208
0.86819498
0.87307728
0.86390912
0.80172367
0.79845874
0.85801067
0.82868729
0.92277385
0.29926241
0.88849013
0.91294387
0.42023570
0.81861918
0.66720329
0.91028076
0.65205122
0.74714860
0.89619824
0.48810201
0.80295475
0.91804891
0.98814931
0.36034080
0.75226349
0.93156310
0.83936146
0.97637561
0.75322255
0.83997191
0.95753282
0.69383626
0.64668423
0.97766480
0.52232064
0.92269978
0.90138748
0.71845925
0.93499318
0.62315511
0.52835663
0.65653501
0.69066771
0.35860331
0.70345937
0.73428293
0.62847033
0.49906933
0.88791608
0.74551404
0.43820704
0.86596248
0.71893370
0.84551851
0.71120584
0.94771984
0.83940491
0.93109091
0.80883169
0.81574728
0.60035364
0.62951040
0.65853049
0.48665459
0.93165736
0.85938977
0.93113333
0.64928156
0.46371597
0.32564979
0.94452345
0.60703086
0.59611129
0.93132154
0.58177005
0.93382240
0.27767882
0.78123829
0.57620734
0.57010833
0.76264384
0.86225537
0.82527523
0.68586045
0.40180114
0.39498155
0.72097279
0.84981019
0.72833085
0.95032754
0.70170105
0.93186949
0.93857326
0.90095608
0.89858097
0.91744366
0.93407205
0.79674667
0.82089508
0.91055941
0.95470763
0.88984779
0.58287323
0.93783180
0.90835529
0.90355778
0.55956839
0.73760674
0.42031114
0.81180557
0.69686019
0.56687197
0.61935583
0.82900151
0.79500788
0.64541496
0.88966346
0.81556835
0.91921711
0.96328888
0.90226891
0.95090590
0.57246035
0.62412757
0.71185080
0.92968097
0.65020524
0.85150020
0.66215940
0.58538326
0.73220889
0.85081401
0.85058656
0.57258272
0.86684371
0.64299889
0.78905619
0.83952128
0.85327032
0.78367564
0.97116624
0.82992051
0.91112527
0.53152589
0.95239442
0.87578907
0.74422232
0.71662175
0.72567025
0.69711243
0.36706994
0.92684140
0.54903556
0.54385259
0.80493821
0.72466277
0.74946862
0.74019938
0.37158887
0.93372164
0.53120083
0.40002622
0.54252125
0.36260291
0.88444077
0.87709071
0.68238120
0.79694347
0.51635454
0.56144650
0.83013632
0.49669824
0.72880273
0.81219943
0.75600005
0.50030265
0.68584739
0.77291612
0.81893877
0.45281705
0.70103345
0.90999350
0.91842176
0.68701108
0.44177001
0.65498120
0.85015446
0.59388038
0.54312783
0.54089586
0.93040313
0.74876133
0.54233100
0.46378138
0.90317815
0.97093355
0.57216568
0.63051909
0.83180961
0.79907192
0.78736340
0.62653263
0.94407879
0.83528035
0.94944786
0.59947616
0.47253648
0.27189178
0.78752617
0.82566655
0.53234125
0.80319568
0.49469259
0.85433785
0.37798173
0.49589826
0.62413275
0.52516691
0.74427059
0.83853120
0.77103156
0.93199096
0.86958110
0.80069894
0.85685955
0.96233975
0.94737285
0.54936768
0.95104825
0.57343395
0.60148838
0.53618199
0.78794778
0.87066196
0.77841764
0.91463911
0.67086828
0.96010059
0.29029030
0.91922152
0.83311504
0.92118549
0.39309619
0.85624959
0.82944108
0.95388483
0.41956809
0.36372003
0.81984362
0.86281837
0.81533509
0.64677519
0.50711929
0.90981669
0.92608194
0.43972179
0.80020373
0.86951902
0.86811876
0.75183312
0.88564754
0.78849881
0.57975548
0.44217966
0.87284773
0.74964509
0.69654481
0.73664272
0.78614693
0.79409312
0.88436375
0.75205984
0.53470007
0.91302015
0.86166047
0.62825604
0.97427374
0.38679860
0.39802392
0.90421322
0.32531329
0.92496267
0.91734216
0.41655459
0.88563430
0.50516448
0.68811778
0.96294106
0.62914099
0.72425342
0.63955261
0.52300483
0.70573494
0.77635278
0.82141314
0.79621090
0.96572549
0.75344604
0.54232946
0.67982106
0.74826477
0.84142432
0.40842025
0.50210450
0.88807691
0.61202456
0.86866319
0.74658650
0.92038259
0.45564186
0.90251958
0.84812428
0.33604815
0.90667963
0.76327122
0.90962342
0.79647329
0.61962109
0.94584840
0.95861328
0.90556532
0.68616755
0.78442248
0.84323366
0.95204913
0.54737644
0.75917600
0.51358115
0.89687229
0.88001617
0.77402789
0.86539645
0.78307821
0.51042104
0.53900849
0.93645363
0.52273179
0.73266796
0.84202326
0.45558195
0.65703535
0.48877190
0.68554371
0.82908900
0.70879679
0.83865542
0.81045501
0.90550897
0.88615734
0.84013347
0.68819511
0.94533827
0.66561786
0.87927412
0.52701567
0.95405350
0.54174185
0.83425443
0.76283156
0.58175304
0.89739118
0.78462492
0.90990563
0.80658783
0.78244637
0.80647343
0.56523614
0.96276318
0.49187581
0.92898233
0.85009718
0.83311294
0.96267876
0.92321350
0.60371771
0.60791750
0.93507867
0.93413573
0.90670230
0.94480195
0.86196906
0.70138445
0.37606065
0.34010421
0.97545442
0.79504871
0.91682770
0.84921437
0.64389833
0.84324619
0.86016789
0.81121000
0.86713917
0.52296933
0.89502151
0.51824316
0.67979431
0.92770544
0.85769603
0.75084986
0.81033147
0.46535656
0.85656145
0.62697418
0.79450378
0.92181433
0.98746788
0.83033533
0.42290184
0.91695890
0.71550352
0.89519024
0.93965151
0.96536278
0.95704563
0.87868145
0.46375973
0.95496281
0.27150685
0.73022479
0.90154280
0.56414230
0.56290674
0.95868087
0.95232736
0.83252857
0.92676134
0.92291544
0.91157660
0.47652520
0.75496190
0.80242058
0.53087582
0.63404267
0.88483764
0.41047753
0.77818081
0.72614767
0.93633534
0.72795687
0.86125631
0.68194728
0.67151169
0.53212319
0.56688439
0.86364633
0.90195924
0.74130809
0.91714868
0.94363447
0.74761772
0.75332296
0.80555972
0.47441212
0.94696713
0.95126163
0.95613961
0.60260214
0.94377643
0.93661341
0.92214556
0.60354650
0.78175219
0.75178335
0.92449312
0.72242308
0.98394079
0.71215917
0.72571277
0.91983401
0.93995442
0.63815131
0.91855606
0.75789353
0.89740643
0.83430722
0.32793802
0.55879174
0.68816405
0.59914667
0.70455689
0.96286890
0.92374312
0.78908053
0.93391505
0.85845393
0.65561197
0.67847534
0.54952562
0.96898684
0.85213330
0.77055462
0.79986882
0.78315439
0.75070147
0.67859549
0.82662133
0.89317650
0.37313130
0.61850550
0.86809719
0.39540265
0.88219674
0.82209422
0.88073493
0.77252443
0.20996930
0.94176745
0.85547684
0.83872198
0.82067463
0.85790597
0.80196567
0.92116343
0.45581179
0.81014584
0.95486855
0.85289547
0.93331441
0.84690255
0.89019868
0.49710398
0.55568148
0.58936341
0.87810380
0.64465129
0.65807426
0.85361474
0.92655769
0.73916489
0.82354374
0.71099907
0.74116344
0.79738057
0.26957408
0.75871893
0.87713620
0.54843677
0.94985389
0.84079704
0.46942548
0.91912006
0.96747296
0.65071780
0.75376920
0.80237704
