# NTRAJ	1000
0.28166122
0.18061432
0.19759006
0.31481831
0.22741700
0.25743424
0.37451500
0.33475888
0.25784821
0.22298012
0.27069007
0.29217074
0.15226839
0.17441692
0.18267001
0.37974614
0.29512601
0.19809298
0.27660502
0.24562134
0.29882785
0.25361024
0.28655977
0.27083162
0.32962218
0.29906630
0.24093398
0.37228124
0.19746166
0.31904774
0.23533339
0.24333431
0.38310342
0.20842678
0.29034271
0.14214304
0.37113483
0.23768213
0.22638743
0.40657029
0.26774922
0.18586629
0.18788641
0.33635881
0.21237514
0.15160882
0.19608841
0.28459502
0.30012163
0.19825671
0.21656991
0.28094189
0.28190611
0.21168269
0.28512784
0.28914463
0.25729217
0.29846031
0.13425267
0.35773370
0.25469459
0.08137388
0.23096429
0.18333230
0.30668005
0.24781315
0.14106297
0.22646960
0.27744998
0.26963429
0.37663122
0.22045673
0.17236655
0.29381761
0.23159884
0.27652470
0.36845597
0.37378891
0.41666282
0.19333151
0.30461580
0.33871070
0.15860625
0.23552347
0.39894213
0.24744845
0.22832272
0.24053828
0.22032358
0.37185915
0.31649904
0.19066597
0.27480772
0.15853614
0.22515798
0.25231041
0.26332013
0.31642493
0.24643384
0.28432705
0.33874375
0.27905738
0.37795824
0.39060426
0.30440440
0.31449605
0.26123710
0.24800789
0.14276548
0.16117026
0.09609061
0.31252624
0.20665403
0.34361137
0.24567308
0.21239615
0.22041060
0.15486250
0.14017487
0.25093436
0.26606850
0.32628718
0.29312326
0.34752689
0.28662394
0.22154354
0.23806420
0.12681259
0.33158836
0.30278442
0.32798241
0.16748918
0.23699614
0.19544887
0.21065407
0.20948327
0.24110654
0.21222647
0.26383456
0.23455680
0.26057683
0.09053057
0.21280025
0.26237025
0.26679027
0.19222039
0.22542009
0.24955957
0.24887620
0.20620991
0.24183894
0.24395234
0.28583931
0.12745620
0.23965333
0.28990868
0.16268173
0.24748117
0.35750704
0.20935329
0.24415958
0.35025613
0.24901891
0.27911197
0.07462554
0.22286158
0.21962597
0.11717466
0.22127069
0.16736686
0.38685821
0.23610111
0.22946473
0.32013130
0.30350758
0.28273606
0.24497610
0.11279684
0.30374594
0.27743863
0.16820603
0.33604307
0.23517844
0.26361861
0.27462939
0.22538212
0.25525433
0.25028232
0.07945174
0.27679960
0.38594284
0.33234394
0.26421300
0.27170245
0.32421016
0.21233076
0.23928782
0.29605767
0.11068103
0.29865468
0.24376899
0.23563060
0.17758152
0.13721047
0.37620594
0.25064227
0.18963783
0.40086316
0.13857595
0.20676017
0.23200075
0.26520662
0.25816951
0.27735115
0.19009053
0.29144861
0.30876672
0.22771834
0.32010255
0.33750020
0.20477533
0.31785672
0.25291789
0.36797565
0.33442737
0.31587225
0.32883989
0.31292002
0.12073917
0.21538672
0.15474048
0.25312455
0.19523247
0.23588791
0.45583265
0.22190449
0.30485383
0.30638785
0.12029226
0.19754440
0.22637243
0.33079522
0.27775447
0.23285582
0.15453830
0.26003156
0.10473984
0.36824194
0.09489776
0.18686636
0.26797245
0.25205920
0.25376272
0.17611212
0.29336081
0.09905802
0.31427606
0.37608204
0.37642364
0.21475495
0.28527043
0.29601022
0.24257701
0.10667260
0.21067264
0.26194233
0.17956421
0.33519158
0.28998396
0.24657064
0.15159783
0.27401413
0.26941831
0.17825559
0.24868785
0.19711870
0.16296765
0.38804764
0.24404121
0.28547867
0.34563516
0.32044089
0.27469569
0.29380667
0.34479742
0.25122681
0.31218804
0.16376202
0.11390228
0.26294399
0.25640792
0.28472435
0.16042863
0.22620688
0.23707107
0.29862121
0.27892064
0.25498118
0.37993943
0.23287806
0.27525396
0.20343783
0.07349064
0.39391334
0.34005375
0.24649085
0.27412453
0.16569252
0.23069079
0.31626095
0.32258272
0.23766508
0.24442478
0.35039509
0.27556792
0.20779509
0.18575568
0.08400926
0.20796002
0.39093654
0.33059318
0.26897784
0.25591745
0.20504575
0.15247338
0.28732642
0.20046107
0.29168770
0.23757762
0.18986236
0.29219984
0.19682886
0.27220680
0.37349774
0.32491548
0.38104542
0.30822536
0.19985915
0.35956155
0.14190430
0.33845488
0.24495440
0.11564215
0.27821066
0.07187476
0.23894335
0.30065014
0.42590033
0.36849976
0.29895909
0.22593225
0.31890366
0.30782160
0.31915167
0.25521375
0.31759763
0.21207692
0.12021169
0.34129354
0.29507085
0.30062955
0.21652655
0.29936736
0.26712138
0.24621662
0.11323377
0.33188333
0.12468793
0.19001484
0.24986274
0.24283451
0.19370892
0.11511192
0.19246847
0.23528008
0.18462614
0.45600213
0.30261208
0.31994566
0.26728491
0.31909231
0.29427729
0.20779729
0.15048978
0.28944918
0.18524247
0.26757507
0.40142519
0.21764992
0.13367911
0.31474065
0.22479605
0.17667274
0.22342721
0.28245472
0.27183415
0.28125245
0.26445925
0.39036590
0.22405918
0.19422678
0.12452030
0.32540066
0.22894151
0.34033627
0.24260581
0.21431968
0.24941795
0.22897461
0.29965395
0.10400735
0.19425962
0.23964973
0.19566153
0.18736763
0.17928451
0.21676012
0.39450662
0.07746154
0.26381936
0.30000748
0.22457103
0.44290016
0.09417396
0.32943922
0.26715490
0.11841596
0.26205689
0.28852007
0.25867307
0.33270181
0.35584180
0.21351594
0.06571865
0.21841350
0.27778044
0.23420421
0.27302766
0.25368187
0.28859849
0.08710793
0.20098120
0.31338097
0.20410288
0.26714593
0.27155117
0.26602288
0.16114620
0.42953519
0.27243911
0.22875028
0.34461669
0.19627413
0.37588121
0.40734035
0.32374334
0.24947670
0.26238624
0.24256549
0.39172734
0.40186010
0.30345111
0.33348039
0.26474504
0.25013433
0.20545015
0.39766793
0.20911035
0.27191715
0.22681288
0.20866167
0.28092656
0.21305846
0.40012528
0.18378077
0.25413705
0.09758480
0.28798783
0.30516673
0.20766959
0.30002200
0.32159185
0.37011654
0.25775748
0.21792787
0.13302754
0.24168415
0.13638073
0.20380450
0.23548131
0.26456884
0.13079742
0.24823235
0.26496563
0.31874718
0.24961395
0.19249313
0.30597811
0.22852490
0.21373907
0.39578521
0.21484574
0.13978667
0.28701533
0.41149736
0.06905835
0.41662975
0.16739227
0.26112635
0.25567870
0.32200933
0.28455528
0.27552775
0.22541409
0.29450585
0.26714070
0.37956799
0.35228855
0.31177089
0.23723704
0.17019409
0.21684751
0.26521696
0.36617621
0.28156063
0.29227137
0.23546994
0.31224795
0.09332836
0.11373313
0.25748751
0.40691382
0.35321480
0.25143754
0.26429519
0.30276183
0.16831945
0.12356768
0.25806769
0.27400699
0.20264408
0.22117547
0.31732176
0.18072992
0.22557385
0.28051962
0.25787912
0.24737813
0.23789434
0.32184021
0.19764249
0.20510679
0.20677796
0.26420063
0.29524049
0.29689810
0.22555748
0.24092056
0.30251094
0.29035182
0.23977417
0.14620894
0.12165139
0.24364503
0.31556329
0.23912981
0.26008356
0.27047691
0.28592648
0.23658662
0.22688119
0.25474615
0.24293630
0.37234520
0.28786615
0.27763273
0.29041557
0.25294201
0.16142926
0.17091552
0.35783874
0.41148754
0.21393772
0.27050958
0.19117145
0.19926695
0.19766855
0.14355632
0.45858333
0.28924922
0.29709419
0.24580469
0.27940427
0.30222521
0.22182328
0.19130165
0.32878085
0.09353529
0.36029724
0.30797163
0.25423022
0.37818631
0.22853481
0.29068553
0.22614058
0.28508560
0.23689557
0.06047324
0.12691704
0.30665952
0.27477503
0.29195249
0.19848930
0.41283920
0.17995844
0.32248478
0.35405243
0.33678146
0.36810282
0.30080875
0.08147780
0.18402930
0.29540727
0.19324594
0.26379370
0.25819396
0.30239888
0.43414479
0.26878326
0.26979766
0.37651614
0.26642377
0.07097959
0.21606600
0.28453637
0.26511191
0.22888615
0.23688864
0.25890757
0.22550038
0.29907274
0.28706759
0.17860640
0.21716676
0.26663151
0.21982586
0.27146683
0.34674685
0.23269408
0.26797256
0.23205836
0.19864576
0.26799368
0.38802273
0.22075546
0.22239353
0.25611033
0.20520083
0.25766203
0.33620386
0.20991174
0.19494461
0.37354859
0.20844905
0.31029653
0.18167520
0.17179697
0.21271230
0.29464693
0.21651616
0.28724401
0.16515131
0.29148947
0.28570458
0.22060016
0.27534400
0.27340066
0.18161084
0.26023926
0.24511895
0.14046505
0.24534836
0.26833011
0.31456789
0.13743168
0.31598505
0.33004908
0.35480688
0.40356173
0.24537009
0.21605359
0.23512799
0.32342613
0.25096044
0.21341733
0.08674800
0.20989025
0.29999446
0.08407524
0.39145933
0.23545450
0.32211028
0.27234683
0.27730313
0.42897185
0.22722109
0.32749622
0.16366862
0.19929594
0.26938108
0.25307152
0.31382491
0.28422329
0.09878969
0.19264645
0.29803160
0.32425466
0.17003316
0.16201495
0.22559576
0.34446137
0.06708253
0.24442690
0.30768860
0.18952151
0.31189269
0.26490290
0.23609835
0.32879720
0.33151129
0.22503344
0.16098373
0.08970903
0.25800661
0.19221653
0.28720985
0.31453634
0.27276372
0.26368706
0.12787405
0.24039351
0.42432783
0.24712947
0.09533848
0.13724325
0.30932864
0.21863571
0.26601594
0.11654742
0.27701830
0.08694501
0.22208710
0.32912033
0.34409050
0.23328185
0.23543445
0.23062963
0.23875357
0.25887574
0.24619558
0.07365264
0.41484268
0.35308875
0.28372154
0.32551490
0.30932814
0.17873342
0.13449531
0.21751828
0.27141142
0.22257570
0.24339862
0.26720978
0.33257135
0.37410987
0.28500361
0.27638659
0.21095660
0.22068681
0.23643821
0.10257558
0.30973035
0.23965121
0.21566438
0.27238543
0.24858777
0.34990647
0.26627522
0.40132907
0.33050032
0.26508034
0.25370906
0.34353328
0.30523115
0.24804348
0.15316203
0.16824953
0.29888282
0.27311099
0.23135388
0.17176016
0.13887783
0.28789129
0.21048680
0.26740366
0.23789323
0.10248707
0.27698593
0.22847653
0.22710349
0.23672960
0.26405304
0.42542944
0.11068794
0.33169609
0.38009569
0.28903427
0.22376078
0.36514899
0.23381428
0.33797157
0.14435291
0.28101329
0.16851272
0.24532138
0.13011112
0.24172911
0.35796653
0.28038959
0.31506177
0.17071404
0.27177474
0.27771853
0.35553438
0.28062826
0.32990710
0.13107136
0.25251092
0.41985793
0.22231315
0.22187336
0.29525937
0.20567276
0.20939176
0.24575509
0.31684024
0.36832047
0.27626248
0.24837866
0.31316802
0.31400770
0.31911129
0.30997265
0.21246448
0.22678165
0.18740674
0.29004121
0.35406813
0.25875119
0.40459315
0.23472400
0.25950948
0.18029245
0.25605204
0.25670015
0.24278671
0.22836548
0.27600165
0.24876257
0.24767062
0.09937291
0.28222194
0.25167009
0.07735524
0.14006021
0.33716134
0.36039786
0.26248457
0.16461909
0.36178431
0.23268393
0.23222502
0.11867409
0.10158841
0.11636551
0.27098589
0.19823136
0.28549078
0.25419884
0.23151321
0.23938718
0.22983107
0.36544776
0.31383653
0.32193581
0.25997475
0.22246034
0.29438726
0.29525202
0.32833437
0.26403208
0.29755073
0.22195318
0.15990623
0.27768641
0.09830247
0.38966484
0.25758054
0.22912722
0.27551364
0.16855514
0.34119010
0.36261611
0.24099042
0.25234809
0.23735897
0.21639237
0.26424271
0.13112754
0.42162999
0.33858112
0.36640079
0.27370607
0.07386224
0.35006272
0.21214397
0.28905607
0.34451948
0.25558333
0.21291754
0.35420820
0.23741155
0.22066543
0.28470517
0.28700154
0.27119447
0.36853675
0.36909221
0.28226137
0.08587282
0.18615768
0.11111426
0.24967470
0.36637172
0.25121886
0.38339692
0.15971929
0.28794125
0.41409222
0.17809487
0.29888536
0.34432026
0.23341767
0.23776229
0.24221493
0.32013284
0.23960045
0.41376140
0.30318807
0.20468075
0.11362401
0.26964598
0.46238496
0.37782990
0.31203049
0.25876430
0.22204842
0.30656177
0.42576161
0.12278540
0.26921076
0.16416860
0.22711954
0.31482859
0.25825485
0.12612850
0.33438633
0.31132434
0.31465896
0.21774929
0.22111685
0.31810288
0.09884990
0.11609307
0.28331163
0.20807023
0.26552321
0.21767717
0.28417023
0.23676880
0.21322466
0.12786269
0.35949481
0.20513989
0.22449741
0.22254509
0.13973705
0.38460513
0.30532092
0.26786136
