# NTRAJ	1000
0.77357094
0.41598532
0.65454738
0.51686590
0.50098677
0.60636284
0.42874830
0.77568001
0.40512453
0.70880542
0.46391700
0.71012909
0.86220692
0.81905229
0.43211406
0.92848385
0.56414148
0.81737262
0.84436730
0.89686476
0.94463356
0.47683969
0.50458645
0.68531193
0.44303931
0.71667269
0.73742943
0.71613536
0.48558622
0.39481616
0.73595834
0.79477312
0.64300028
0.42924728
0.45544675
0.79265901
0.40425065
0.94878361
0.69593180
0.54392416
0.55540379
0.88643358
0.50780886
0.37997301
0.88323830
0.95799627
0.73527719
0.73486850
0.51678075
0.70610550
0.78552973
0.82539746
0.77828855
0.65094216
0.89934474
0.46648708
0.87566106
0.46804948
0.55644385
0.84075497
0.79021511
0.43107210
0.77873537
0.83370107
0.74113521
0.55113358
0.44869715
0.73491228
0.79041449
0.56831403
0.35351703
0.80190086
0.75674339
0.74988151
0.97823427
0.55241868
0.86468115
0.28072494
0.72164515
0.78551274
0.28528506
0.70061549
0.53127437
0.65709871
0.91179316
0.93345311
0.61592169
0.71252471
0.21929913
0.41581865
0.60549668
0.93277376
0.92207779
0.72707749
0.76776698
0.82079598
0.93831173
0.62450692
0.71510455
0.63138634
0.50188739
0.90282338
0.71752581
0.87135703
0.68777032
0.52535064
0.61480035
0.82977225
0.61285984
0.61792487
0.55767136
0.90082945
0.64649875
0.89284556
0.45848733
0.49682362
0.74335071
0.64707437
0.78368757
0.61681163
0.89461192
0.49409394
0.49438343
0.86385383
0.81357014
0.43307122
0.77155031
0.71880800
0.81269266
0.29257565
0.48086677
0.88517660
0.86824063
0.44279259
0.75109694
0.67567524
0.90350935
0.84402514
0.36163209
0.77943228
0.77507023
0.49280377
0.95606858
0.62745660
0.62722695
0.83099976
0.75684764
0.33826101
0.82568994
0.40720824
0.83961081
0.86888508
0.76405732
0.91555076
0.85720456
0.87943981
0.92879091
0.76419574
0.69108634
0.60566359
0.83060451
0.78863431
0.30886855
0.67559455
0.43587432
0.74973154
0.90165066
0.82262758
0.89751252
0.76241006
0.73230089
0.43590949
0.71422759
0.59872260
0.74172294
0.53608193
0.32199570
0.63256032
0.73110957
0.89042490
0.95348124
0.38724759
0.64578320
0.69752371
0.37393180
0.94914590
0.65263122
0.78144440
0.41086977
0.87199379
0.90696164
0.71958346
0.51918310
0.81350247
0.79364253
0.80090508
0.66412569
0.44681048
0.64598178
0.86527010
0.75038332
0.73957790
0.86657545
0.62593457
0.73563387
0.59294692
0.45927006
0.57292594
0.44649612
0.87784554
0.50958352
0.85512772
0.37816094
0.69039991
0.66583027
0.40659213
0.54956445
0.49948715
0.83720151
0.49591640
0.90297593
0.83565584
0.42122438
0.40023687
0.79565757
0.45914877
0.66511871
0.79629625
0.59215538
0.40382479
0.96291758
0.74167850
0.58520844
0.63829598
0.80619826
0.26482548
0.85882551
0.62106066
0.38392381
0.84289947
0.54078227
0.29396811
0.32262679
0.39037247
0.80622452
0.83517265
0.38516628
0.62489631
0.86587797
0.52067866
0.83452762
0.81129933
0.77981762
0.46742535
0.86434101
0.68403399
0.62518850
0.69404842
0.86691246
0.76564503
0.73434695
0.88391843
0.56699172
0.81374763
0.61136896
0.80271247
0.49604876
0.39821793
0.59893018
0.85793939
0.90561231
0.89757570
0.52612369
0.47011205
0.79169077
0.66499056
0.65499605
0.65812486
0.84753258
0.49884250
0.72620807
0.31615259
0.81131071
0.84940671
0.47185153
0.69203117
0.76394502
0.92093899
0.77264169
0.70753121
0.63998227
0.85096114
0.86560537
0.88903882
0.46030663
0.77092969
0.47656500
0.84832692
0.69806377
0.66009701
0.72895075
0.50480247
0.85805560
0.86321802
0.72333105
0.88822490
0.81885984
0.62889959
0.71676858
0.81625344
0.89867310
0.62571800
0.86288690
0.55996882
0.60365391
0.52286460
0.92105501
0.43847347
0.79244129
0.56076780
0.91135965
0.32727306
0.44303347
0.95517588
0.43528568
0.63937392
0.89146562
0.60262523
0.34841394
0.57587621
0.77079656
0.75180068
0.43584563
0.38379138
0.76931128
0.87215228
0.44816000
0.45724501
0.45224676
0.77646298
0.75783840
0.85766853
0.81672506
0.49307401
0.93649836
0.71997092
0.83881302
0.54622067
0.85147171
0.26775104
0.88737979
0.67259081
0.77948121
0.39142994
0.62597631
0.71552851
0.71761391
0.87923511
0.65782620
0.79720089
0.48069027
0.90039806
0.85756002
0.80801229
0.58264292
0.77702386
0.78437229
0.51057810
0.88714445
0.88670962
0.81487538
0.59782664
0.60278982
0.62733295
0.80743506
0.81327594
0.85010487
0.58509867
0.57160259
0.80412331
0.55149145
0.46090324
0.63367418
0.57632844
0.47662122
0.29630570
0.80356936
0.81282224
0.85701944
0.67954734
0.90750885
0.80464893
0.53806853
0.58811841
0.61672336
0.93141102
0.69417521
0.69281006
0.74519076
0.76489816
0.65625423
0.49442402
0.39071304
0.41736383
0.39595872
0.30904400
0.59237436
0.50827188
0.79726698
0.85057107
0.90192507
0.44647846
0.42987535
0.77677386
0.40467740
0.49910852
0.55671897
0.63645507
0.68558438
0.68168226
0.65065345
0.69587148
0.71412356
0.61247538
0.68246260
0.58574295
0.69693820
0.37594729
0.70981062
0.45742424
0.83209370
0.77149853
0.70085631
0.88780303
0.38246008
0.94778356
0.93426470
0.75389402
0.70119477
0.82478498
0.25514936
0.84609030
0.57536723
0.89085122
0.76145388
0.85281854
0.45067264
0.41366913
0.70479033
0.76568853
0.60674528
0.42784970
0.72168096
0.42904903
0.60169766
0.63353153
0.87369193
0.66709799
0.61112003
0.64570457
0.81340451
0.79191503
0.76263583
0.80220622
0.64793647
0.78769856
0.84174619
0.64745056
0.51353574
0.62237100
0.76323628
0.64305071
0.54537937
0.58971566
0.90261113
0.36007547
0.87012514
0.53591553
0.91441421
0.91441928
0.74700082
0.27155283
0.91996146
0.86179245
0.80693710
0.39627179
0.77833254
0.79818937
0.95670060
0.39301746
0.33026865
0.41156676
0.80086611
0.43304942
0.36781046
0.92490282
0.71208928
0.90986554
0.43541122
0.48079541
0.67320083
0.51556411
0.82850291
0.62216038
0.87491658
0.64108709
0.69719779
0.54145723
0.59167490
0.73227083
0.86476730
0.49440405
0.81644162
0.42705531
0.32690790
0.61339736
0.48207080
0.57399261
0.64434614
0.37822392
0.52403909
0.55372688
0.95355036
0.50227679
0.83413785
0.74894514
0.89603854
0.63898111
0.70479680
0.72535865
0.87695380
0.44813047
0.92397506
0.83366833
0.91371198
0.52593606
0.84172075
0.57641037
0.50269905
0.61689247
0.76822254
0.88068317
0.72888071
0.71323601
0.72626569
0.68880281
0.80820550
0.54502175
0.87189931
0.67586012
0.76983922
0.82715138
0.78216167
0.40434707
0.31033118
0.82128056
0.80484124
0.68684504
0.30557197
0.58411458
0.40148109
0.44378028
0.60044108
0.87235147
0.57194923
0.57782891
0.67716483
0.41347441
0.77285167
0.43343933
0.82913154
0.62229479
0.53369405
0.63360193
0.87819472
0.76167719
0.90384620
0.49690327
0.37811741
0.56289580
0.84973524
0.69600674
0.49177190
0.27597218
0.86540537
0.69292305
0.67371736
0.44904367
0.73681233
0.96698122
0.77744219
0.93329908
0.96214182
0.51572987
0.52237244
0.82981698
0.78284881
0.66617852
0.75525030
0.78933189
0.44189976
0.86732300
0.88200950
0.72964491
0.49947332
0.57317740
0.57052791
0.59358897
0.48996390
0.95756386
0.56356991
0.40611099
0.62966005
0.52819224
0.67947417
0.85541604
0.69322966
0.64254328
0.87878783
0.88967731
0.69739851
0.77196166
0.82828811
0.29963167
0.92563163
0.64338225
0.82751523
0.80496702
0.87874754
0.66590174
0.43814578
0.40896454
0.92734177
0.73836606
0.88073121
0.43179782
0.85205225
0.52301123
0.50318003
0.55867286
0.82234845
0.28692820
0.92313397
0.65470109
0.47594016
0.43625850
0.62233096
0.81990249
0.73097987
0.92365796
0.73284939
0.75941627
0.56935928
0.82476523
0.51178582
0.86544832
0.84354387
0.36453849
0.52631028
0.36729836
0.67287901
0.53170348
0.55623890
0.49964122
0.37753701
0.91733720
0.58436888
0.80435028
0.55017861
0.76417842
0.75216038
0.90495501
0.76921628
0.37071254
0.68831187
0.64711742
0.85714426
0.73193035
0.85506387
0.41774921
0.78623508
0.87145586
0.45449077
0.91644082
0.78757166
0.46211508
0.61690121
0.45140386
0.86254532
0.52352983
0.82086149
0.68010271
0.57096338
0.91528077
0.64223677
0.94459610
0.77674893
0.60014103
0.60169179
0.31362060
0.63882487
0.32455804
0.57665549
0.84236347
0.64988160
0.47212905
0.27221138
0.62067443
0.88153533
0.92721123
0.72428379
0.53671373
0.48681672
0.86124625
0.96250755
0.96775195
0.54817020
0.55986992
0.64375859
0.26145025
0.39517598
0.54159345
0.76306310
0.40021559
0.73383235
0.32234870
0.43128485
0.52644333
0.75653788
0.83134572
0.82671933
0.85634852
0.50404586
0.64628042
0.79858564
0.93522900
0.46180055
0.70153665
0.48632173
0.71173014
0.42960722
0.46273787
0.76982323
0.58042926
0.70332056
0.47413533
0.82574944
0.56980685
0.85647546
0.76547067
0.89932724
0.65340772
0.80918220
0.57366115
0.87473830
0.88806800
0.88170513
0.52677167
0.85378837
0.74292027
0.83404717
0.75118191
0.30912781
0.70043137
0.75916552
0.64637454
0.57183133
0.73134840
0.69912075
0.92495816
0.58194670
0.82945698
0.74627757
0.74239342
0.71862867
0.40145075
0.53388303
0.66554923
0.71709679
0.59381571
0.42617196
0.87065156
0.69581196
0.53820578
0.55792810
0.50828988
0.75481203
0.62536933
0.93284155
0.71444611
0.90729811
0.52497266
0.58741017
0.85369627
0.77181593
0.64626846
0.65318273
0.59797642
0.72599284
0.49039341
0.63029173
0.55643398
0.40564772
0.83364060
0.55257651
0.44506112
0.65475782
0.62060874
0.46537439
0.93695729
0.54173843
0.28785668
0.83389117
0.65463326
0.35347934
0.88401498
0.81548308
0.59202286
0.42626747
0.82647226
0.38261925
0.66705541
0.85983553
0.93539732
0.46356129
0.29521105
0.46455430
0.93356507
0.86261687
0.48070266
0.87483260
0.57502404
0.90613051
0.77430530
0.93423355
0.91702399
0.75404602
0.90862491
0.37208469
0.70318623
0.69226632
0.95268680
0.47310911
0.70358251
0.61320044
0.82976482
0.44192260
0.78456959
0.84134781
0.59369428
0.93168692
0.39034015
0.93013536
0.53211367
0.77913348
0.60126612
0.53317220
0.72185954
0.87282984
0.58160505
0.47608060
0.80508000
0.56790164
0.72763088
0.68526007
0.87697821
0.52718479
0.73323628
0.36891659
0.82192517
0.84288800
0.79518447
0.58700465
0.60514058
0.81460550
0.89676258
0.30617639
0.92689769
0.30693192
0.87257609
0.95386138
0.60969739
0.70934687
0.72792729
0.81658009
0.92208422
0.92910649
0.56112288
0.88734497
0.43039052
0.58215476
0.97237609
0.60961882
0.94160256
0.90932251
0.47973116
0.90237925
0.45106713
0.71051531
0.57934043
0.69740207
0.57176769
0.63756598
0.93795782
0.41197874
0.57946192
0.71514145
0.62877151
0.90374313
0.66370791
0.95705776
0.85627134
0.63826109
0.78462296
0.74424399
0.59814105
0.79804575
0.68557479
0.54063916
0.90281623
0.75933482
0.76529385
0.59930562
0.85787997
0.36828072
0.35566853
0.58490043
0.69263905
0.80701190
0.33120638
0.65004709
0.40894437
0.92888042
0.48598786
0.63711002
0.92048887
0.45862615
0.91780971
0.58576216
0.80730532
0.85497873
0.42703752
0.42958902
0.55492762
0.90048757
0.73100589
0.72168769
0.66538276
0.95997305
0.91884223
0.53661376
0.48409593
0.56033980
0.45390965
0.80709191
0.58402773
0.85957777
0.78215164
0.35967698
0.85713270
0.79872209
0.56704660
0.35338130
0.59347220
0.22780869
0.62921199
0.55921660
0.52606464
0.88150787
0.50040539
0.59623946
0.52528292
0.70346836
0.66060327
0.89989560
0.74165424
0.42307809
0.48759074
0.68538367
0.72158301
0.93993518
0.51499697
0.46983024
0.90421945
0.57382125
0.45658875
0.63940222
0.76749455
0.45338787
0.42578304
0.45104289
0.75429462
0.85775375
0.70539704
0.90827737
0.57193982
0.79757583
0.85625469
0.67760388
0.52163531
