# NTRAJ	1000
0.18048089
0.17906433
0.17912992
0.17860352
0.17685350
0.17331713
0.17989428
0.17597122
0.18012038
0.18011765
0.18026220
0.17988050
0.17973499
0.18014503
0.17982724
0.18045353
0.18037689
0.17982335
0.18045778
0.17402178
0.18065178
0.17995609
0.17956762
0.17487455
0.17535851
0.17859176
0.17749285
0.17472219
0.17827869
0.18066592
0.18037095
0.17880993
0.17987693
0.18062922
0.18066341
0.18067698
0.17961345
0.18047899
0.18029974
0.18011063
0.17938083
0.18055952
0.18023721
0.17634772
0.18051919
0.17709995
0.17968793
0.17460919
0.18055829
0.17897669
0.18045500
0.17890313
0.18049307
0.17965381
0.17758995
0.18064143
0.17763493
0.17859755
0.18026114
0.17918435
0.17849120
0.17604053
0.17787021
0.17998693
0.17905422
0.18072241
0.17912045
0.17909593
0.17936503
0.17976281
0.17995567
0.17857604
0.18014302
0.17320835
0.18052502
0.18044929
0.18022363
0.18045704
0.18052293
0.18065804
0.18032836
0.17792863
0.18029876
0.18070178
0.18041955
0.17810722
0.18000984
0.18072236
0.17704424
0.17922907
0.17509855
0.17553508
0.17834539
0.18011844
0.18038568
0.17702034
0.17924265
0.17213760
0.17839852
0.18029013
0.17484512
0.18029519
0.18012828
0.17681184
0.17949642
0.18035407
0.17971660
0.17953759
0.17795875
0.17763241
0.18060753
0.18043689
0.17550396
0.17955059
0.17722539
0.18012829
0.17747218
0.17789334
0.18069414
0.17979724
0.17932627
0.18070724
0.17860747
0.18006986
0.17975632
0.16717720
0.18009880
0.17983866
0.18020900
0.17821981
0.17981809
0.17753945
0.18054858
0.18004490
0.17802117
0.18065266
0.17959751
0.17731917
0.18018421
0.17993894
0.17952631
0.18044449
0.18054781
0.18021986
0.18052196
0.17974922
0.18067836
0.18022023
0.18066794
0.17542235
0.18002762
0.17987400
0.17741832
0.18046132
0.17950236
0.18038155
0.18055475
0.17947815
0.18061184
0.18008524
0.17991999
0.17974793
0.18043558
0.17952914
0.18038595
0.18042703
0.17858326
0.17980894
0.17524236
0.17884161
0.17953760
0.17136485
0.17505322
0.17887143
0.17369386
0.18039036
0.17827449
0.18047062
0.18053063
0.18046301
0.18025606
0.17255373
0.17963460
0.18000628
0.18070222
0.17813273
0.18028423
0.18063435
0.18007457
0.17752787
0.17942430
0.17851601
0.17951119
0.17800936
0.17831957
0.17829521
0.17815251
0.18045378
0.17961961
0.18067293
0.18064755
0.17954968
0.18056137
0.17581859
0.17884285
0.18064482
0.18021773
0.18062659
0.17780355
0.17055903
0.17884066
0.18049367
0.16588151
0.17884796
0.18020256
0.17959714
0.18035493
0.18032258
0.18026917
0.18014907
0.17895981
0.17895463
0.18055554
0.18053799
0.18057467
0.17939008
0.17413324
0.17289453
0.18070692
0.17982866
0.17855560
0.18019433
0.17055429
0.18056010
0.16568859
0.17295014
0.17913315
0.17842429
0.17047753
0.17341967
0.17971201
0.17458546
0.17998615
0.17598471
0.18036160
0.18039067
0.17748968
0.18020574
0.18038758
0.17801441
0.18001330
0.17952529
0.18025601
0.18009648
0.17868054
0.17673634
0.18058681
0.17834929
0.17812221
0.17857637
0.17847275
0.17999058
0.17834942
0.17847406
0.18043993
0.17964638
0.17955079
0.17717288
0.17990842
0.18019321
0.17970263
0.18008043
0.17831141
0.17883641
0.17594920
0.17729789
0.18057645
0.17804107
0.17343017
0.17963337
0.17683880
0.18034310
0.18039799
0.17891586
0.17984129
0.17649152
0.18038825
0.18041411
0.17756420
0.18048616
0.17991509
0.18049914
0.17923201
0.17784245
0.17957321
0.18028904
0.18039099
0.17556671
0.18018194
0.17766848
0.17957750
0.17950066
0.18026957
0.18070156
0.17735222
0.17997852
0.17971179
0.17972216
0.18024182
0.17904161
0.17902550
0.17869883
0.17960978
0.18042194
0.17381867
0.17526643
0.18038747
0.18037311
0.18022537
0.17762802
0.17628390
0.17843810
0.17898047
0.17879687
0.18068107
0.18012637
0.17992407
0.17656216
0.17810664
0.17986718
0.17866594
0.16643964
0.17039787
0.18045087
0.16971513
0.17510811
0.17950458
0.18058476
0.17720440
0.18064839
0.17457028
0.18021422
0.17810352
0.18021610
0.17685685
0.17733578
0.18007616
0.18055212
0.17658127
0.17495186
0.17987625
0.18028671
0.18073245
0.17992759
0.17990108
0.17979188
0.17814990
0.17160325
0.17935629
0.17978899
0.18040275
0.18018971
0.17896361
0.18013970
0.18027187
0.17850670
0.18010022
0.17615031
0.17983389
0.17142073
0.17940119
0.18043481
0.17910923
0.17422454
0.18045812
0.18056471
0.17945495
0.17653338
0.18011770
0.18014896
0.18063240
0.17975191
0.18009353
0.17352508
0.18058136
0.17071665
0.17950552
0.17778051
0.18037195
0.18009767
0.17707323
0.17736152
0.18042194
0.18072344
0.17542840
0.17848503
0.17939357
0.18027248
0.18034931
0.18055524
0.18064310
0.17966827
0.18046437
0.17595649
0.17871371
0.18009575
0.17913441
0.18011012
0.17930525
0.17804167
0.17386141
0.17890925
0.18056089
0.18056545
0.17934203
0.18052626
0.18059053
0.17777886
0.17933882
0.17089175
0.17640576
0.17989738
0.17489957
0.17756940
0.18002146
0.17849062
0.17898665
0.18027621
0.18026075
0.17659725
0.18030617
0.17801748
0.17727925
0.17833506
0.18030336
0.17902851
0.17529405
0.17217527
0.17888722
0.17254643
0.17747088
0.17972842
0.17808512
0.18001884
0.17331981
0.17917350
0.18003238
0.17701130
0.17809750
0.17621165
0.17667393
0.17814948
0.17682373
0.17868252
0.18053785
0.17602780
0.17847658
0.18049755
0.18007992
0.18048230
0.17543409
0.18057282
0.17980855
0.17989264
0.17998714
0.18001182
0.18009024
0.18006471
0.18006910
0.17610138
0.18023678
0.17729351
0.17993449
0.18045080
0.16793364
0.17946065
0.17410365
0.17425424
0.17149919
0.17579704
0.17780349
0.18019327
0.18019551
0.17913190
0.16927222
0.17904175
0.17819590
0.18060591
0.17951629
0.17876954
0.17925038
0.17796497
0.17895781
0.17780313
0.18000199
0.18013469
0.18069980
0.18040831
0.17912566
0.17631232
0.17966620
0.17471339
0.17572565
0.18035409
0.17627430
0.17962099
0.18057275
0.17978510
0.18065322
0.17969788
0.17760080
0.18003355
0.17738581
0.18030322
0.17797153
0.17928305
0.17966622
0.18069538
0.17963392
0.17896399
0.18041960
0.17877845
0.18041013
0.17769775
0.16867467
0.17431342
0.18054917
0.18041161
0.18039925
0.16716034
0.17797752
0.17988193
0.18006420
0.17572268
0.17826154
0.17925531
0.17986273
0.17969882
0.17457281
0.17974131
0.17827094
0.18028640
0.17932792
0.17410269
0.18056393
0.17938459
0.18011880
0.17941285
0.18049171
0.17939327
0.18058182
0.17579535
0.18036862
0.17803011
0.18065066
0.17232112
0.18057232
0.18019183
0.17844305
0.18067815
0.18028162
0.17395046
0.18041616
0.17744335
0.18023961
0.18048847
0.18059528
0.18027637
0.17033152
0.17430955
0.18042149
0.18004883
0.17917542
0.18059791
0.18016862
0.17879492
0.17431714
0.18001037
0.18019419
0.18044015
0.18068035
0.18021443
0.17987667
0.18014399
0.18027972
0.17625466
0.17639314
0.17965808
0.17934513
0.17904367
0.17385849
0.17994890
0.17972376
0.17999731
0.18004567
0.17968833
0.17902426
0.17806501
0.17860593
0.17650783
0.18045886
0.17681766
0.18063579
0.18036699
0.17865296
0.17499647
0.17619176
0.17707281
0.17976421
0.17791863
0.17978025
0.17830018
0.17496054
0.17959003
0.17821000
0.17839943
0.18057042
0.16836394
0.17921114
0.17843098
0.17962244
0.17760645
0.17984220
0.17997989
0.17974859
0.17685827
0.18053556
0.17870407
0.18067516
0.18058689
0.17970001
0.17733956
0.17838413
0.17676816
0.17932281
0.17994101
0.17956805
0.18027317
0.17780360
0.17999425
0.17923988
0.17450156
0.17852577
0.16854602
0.17988050
0.17815150
0.18072058
0.17580846
0.17769827
0.17991915
0.17911233
0.18060427
0.17841242
0.17550618
0.17772431
0.18002463
0.17530620
0.18061319
0.17535841
0.18011364
0.17474741
0.18033692
0.17971848
0.17708890
0.18032502
0.18036542
0.18052313
0.17851801
0.18034588
0.17834273
0.18036191
0.17172589
0.18015396
0.17839947
0.17932408
0.17978900
0.17993573
0.17737122
0.17907005
0.18038143
0.17690186
0.17950584
0.18059203
0.17945348
0.18044717
0.17989766
0.18006252
0.17835827
0.17933660
0.17738529
0.17808671
0.17744021
0.17414022
0.18045257
0.17495192
0.17451642
0.17852275
0.18016786
0.18042878
0.17539408
0.17867181
0.17987761
0.17867255
0.17978132
0.18035875
0.17661903
0.18013142
0.17883375
0.17965103
0.17963237
0.17891811
0.17795606
0.18049779
0.18039040
0.17841208
0.18033891
0.18056081
0.17924462
0.18039188
0.17636032
0.17807177
0.18029410
0.18040539
0.17722851
0.17762064
0.17669754
0.18057344
0.18058558
0.18059442
0.17017340
0.18029557
0.17764763
0.17753765
0.18067327
0.18017232
0.18005248
0.18066342
0.18067552
0.17883340
0.18054681
0.18035522
0.17515604
0.18027015
0.18041005
0.17979102
0.18003871
0.18025448
0.18020576
0.18019386
0.17904999
0.17672290
0.17980612
0.18002430
0.17819437
0.17995181
0.18062408
0.18016257
0.18017492
0.17962995
0.17988370
0.17907401
0.17570282
0.17438498
0.17444673
0.17928769
0.17962153
0.17945568
0.17960387
0.17369882
0.18020745
0.17530045
0.17655287
0.17969595
0.17644534
0.17963092
0.17877118
0.17978254
0.16584802
0.17837725
0.18021613
0.18046122
0.17906475
0.17732231
0.18026533
0.18006566
0.18031627
0.18072043
0.17653484
0.17979910
0.17975620
0.17980188
0.17980076
0.17590218
0.18048744
0.17639120
0.18049135
0.17864190
0.18018687
0.18030715
0.18052606
0.17866464
0.17983360
0.17758983
0.17905907
0.17981600
0.18058408
0.18041895
0.17865661
0.17768325
0.17834047
0.17833254
0.18026884
0.18033598
0.17917424
0.18008871
0.17831296
0.18035728
0.17994975
0.18028704
0.17834174
0.17921984
0.18018254
0.18037809
0.17776644
0.18031843
0.17761860
0.17618016
0.18048026
0.18067935
0.17897558
0.18036474
0.18054539
0.17987520
0.17860978
0.18026074
0.17928957
0.17995562
0.18019061
0.18021350
0.17938015
0.17386250
0.17963175
0.17903101
0.17999817
0.18058197
0.18021920
0.18056011
0.18004451
0.17905565
0.17764536
0.17901372
0.18068043
0.17852001
0.18017554
0.17914411
0.17597761
0.18066024
0.18057405
0.17533481
0.17776125
0.17803825
0.18040959
0.17673051
0.17977427
0.17151325
0.17956662
0.17947776
0.17646885
0.17953559
0.17957464
0.17721145
0.17949744
0.17399626
0.17371725
0.17937159
0.17623709
0.17973173
0.18013826
0.18057856
0.17811680
0.17846557
0.17781477
0.17817319
0.17940568
0.18010841
0.17811902
0.17788895
0.18032648
0.17722353
0.18005075
0.18010728
0.18059252
0.18046952
0.18014635
0.17037048
0.18062066
0.17914158
0.18041364
0.18030497
0.17885432
0.17823815
0.18003189
0.18056874
0.17959989
0.18061395
0.17983360
0.17428939
0.17928655
0.18046306
0.18045538
0.18003098
0.17955526
0.17666406
0.18018405
0.17647259
0.18030921
0.17707608
0.17923840
0.17947373
0.17837446
0.18055548
0.18011172
0.17625514
0.17824062
0.17510223
0.17631536
0.17734954
0.17693774
0.18031805
0.18005256
0.17942023
0.18049575
0.17903878
0.18003741
0.17847434
0.17527270
0.16846881
0.17802186
0.18018512
0.16733872
0.18030759
0.18068672
0.17941014
0.17849069
0.17896424
0.17368789
0.18069448
0.18032631
0.16874771
0.17567866
0.17993854
0.18060989
0.17990569
0.17948605
0.17888199
0.18037328
0.18011016
0.17617739
0.18072041
0.17734081
0.17301763
0.17677045
0.17862770
0.17510218
0.17750918
0.17709526
0.17927562
0.17927240
0.17238627
0.17673276
0.18075817
0.17940186
0.17843688
0.18017068
0.17847367
0.17843172
0.18051830
0.17899879
0.17974191
0.18066104
0.17922657
0.17998438
0.18051257
0.17998279
0.18022877
0.17775870
0.17773197
0.17870784
0.17990317
0.17728521
0.18037526
0.17543545
0.18020035
0.17964021
0.17923002
0.17806356
0.17969000
0.17816867
0.17698966
0.18063639
