# NTRAJ	1000
0.99980042
0.99956159
0.99302567
0.55979078
0.41258941
0.50317875
0.92478297
0.41258941
0.96580267
0.32244634
0.14163206
0.32981733
0.41258941
0.23380653
0.41258941
0.41258941
0.28291214
0.69394938
0.22654533
0.41258941
0.99998341
0.38991167
0.41258941
0.99496896
0.41624636
0.77189239
0.41258941
0.95210251
0.99172362
0.48882088
0.51042194
0.51141124
0.49060612
0.41258941
0.93217424
0.82469588
0.41258941
0.99988916
0.41258941
0.40208655
0.41258941
0.41258941
0.98445512
0.21294691
0.41258941
0.41258941
0.99805547
0.46601156
0.19735828
0.41578896
0.71942748
0.43183489
0.33497819
0.41258941
0.77967205
0.41258941
0.38712657
0.97117442
0.42700798
0.41258941
0.95351305
0.90253642
0.09580101
0.67433280
0.12934016
0.33360030
0.99999928
0.37086158
0.41258941
0.20206039
0.67121895
0.38869208
0.41041498
0.37407259
0.99388762
0.99998176
0.48709547
0.20795198
0.41258941
0.37733563
0.41258941
0.92774496
0.41258941
0.34858986
0.51926896
0.97245631
0.42155180
0.86443799
0.36474955
0.52094454
0.88029615
0.99219483
0.29567660
0.96381540
0.41258941
0.48854711
0.34701508
0.15657028
0.52093281
0.32542579
0.41258941
0.36252782
0.84017837
0.97852082
0.31427023
0.51075917
0.19668979
0.32249021
0.25513518
0.53302486
0.81641935
0.48108886
0.95128393
0.27973665
0.41258941
0.52072398
0.37895570
0.39337311
0.41258941
0.41258941
0.41258941
0.41258941
0.33008228
0.37071676
0.51807002
0.97217488
0.99948290
0.41258941
0.99999995
0.11243861
0.99981810
0.35086333
0.49255371
0.98186609
0.52060967
0.88708533
0.41258941
0.33831908
0.38538861
0.36407837
0.35581983
0.86088709
0.35960440
0.95924616
0.35062753
0.38826356
0.82695715
0.98046479
0.44660527
0.41258941
0.79923236
0.99999712
0.96970300
0.41258941
0.97088413
0.99513454
0.99939385
0.41258941
0.97756121
0.76609799
0.46513614
0.41258941
0.89498467
0.41104323
0.21098239
0.99917026
0.41258941
0.98775450
0.41258941
0.41258941
0.99597485
0.39540161
0.50777936
0.85074054
0.87213580
0.41258941
0.99998846
0.19275068
0.52010267
0.41258941
0.41258941
0.46545183
0.98329490
0.39224965
0.35222047
0.82514945
0.51660307
0.09765942
0.41258941
0.21569643
0.46578536
0.98912893
0.41258941
0.15755435
0.41258941
0.34951261
0.41258941
0.41258941
0.51257311
0.99951267
0.50448310
0.41258941
0.36553733
0.09460555
0.41258941
0.99995730
0.99964239
0.69455354
0.41258941
0.52090199
0.41258941
0.43491644
0.26653032
0.72058710
0.41258941
0.09558480
0.45145646
0.51962503
0.48326741
0.99994507
0.15168249
0.51580171
0.41258941
0.76768574
0.34640208
0.60435757
0.17071847
0.50000568
0.94961921
0.41258941
0.16511574
0.47087046
0.33177161
0.41258941
0.39141132
0.32526108
0.46063030
0.17704599
0.50683609
0.11926315
0.89765066
0.45813381
0.99995946
0.44931212
0.14685742
0.32749298
0.68726783
0.95509108
0.41258941
0.89798096
0.33317458
0.97768275
0.41258941
0.40593742
0.41258941
0.86247193
0.36711982
0.96612654
0.99892928
0.99743263
0.95430658
0.41258941
0.35128140
0.51105732
0.41258941
0.59286274
0.33417726
0.26377254
0.99972086
0.99421895
0.99863879
0.41258941
0.41258941
0.33234334
0.41258941
0.82740743
0.99880505
0.34285700
0.64970780
0.99545368
0.28198853
0.41258941
0.41258941
0.95979206
0.34577190
0.38777845
0.12168910
0.21914791
0.41258941
0.99995148
0.41258941
0.45813381
0.35289613
0.50320061
0.41627411
0.41258941
0.41258941
0.98775450
0.41258941
0.99999989
0.09838301
0.52015153
0.41258941
0.41258941
0.98289503
0.41258941
0.16949467
0.42585091
0.32927703
0.41258941
0.91096159
0.49572386
0.47231566
0.41258941
0.34822950
0.50079808
0.50823908
0.22819295
0.12802989
0.36949151
0.80553576
0.41258941
0.51610840
0.41258941
0.41258941
0.41258941
0.60704465
0.09930376
0.41258941
0.99992527
0.47342957
0.36841525
0.41258941
0.86599885
0.51599140
0.49060612
0.41258941
0.17957270
0.41258941
0.41258941
0.97581122
0.99978535
0.39344719
0.41258941
0.95547995
0.50256881
0.41258941
0.99964239
0.48182216
0.41258941
0.41258941
0.37052866
0.41258941
0.94813222
0.67246604
0.16946476
0.50546677
0.52085252
0.99790624
0.35335102
0.75046431
0.80840814
0.41258941
0.99999840
0.34803921
0.41258941
0.99970138
0.41258941
0.98339384
0.80505477
0.41258941
0.99072024
0.99038954
0.41025011
0.48726439
0.52068327
0.41258941
0.98349236
0.93444686
0.99670315
0.34001819
0.10612540
0.41258941
0.45695211
0.99417244
0.11039888
0.99488464
0.52076078
0.37388865
0.41258941
0.73091962
0.41258941
0.81078392
0.41258941
0.32372623
0.36797572
0.32292071
0.99979673
0.09479499
0.81220158
0.99417244
0.32292071
0.41025011
0.51610840
0.34034563
0.99097885
0.42886941
0.35615738
0.50922512
0.38753467
0.95739078
0.32229094
0.83496128
0.67867032
0.41258941
0.41258941
0.41556255
0.92747882
0.41258941
0.38309971
0.93931990
0.41258941
0.33022908
0.18545878
0.34582994
0.38724557
0.41258941
0.41258941
0.94002996
0.94258726
0.41104323
0.67867032
0.48111248
0.97369861
0.41258941
0.36817856
0.41258941
0.99960045
0.21451145
0.35983994
0.51798444
0.41258941
0.34813082
0.91514475
0.63091329
0.94791747
0.99996255
0.41258941
0.39018335
0.46694765
0.41258941
0.41258941
0.45989502
0.39263022
0.41258941
0.24287627
0.14352396
0.44461461
0.37302882
0.98492137
0.36617125
0.51059364
0.41258941
0.48915233
0.41258941
0.41258941
0.86638740
0.33303403
0.66620999
0.28411592
0.41258941
0.48380205
0.41258941
0.40692610
0.99999997
0.71942748
0.41258941
0.32581100
0.41258941
0.51385460
0.41258941
0.41258941
0.41258941
0.41258941
0.98299562
0.36108788
0.41258941
0.51783994
0.51783994
0.28484676
0.66809220
0.89532021
0.50645071
0.35057330
0.52086862
0.41258941
0.99657862
0.99813709
0.46358666
0.51650634
0.99840269
0.32453469
0.20816138
0.99141891
0.85115438
0.87289094
0.99879060
0.99997874
0.32231828
0.32375751
0.41258941
0.78172273
0.41258941
0.41258941
0.41258941
0.23803862
0.17502764
0.51974965
0.99999999
0.41258941
0.99915929
1.00000000
0.34182254
0.41258941
0.41904014
0.41258941
0.41475941
0.50725431
0.41258941
0.41258941
0.98329490
0.36530664
0.19782363
0.37333271
0.98339384
0.36119425
0.59354220
0.41258941
0.41258941
0.50539937
0.35888060
0.41258941
0.68970504
0.41258941
0.41258941
0.33915864
0.41258941
0.25068505
0.81267283
0.41258941
0.49930869
0.15721165
0.44113833
0.99967022
0.33293145
0.47376590
0.35278457
0.48618283
0.97217488
0.29387240
0.47961584
0.51962967
0.41258941
0.26811078
0.99999162
0.97174907
0.35819852
0.99999222
0.41258941
0.41258941
0.38650287
0.32719881
0.99999878
0.55979078
0.35318602
0.22539935
1.00000000
0.41258941
0.41258941
0.41258941
0.41258941
0.48793564
0.41258941
0.41258941
0.39045354
0.41550293
0.57574700
0.54576317
0.33161128
0.99952705
0.40978485
0.41258941
0.23301207
0.94919725
0.14399773
0.41258941
0.83320107
0.39148803
0.99286488
0.44810713
0.80840814
0.40164857
0.30172404
0.41258941
0.41258941
0.25068505
0.41258941
0.52086862
0.50091019
0.71124618
0.34657667
0.45899849
0.41258941
0.41258941
0.44370384
0.41258941
0.40175017
0.41258941
0.41258941
0.41258941
0.99967558
0.35773079
0.20816138
0.41258941
0.41258941
0.41258941
0.99963662
0.56883339
0.41258941
0.99950535
0.41258941
0.99992354
0.41258941
0.41258941
0.41258941
0.30614595
0.33227344
0.41628521
0.33461681
0.41258941
0.40849586
0.33516438
0.95230572
0.41258941
0.50725640
0.98970293
0.43072633
0.41258941
0.32228667
0.99065476
0.38863136
0.35062753
0.97203344
0.23099544
0.73714073
0.52005238
0.92313532
0.25165562
0.40010810
0.41258941
0.36668648
0.25937347
0.41258941
0.99999932
0.41258941
0.42982088
0.93739986
0.41258941
0.99860679
0.36743345
0.41258941
0.77761128
0.92033873
0.49017559
0.41258941
0.37004144
0.99982482
0.45428987
0.34067585
0.32363442
0.41258941
0.32909057
0.17100077
0.25889359
0.12128006
0.99937648
0.41258941
0.96628770
0.99874648
0.41258941
0.99999998
0.41258941
0.93369485
0.33120593
0.33884145
0.32836246
0.88638193
0.41258941
0.20339848
0.46557476
0.91004878
0.41258941
0.98710571
0.28046583
0.37444279
0.41258941
0.38729008
0.09453133
0.41258941
0.41258941
0.32346002
0.41258941
0.41258941
0.93293732
0.32556751
0.41258941
0.35849713
0.99635239
0.41258941
0.49294237
0.41258941
0.46224080
0.99682429
0.41258941
0.41258941
0.38292784
0.41258941
0.30319721
0.41258941
0.41258941
0.99954802
0.39461824
0.41258941
0.32279059
0.38421758
0.47763969
0.36481094
0.41258941
0.40912323
0.41258941
0.41258941
0.99994899
0.41258941
0.40359693
0.41258941
0.93140562
0.88532188
0.41258941
0.92202428
0.99815709
0.80312430
0.32234067
0.39206307
0.41258941
0.30899691
0.34932758
0.32663633
0.10489786
0.50000568
0.45137622
0.99479929
0.45428987
0.41589716
0.41258941
0.37661377
0.95509108
0.32708459
0.50536678
0.44958292
0.98984297
0.38850489
0.33120593
0.37036894
0.16573322
0.99983769
1.00000000
0.40207718
0.24086991
0.41258941
0.99998232
0.35706106
0.41258941
0.41258941
0.60704465
0.41258941
0.87326752
0.52875612
0.50851162
0.41258941
0.50931295
0.98791300
0.41258941
0.41258941
0.36673876
0.54646777
0.46943927
0.38352802
0.14685742
0.41258941
0.35945611
0.77450128
0.99879060
0.99948290
0.41101190
0.99999840
0.98830287
0.82560236
0.88138403
0.50506506
0.41258941
0.65863553
0.41258941
0.37709383
0.95739078
0.57850188
0.49802632
0.30193952
0.50928516
0.33938228
0.86443799
0.87993220
0.51226958
0.34207977
0.93191865
0.34179643
0.34436754
0.54576317
0.56744621
0.94143383
0.34505651
0.33760723
0.41258941
0.30540847
0.50157065
0.99823547
0.39194621
0.99770200
0.27967272
0.41258941
0.96296491
0.41740508
0.35364130
0.92880329
0.34221341
0.35420319
0.41258941
0.41258941
0.41161693
0.99230953
0.35292487
0.41258941
0.50991919
0.63678867
0.46283507
0.38522111
0.95644234
0.34861761
0.99923379
0.41258941
0.41921915
0.75645490
0.41258941
0.99994640
0.41258941
0.98546775
0.41258941
0.34693693
0.41399882
0.34221341
0.35974397
0.41258941
0.75101195
0.41258941
0.41258941
0.41258941
0.34472922
0.25944709
0.32439376
0.84656549
0.43656320
0.41318478
0.40781443
0.40285115
0.90974322
0.41258941
0.30987146
0.49966202
0.72863979
0.99999932
0.41258941
0.41258941
0.41258941
0.99912573
0.41258941
0.99719532
0.17134713
0.30319721
0.99921304
0.41258941
0.41258941
0.41258941
0.96676805
0.18058438
0.51180482
0.61239824
0.41258941
0.49658306
0.71884681
0.34399363
0.23380653
0.34803921
0.34251056
0.41258941
0.93884352
0.72978087
0.41258941
0.93469630
0.32668919
0.41258941
0.45474310
0.41258941
0.98791300
0.41258941
0.41258941
0.43874949
0.99998846
0.35221956
0.82378676
0.96925180
0.90476617
0.24971323
0.37193551
0.99991445
0.44958292
0.36938868
0.10857368
0.41258941
0.41258941
0.50256881
0.45199002
0.99005048
0.51444979
0.87137800
0.38016685
0.99938521
0.41043802
0.23451061
0.99990032
0.99242302
0.41025330
0.41258941
0.34923515
0.41258941
0.99999995
0.20643510
0.13408473
0.41258941
0.33415653
0.70652137
0.41258941
0.51774551
0.37691254
0.76768574
0.52093647
0.34285700
0.41258941
0.41258941
0.56813998
0.10244828
0.41258941
0.78172273
0.32230250
0.58330812
0.99823547
0.48490463
0.09952480
0.23697073
0.94073459
0.49621638
0.33261654
0.49744298
0.34619232
0.10521195
0.95961064
0.41258941
0.90349594
0.41258941
0.82650621
0.43980661
0.38075386
0.59761039
0.41258941
0.99956826
0.99999897
0.35057330
0.41258941
0.27266824
0.41258941
0.40580859
0.09952480
