# NTRAJ	1000
0.99544549
0.99671886
0.99152187
0.99413420
0.99551299
0.99665889
0.99442942
0.99547015
0.99662617
0.99591965
0.99431026
0.99437582
0.99632446
0.99543560
0.99683337
0.99549279
0.99562392
0.99655748
0.99388421
0.99520527
0.99609904
0.99462235
0.99638236
0.99497221
0.99527171
0.99664059
0.99589755
0.99662196
0.99685693
0.99694614
0.99664797
0.99637854
0.99625392
0.99527827
0.99585206
0.99318883
0.99628687
0.99523068
0.99559387
0.99578387
0.99442516
0.99588629
0.99669308
0.99656729
0.99368187
0.99642501
0.99704458
0.99619945
0.99575282
0.99576625
0.99615411
0.99688185
0.99651622
0.99586874
0.99689387
0.99607733
0.99628759
0.99566206
0.99245065
0.99724972
0.99293994
0.99536911
0.99497543
0.99604445
0.99551729
0.99558735
0.99563797
0.99615175
0.99696528
0.99650937
0.99617145
0.99750126
0.99612726
0.99634801
0.99541892
0.99581045
0.99497401
0.99489629
0.99586469
0.99516993
0.99628705
0.99404779
0.99607233
0.99519619
0.99693344
0.99569434
0.99612498
0.99639707
0.99502071
0.99319957
0.99567200
0.99594749
0.99266815
0.99635140
0.99605893
0.99404626
0.99681162
0.99688625
0.99681637
0.99564345
0.99632621
0.99614146
0.99613632
0.99476461
0.99515239
0.99421527
0.99713776
0.99744121
0.99607498
0.99614726
0.99528131
0.99562465
0.99617369
0.99716946
0.99577951
0.99654686
0.99670261
0.99676541
0.99646732
0.99570866
0.99586617
0.99707263
0.99312587
0.99564228
0.99758154
0.99626099
0.99515074
0.99441250
0.99679281
0.99215329
0.99486786
0.99630433
0.99454187
0.99666208
0.99584034
0.99538672
0.99764668
0.99700007
0.99531657
0.99605252
0.99444349
0.99654613
0.99641969
0.99444723
0.99591421
0.99282853
0.99621443
0.99657204
0.99516219
0.99732381
0.99746857
0.99342230
0.99594344
0.99642355
0.99635578
0.99556930
0.99607348
0.99596698
0.99641141
0.99559115
0.99614460
0.99413805
0.99587803
0.99603616
0.99494837
0.99606462
0.99594543
0.99589994
0.99717142
0.99659999
0.99552059
0.99502160
0.99562792
0.99459659
0.99496480
0.99623084
0.99468726
0.99708799
0.99639689
0.99523015
0.99369951
0.99673274
0.99757329
0.99512258
0.99611941
0.99437491
0.99338963
0.99598558
0.99586956
0.99642614
0.99643673
0.99642083
0.99553827
0.99446596
0.99520358
0.99720719
0.99624902
0.99641154
0.99651658
0.99760079
0.99566921
0.99640325
0.99038318
0.99519333
0.99510723
0.99597848
0.99506690
0.99645137
0.99551468
0.99366510
0.99659427
0.99509763
0.99669703
0.99514219
0.99608435
0.99683450
0.99428641
0.99604728
0.99611253
0.99740438
0.99510019
0.99517708
0.99599091
0.99664891
0.99694697
0.99676262
0.99575026
0.99507974
0.99697552
0.99676103
0.99561304
0.99719174
0.99565561
0.99695906
0.99691063
0.99647432
0.99719242
0.99463908
0.99649375
0.99480159
0.99520848
0.99384673
0.99740692
0.99475276
0.99612072
0.99312600
0.99614214
0.99669500
0.99636402
0.99649413
0.99572796
0.99602269
0.99484004
0.99526728
0.99570997
0.99363335
0.99403258
0.99678427
0.99644859
0.99644187
0.99529648
0.99552749
0.99622620
0.99741428
0.99567794
0.99314010
0.99754655
0.99415182
0.99602673
0.99670032
0.99648184
0.99739926
0.99704940
0.99534867
0.99297931
0.99696296
0.99674525
0.99480206
0.99709693
0.99354207
0.99525654
0.99469604
0.99626085
0.99291672
0.99592703
0.99555866
0.99549749
0.99586099
0.99699027
0.99614563
0.99499794
0.99653658
0.99695866
0.99475149
0.99676901
0.99492399
0.99666075
0.99671962
0.99544386
0.99401878
0.99589545
0.99626867
0.99636225
0.99600612
0.99516499
0.99669893
0.99434484
0.99585856
0.99381681
0.99532043
0.99517480
0.99632653
0.99304309
0.99451634
0.99724745
0.99718921
0.99671294
0.99560602
0.99593257
0.99702812
0.99514057
0.99637990
0.99636142
0.99484849
0.99614714
0.99520179
0.99513799
0.99668363
0.99645304
0.99642136
0.99515008
0.99547105
0.99710800
0.99564482
0.99440192
0.99589595
0.99370335
0.99563113
0.99639587
0.99371744
0.99615891
0.99593549
0.99692145
0.99526142
0.99681525
0.99434670
0.99547318
0.99617006
0.99720407
0.99671368
0.99702490
0.99550922
0.99463681
0.99643982
0.99606670
0.99383161
0.99317854
0.99431674
0.99545804
0.99575047
0.99569375
0.99578479
0.99264520
0.99615012
0.99639533
0.99574608
0.99606099
0.99574813
0.99692191
0.99556330
0.99754399
0.99550320
0.99515215
0.99489575
0.99499303
0.99799982
0.99510434
0.99611760
0.99467827
0.99489028
0.99729882
0.99469048
0.99533379
0.99698021
0.99726048
0.99573893
0.99660478
0.99646538
0.99574979
0.99579647
0.99701586
0.99540271
0.99640430
0.99455092
0.99605263
0.99389369
0.99675030
0.99384764
0.99435996
0.99556649
0.99531384
0.99727951
0.99670098
0.99251782
0.99615630
0.99530779
0.99523645
0.99691970
0.99355798
0.99634845
0.99519720
0.99547237
0.99357317
0.99597672
0.99671209
0.99511458
0.99650236
0.99716274
0.99659322
0.99672917
0.99466426
0.99776164
0.99636362
0.99640130
0.99425829
0.99507242
0.99663079
0.99634453
0.99517839
0.99605248
0.99601834
0.99629838
0.99610668
0.99642505
0.99626413
0.99456664
0.99609529
0.99561883
0.99622473
0.99705512
0.99536778
0.99742057
0.99622913
0.99595941
0.99511466
0.99704826
0.99523587
0.99576309
0.99531516
0.99630376
0.99539264
0.99661544
0.99612400
0.99666628
0.99393245
0.99670637
0.99652985
0.99625157
0.99623833
0.99509468
0.99669240
0.99664558
0.99448918
0.99634865
0.99497125
0.99528554
0.99534307
0.99627880
0.99688116
0.99584625
0.99640383
0.99612673
0.99481611
0.99301311
0.99317928
0.99662344
0.99559235
0.99659033
0.99658855
0.99571206
0.99516581
0.99645609
0.99417855
0.99536150
0.99686651
0.99761449
0.99646986
0.99732927
0.99686108
0.99648632
0.99540189
0.99623022
0.99632711
0.99632419
0.99430360
0.99548006
0.99355090
0.99617529
0.99328262
0.99737782
0.99532876
0.99655169
0.99702920
0.99073298
0.99511901
0.99773826
0.99619097
0.99651892
0.99552175
0.99453028
0.99477125
0.99562964
0.99668557
0.99598503
0.99654448
0.99470805
0.99585697
0.99731189
0.99530738
0.99627051
0.99613784
0.99500101
0.99418923
0.99589956
0.99498487
0.99758640
0.99431302
0.99573123
0.99522256
0.99544562
0.99400641
0.99668940
0.99590490
0.99468171
0.99559079
0.99518143
0.99644288
0.99576300
0.99540038
0.99477829
0.99588974
0.99458825
0.99599901
0.99517506
0.99137152
0.99672408
0.99626348
0.99743071
0.99545784
0.99614764
0.99626585
0.99439241
0.99509078
0.99389207
0.99524248
0.99666860
0.99645034
0.99612092
0.99701774
0.99701996
0.99662353
0.99659210
0.99456290
0.99497599
0.99540131
0.99588456
0.99527903
0.99674444
0.99504513
0.99690458
0.99458718
0.99700566
0.99594356
0.99714882
0.99415420
0.99591017
0.99657749
0.99608781
0.99633131
0.99630326
0.99333737
0.99433643
0.99621144
0.99503484
0.99586029
0.99589765
0.99485416
0.99597006
0.99381865
0.99487144
0.99696360
0.99611948
0.99473782
0.99126755
0.99567620
0.99470813
0.99261358
0.99676234
0.99601361
0.99558616
0.99657439
0.99735842
0.99470445
0.99515730
0.99685246
0.99562198
0.99653717
0.99293125
0.99457690
0.99666697
0.99609771
0.99598087
0.99614649
0.99621087
0.99580386
0.99550336
0.99689042
0.99604956
0.99546204
0.99596789
0.99688465
0.99587423
0.99731210
0.99493401
0.99527875
0.99700323
0.99691961
0.99383073
0.99601871
0.99629360
0.99677602
0.99649724
0.99651034
0.99582656
0.99581561
0.99540453
0.99617243
0.99484545
0.99517547
0.99514911
0.99566111
0.99611923
0.99699378
0.99675055
0.99719844
0.99505208
0.99574392
0.99576084
0.99676426
0.99668017
0.99562809
0.99577320
0.99669104
0.99612634
0.99768269
0.99646810
0.99511701
0.99630985
0.99563746
0.99701441
0.99560762
0.99514918
0.99713376
0.99701299
0.99473917
0.99506471
0.99591511
0.99345404
0.99512904
0.99599584
0.99663297
0.99561345
0.99645505
0.99729407
0.99734279
0.99598818
0.99494872
0.99487434
0.99332918
0.99526356
0.99629262
0.99633146
0.99577555
0.99141219
0.99641837
0.99617365
0.99554465
0.99590576
0.99640725
0.99217182
0.99629333
0.99656044
0.99653160
0.99597408
0.99747158
0.99707874
0.99559652
0.99586056
0.99533050
0.99455401
0.99661169
0.99683342
0.99612788
0.99539802
0.99628036
0.99657654
0.99656115
0.99649798
0.99629962
0.99402554
0.99747127
0.99649834
0.99518955
0.99553864
0.99453782
0.99756613
0.99628406
0.99653419
0.99605560
0.99716622
0.99484203
0.99573754
0.99586137
0.99646885
0.99474478
0.99521738
0.99777802
0.99650651
0.99656423
0.99742596
0.99476813
0.99562761
0.99699569
0.99732971
0.99621277
0.99651112
0.99421455
0.99770662
0.99614987
0.99381495
0.99585865
0.99590290
0.99528910
0.99662467
0.99709409
0.99697512
0.99573298
0.99559546
0.99360459
0.99618483
0.99582839
0.99458930
0.99717079
0.99580843
0.99680048
0.99566333
0.99439925
0.99533695
0.99612139
0.99502651
0.99621812
0.99406927
0.99688093
0.99455081
0.99657830
0.99658179
0.99723669
0.99584745
0.99728897
0.99581340
0.99649152
0.99597593
0.99335776
0.99595901
0.99417334
0.99472561
0.99727075
0.99510293
0.99744356
0.99574918
0.99639734
0.99634063
0.99450700
0.99710247
0.99564922
0.99597494
0.99653116
0.99508155
0.99624875
0.99569928
0.99589546
0.99642924
0.99488681
0.99605690
0.99654768
0.99692585
0.99529422
0.99564521
0.99726151
0.99643990
0.99549014
0.99689083
0.99789494
0.99655585
0.99696200
0.99464575
0.99565918
0.99616866
0.99503468
0.99599376
0.99660383
0.99713139
0.99539438
0.99576270
0.99655782
0.99566892
0.99608235
0.99469696
0.99514029
0.99745416
0.99687442
0.99791643
0.99556725
0.99671528
0.99393550
0.99553346
0.99400206
0.99501476
0.99603582
0.99571621
0.99467528
0.99709792
0.99375848
0.99622185
0.99559137
0.99542963
0.99232459
0.99584380
0.99590808
0.99734464
0.99382884
0.99681026
0.99653991
0.99371565
0.99528304
0.99500284
0.99745205
0.99565520
0.99573282
0.99429937
0.99577723
0.99512311
0.99534527
0.99472168
0.99341741
0.99491873
0.99591075
0.99677236
0.99631657
0.99579248
0.99568169
0.99445653
0.99496262
0.99656147
0.99646240
0.99732759
0.99475772
0.99701031
0.99641194
0.99466543
0.99668264
0.99633022
0.99626676
0.99553319
0.99626389
0.99486356
0.99548553
0.99566591
0.99322769
0.99516784
0.99553085
0.99548300
0.99715883
0.99638345
0.99602928
0.99524800
0.99662755
0.99601499
0.99497008
0.99664311
0.99624528
0.99396255
0.99670313
0.99387104
0.99690222
0.99615204
0.99718118
0.99607326
0.99682948
0.99365422
0.99509525
0.99498263
0.99734557
0.99679557
0.99692343
0.99339287
0.99397135
0.99726694
0.99688498
0.99633059
0.99530715
0.99554266
0.99623017
0.99528468
0.99437076
0.99461024
0.99704091
0.99754156
0.99252613
0.99497651
0.99526532
0.99645638
0.99611945
0.99575133
0.99683810
0.99491727
0.99590493
0.99564544
0.99560149
0.99315075
0.99460313
0.99516702
0.99578211
0.99643631
0.99703836
0.99648580
0.99644384
0.99678999
0.99789800
0.99631660
0.99678551
0.99635036
0.99531515
0.99558206
0.99580710
0.99497386
0.99669596
0.99625291
0.99567037
0.99435323
0.99653736
0.99691241
0.99522392
0.99681192
0.99628212
0.99625232
0.99529959
0.99626476
0.99704612
0.99475660
0.99717298
0.99619475
0.99646733
0.99584042
0.99592269
0.99745413
0.99608475
0.99651150
0.99550668
0.99679315
0.99372550
0.99678036
0.99712523
0.99719992
0.99641251
0.99604838
0.99449062
0.99648677
0.99706806
0.99700141
0.99541526
0.99538615
0.99390798
0.99599343
0.99681776
0.99433903
0.99719977
0.99645454
0.99449220
0.99654032
0.99403074
0.99611891
0.99630691
0.99423195
0.99585780
0.99579746
0.99659349
0.99530333
0.99706129
0.99715130
