# NTRAJ	1000
0.25914029
0.21694420
0.13184079
0.23284261
0.22407034
0.37774635
0.33497989
0.20992729
0.36512623
0.16415408
0.23588700
0.15660532
0.41812863
0.18482939
0.24009434
0.33208530
0.03759020
0.48806749
0.15252819
0.29427011
0.03943167
0.38780284
0.23790418
0.07612887
0.35543430
0.36368090
0.38948236
0.16317863
0.10591759
0.34616142
0.34757913
0.44879704
0.15629563
0.17321071
0.51253334
0.19818867
0.21021943
0.46160022
0.47442552
0.09974424
0.26005844
0.28481712
0.46488249
0.24073800
0.11823903
0.23217448
0.31604260
0.42452651
0.29825843
0.44060307
0.44758299
0.15460054
0.29916126
0.35103190
0.12892648
0.37882585
0.19555583
0.12556509
0.31748472
0.16754448
0.39336622
0.15718113
0.47500244
0.38426243
0.03299039
0.32577499
0.17903837
0.13809586
0.39201693
0.37651736
0.22564614
0.42307014
0.31815088
0.27075985
0.40677043
0.21740669
0.30486155
0.22791771
0.07989731
0.46533029
0.22107792
0.34300280
0.14930115
0.45260954
0.24989785
0.39660005
0.04921749
0.23170000
0.35657216
0.22640435
0.35602772
0.38532615
0.01545179
0.34432485
0.35397142
0.22558041
0.19848162
0.46396306
0.23297242
0.20607392
0.04951650
0.32170723
0.06334851
0.02846523
0.15420698
0.23067881
0.02112256
0.23319143
0.06579261
0.24245041
0.07284347
0.44467452
0.34610226
0.01750520
0.36284110
0.01488687
0.26649620
0.22550465
0.47290037
0.24922141
0.27075651
0.38931791
0.14437849
0.23230966
0.19391313
0.12859950
0.18367447
0.10593074
0.20426134
0.17904710
0.14410723
0.26699838
0.34793285
0.45000304
0.45059137
0.11548982
0.36797914
0.24703195
0.41419896
0.40646921
0.36957108
0.35364733
0.26296166
0.29912695
0.19270960
0.05647890
0.31961429
0.26138955
0.14911400
0.20807226
0.39793909
0.21682605
0.35025532
0.00396709
0.48039190
0.26955015
0.26827622
0.12936436
0.42798725
0.35900546
0.28743308
0.00910507
0.21709603
0.31896709
0.38370516
0.44579515
0.19598197
0.02121067
0.19817564
0.16718273
0.33655446
0.34067685
0.10550256
0.51350698
0.39988207
0.35122691
0.37118611
0.31925717
0.07339263
0.15233813
0.12242153
0.42962906
0.37188491
0.23590792
0.21839781
0.51060626
0.25630418
0.12402906
0.30098391
0.32058998
0.11294913
0.01199690
0.39228799
0.32207381
0.19394448
0.31494125
0.16720063
0.34196849
0.42839873
0.45950333
0.43124638
0.15863373
0.29819645
0.16036738
0.22212071
0.12254616
0.38145124
0.35344946
0.05572948
0.37457845
0.30583803
0.44901924
0.16222160
0.13234823
0.23028917
0.27864079
0.35327535
0.29940361
0.21168000
0.46168618
0.05974894
0.30677284
0.28292117
0.31759113
0.04478360
0.47438203
0.31741427
0.23084051
0.14102591
0.28655895
0.43767488
0.27362719
0.41670615
0.37398640
0.12254562
0.41022360
0.37519939
0.34753182
0.16131984
0.03030106
0.37015321
0.16940052
0.49642988
0.22208058
0.30174865
0.45107191
0.45051243
0.05229096
0.08205367
0.34269317
0.01147943
0.29240562
0.31265920
0.22302183
0.43212048
0.26155970
0.36852587
0.24281212
0.20476927
0.45937962
0.20428460
0.21971945
0.31177011
0.09257866
0.29782994
0.21001768
0.44804276
0.28016959
0.20169861
0.17130306
0.48814079
0.03052295
0.43294061
0.22675086
0.06698222
0.19745057
0.17260480
0.07345500
0.31014609
0.19181921
0.29958372
0.13930312
0.16302064
0.17863725
0.40569350
0.09752311
0.45337588
0.28630530
0.20049062
0.09689539
0.12363680
0.28213375
0.27084954
0.50570341
0.45155045
0.11433226
0.06127083
0.36460407
0.10016775
0.26465911
0.13732675
0.08354478
0.35763631
0.11430922
0.44054032
0.27928862
0.18903639
0.21942654
0.22320713
0.26584038
0.07182569
0.38398190
0.17787689
0.43842321
0.21162994
0.27725196
0.07888695
0.00502980
0.39792373
0.07671606
0.45605066
0.17953714
0.15730052
0.10843888
0.20589145
0.36201519
0.21632186
0.16170436
0.14845511
0.30708051
0.37215640
0.14271149
0.22464758
0.25073090
0.12513577
0.13148437
0.13512034
0.00369725
0.14710300
0.14252038
0.42642572
0.27138499
0.39421582
0.38892193
0.02222945
0.37900221
0.28770772
0.23823912
0.41022683
0.16229597
0.12466121
0.04236549
0.35952428
0.42484008
0.41485862
0.04273118
0.28388219
0.16815992
0.27620184
0.41668609
0.27689938
0.04286215
0.13587737
0.19566716
0.06462801
0.35748159
0.16324272
0.39429920
0.35182090
0.23543111
0.41564360
0.28643473
0.05298173
0.10075355
0.36906751
0.36256692
0.34108780
0.36276746
0.40192344
0.21971425
0.41615003
0.19754190
0.35663863
0.32118081
0.22676375
0.26106072
0.00224568
0.05036556
0.06577959
0.10067933
0.44263175
0.38298903
0.03912696
0.33943085
0.12664253
0.11763932
0.23715984
0.36403311
0.21590983
0.23924680
0.30313246
0.43648151
0.27489635
0.01436965
0.07611773
0.11464896
0.29904777
0.32953662
0.37643651
0.24857065
0.09837537
0.41521298
0.26169914
0.01354217
0.01307138
0.28374961
0.27294916
0.25087434
0.37818593
0.49248001
0.00654682
0.52264399
0.45359998
0.31978806
0.38642367
0.44212660
0.25850662
0.33093144
0.07157655
0.34110446
0.40130124
0.29204029
0.09106861
0.28068654
0.43874611
0.40289394
0.13338834
0.35344120
0.16939644
0.41750526
0.32241701
0.07094172
0.37410329
0.36992552
0.37721008
0.06602419
0.45006852
0.18300632
0.06094873
0.16956941
0.44373640
0.05268363
0.06120186
0.08538358
0.38032107
0.29536536
0.07301532
0.23027442
0.05686321
0.20120284
0.43487056
0.30564248
0.06316496
0.39514660
0.26431676
0.35206211
0.09226490
0.24881310
0.13449650
0.29076972
0.31630666
0.21885088
0.21458548
0.02407149
0.22141983
0.31745794
0.38475898
0.11568367
0.10811017
0.41498360
0.35932701
0.04640999
0.44445046
0.39627115
0.42732507
0.27366678
0.40271068
0.04025428
0.17850360
0.17710990
0.38428347
0.31807395
0.38583845
0.14725458
0.10015104
0.34596067
0.52535431
0.25311149
0.35283079
0.08041704
0.22987243
0.27212750
0.11837150
0.40474278
0.49304931
0.02009850
0.06912582
0.00389307
0.19129513
0.20176149
0.13580070
0.05274136
0.10203898
0.10228856
0.07127161
0.36184403
0.43589351
0.35796159
0.00423016
0.11532102
0.46720737
0.38944026
0.02544015
0.33457610
0.14559460
0.03596424
0.26137606
0.26454579
0.37737623
0.45022229
0.02194042
0.44774893
0.33105586
0.31533934
0.41298202
0.25528382
0.31624108
0.36826315
0.24353823
0.34052963
0.33061048
0.33566485
0.07495294
0.38553868
0.07873532
0.00434220
0.02886096
0.02540193
0.38865567
0.14399737
0.37717033
0.24034888
0.49755044
0.37851639
0.46275481
0.33738702
0.34509460
0.08553802
0.32503373
0.07801542
0.25922812
0.28562578
0.35437744
0.29614939
0.16286409
0.48093528
0.02923412
0.16017305
0.36182538
0.30657821
0.30495483
0.11917090
0.19407353
0.31277838
0.30372806
0.37579984
0.30716251
0.35060169
0.05477005
0.37726781
0.18150387
0.42733707
0.09060626
0.32605714
0.17821408
0.46265342
0.21998119
0.39424207
0.10643598
0.43290378
0.42304244
0.29166064
0.07042906
0.17645857
0.09208476
0.43351702
0.44390033
0.46682046
0.40834614
0.27764120
0.29624621
0.28275250
0.00225745
0.30756278
0.22281647
0.37459364
0.00449698
0.34926545
0.31824936
0.18448778
0.22577905
0.16318319
0.22882661
0.28955294
0.44295883
0.41507792
0.51048093
0.28832535
0.43000106
0.25085482
0.36428237
0.16319339
0.34489698
0.16101764
0.48477796
0.39368074
0.29094324
0.18760495
0.27784180
0.42740597
0.02986214
0.40740783
0.03801369
0.40784011
0.10687813
0.41893757
0.03142055
0.07906326
0.48362918
0.18979417
0.07034497
0.36091867
0.17682720
0.46551906
0.40508067
0.13540029
0.04883240
0.17550192
0.29601372
0.28387862
0.15374660
0.28709557
0.48909362
0.20339696
0.08532258
0.35935230
0.05971215
0.06795066
0.32270093
0.43840640
0.20180860
0.32787537
0.42892759
0.11322881
0.40902211
0.21054940
0.24817233
0.06897932
0.14836947
0.00453691
0.11380922
0.38397007
0.50116781
0.49700146
0.42485674
0.20245419
0.26102006
0.09862583
0.44311712
0.44245035
0.46312486
0.43992622
0.24130198
0.38028707
0.18059124
0.31210065
0.46482261
0.03807010
0.29782480
0.33492478
0.23839294
0.37668163
0.42166143
0.36620545
0.46493850
0.35583043
0.33537449
0.33782164
0.34891440
0.33500366
0.32782407
0.35691005
0.39147669
0.46678998
0.28568177
0.24374298
0.12287357
0.22019653
0.04119578
0.35376454
0.45137663
0.31882935
0.04322424
0.09359018
0.28528452
0.37523990
0.21157453
0.29872414
0.16078842
0.33414323
0.29797271
0.02761460
0.12706450
0.13267162
0.42506821
0.36393718
0.07853196
0.24852144
0.18006261
0.34770435
0.24488919
0.28524793
0.44392912
0.24096692
0.32475984
0.13116466
0.06232771
0.10819354
0.40700102
0.41705922
0.36824192
0.24387642
0.26031882
0.42679398
0.37627860
0.47934685
0.25555788
0.06791547
0.29396172
0.34815112
0.48457037
0.50853305
0.38527604
0.33274277
0.02946048
0.12090937
0.16533192
0.28261342
0.35316759
0.40845189
0.09080515
0.23730469
0.10943950
0.07572209
0.01955304
0.33985733
0.40946813
0.10613152
0.06242268
0.17043496
0.23772524
0.02190970
0.19519578
0.08123952
0.10230746
0.28833691
0.07922940
0.10431333
0.47182786
0.11711776
0.24407479
0.21190323
0.46997043
0.20367395
0.26966789
0.16930259
0.36985189
0.09688639
0.44925369
0.36176797
0.10410076
0.37374232
0.34967956
0.03809541
0.32286795
0.38153123
0.39398830
0.38278369
0.45660240
0.17466463
0.25854184
0.10044862
0.34306513
0.37405944
0.35407012
0.29300017
0.30194548
0.33191843
0.00826126
0.36791793
0.35228700
0.26634042
0.23687681
0.02651200
0.01928154
0.02546863
0.43092080
0.07559354
0.51324846
0.13795965
0.02638987
0.03190862
0.41786120
0.16549931
0.46936884
0.24474939
0.45523037
0.46535188
0.26139012
0.38248121
0.17694330
0.10423937
0.18962497
0.30418356
0.11442986
0.43132457
0.30002829
0.14406527
0.06343597
0.37383852
0.15031228
0.23164302
0.16805980
0.29566599
0.11155699
0.06458986
0.08837690
0.20230751
0.39920904
0.33272757
0.01844056
0.35082321
0.37692762
0.20686511
0.42108144
0.20458449
0.24360494
0.01849767
0.30964359
0.39052964
0.17896638
0.43672606
0.42302729
0.02247147
0.02514377
0.26564874
0.26908284
0.47680154
0.24061258
0.45078815
0.44684168
0.47847200
0.38995295
0.06336141
0.04745395
0.29920289
0.16650059
0.29460486
0.49927990
0.22852066
0.42028506
0.35679760
0.09561891
0.25032987
0.35169873
0.21508891
0.04087474
0.37488411
0.33153638
0.22741222
0.16655679
0.15001649
0.10210056
0.29712317
0.25583965
0.36216208
0.38259038
0.17222073
0.06207930
0.01672943
0.44999756
0.00572429
0.19030770
0.22322549
0.48406502
0.32819031
0.10302766
0.02921173
0.16445210
0.38547945
0.36523969
0.36575690
0.10792405
0.19235609
0.18896191
0.34532541
0.43950774
0.33503140
0.26872387
0.08456326
0.35460289
0.32521246
0.08473522
0.47867917
0.06724176
0.37229663
0.33385426
0.24965137
0.25736478
0.19733464
0.18222935
0.24117370
0.39530621
0.12329111
0.10842383
0.23413974
0.27686498
0.38420065
0.09784100
0.17194806
0.13251357
0.00117180
0.30575542
0.18642522
0.43471970
0.40696899
0.25661249
0.21745552
0.12301605
0.44595288
0.38689890
0.00416303
0.35264389
0.21279874
0.02158530
0.46819530
0.29164515
0.39408535
0.03394818
0.01259635
0.28371870
0.09598842
0.36824983
0.23553434
0.46964963
0.50981154
0.05588092
0.40206197
0.44010568
0.25552754
0.08362674
0.01981186
0.44929460
0.38277684
0.50369235
0.12125889
0.26744072
0.14282115
0.16944709
0.05833759
0.19574301
0.27318979
0.28716337
0.36120108
0.37908883
0.32638541
0.37580370
0.33232334
0.44059930
0.41262314
0.13094761
0.44356978
0.07865811
0.10139826
0.47138895
0.32656147
0.39058451
0.00826389
0.41799781
0.00375166
