# NTRAJ	1000
0.99999099
0.71710136
0.71710136
0.71710136
0.71710136
0.71710136
0.71710136
0.71710136
0.71710136
0.71710136
0.71710136
0.71710136
0.71710136
0.71710136
0.71710136
0.71710136
0.99740702
0.71710136
0.71710136
0.71710136
0.71710136
0.99892928
0.71710136
0.88425586
0.71710136
0.71710136
0.71710136
0.71710136
0.71710136
0.71710136
0.71710136
0.99568275
0.71710136
0.71710136
0.71710136
0.71710136
0.71710136
0.71710136
0.71710136
0.97840246
0.71710136
0.71710136
0.97315132
0.71710136
0.71710136
0.71710136
0.71710136
0.71710136
0.71710136
0.89397408
0.95066398
0.99421895
0.71710136
0.71710136
0.71710136
0.71710136
0.99471291
0.97542434
0.71710136
0.71710136
0.71710136
0.71710136
0.99999999
0.71710136
0.71710136
0.71710136
0.71710136
0.71710136
0.71710136
0.99078539
0.71710136
0.71710136
0.99141891
0.71710136
0.71710136
0.71710136
1.00000000
0.71710136
0.71710136
0.96833572
0.71710136
0.71710136
0.71710136
0.99999670
0.71710136
0.71710136
0.71710136
0.71710136
0.71710136
0.71710136
0.71710136
0.84907849
0.71710136
0.71710136
0.71710136
0.71710136
0.71710136
0.99999999
0.71710136
0.71710136
0.71710136
0.99980042
0.99772540
0.86870473
0.71710136
0.71710136
0.71710136
0.71710136
0.71710136
0.71710136
0.71710136
0.71710136
0.71710136
0.71710136
0.71710136
0.71710136
0.97174907
0.99032240
0.71710136
0.71710136
0.71710136
0.71710136
0.71710136
0.99923379
0.71710136
0.99992697
0.71710136
0.71710136
0.71710136
0.71710136
0.99898124
0.71710136
0.99952705
0.71710136
0.71710136
0.71710136
0.71710136
0.71710136
0.99556930
0.99999534
0.99995618
0.71710136
0.71710136
0.71710136
0.99999192
0.99407860
0.71710136
0.71710136
0.71710136
0.71710136
0.71710136
0.71710136
0.99999891
0.71710136
0.71710136
0.71710136
0.71710136
0.71710136
0.71710136
0.71710136
0.71710136
0.71710136
0.71710136
0.71710136
0.71710136
0.71710136
0.71710136
0.71710136
0.71710136
0.71710136
0.99963077
0.71710136
0.71710136
0.71710136
0.71710136
0.71710136
0.71710136
0.71710136
0.99541465
0.71710136
0.71710136
0.71710136
0.71710136
0.99129479
0.99999997
0.71710136
0.71710136
0.99999988
0.71710136
0.71710136
0.99172362
0.71710136
0.71710136
0.71710136
0.71710136
0.99999494
0.71710136
0.71710136
0.71710136
0.71710136
0.71710136
0.71710136
0.99971608
0.71710136
0.71710136
0.71710136
0.71710136
0.71710136
0.71710136
0.71710136
0.71710136
0.71710136
0.71710136
0.99999162
0.71710136
0.71710136
0.71710136
0.71710136
0.71710136
0.99990453
0.71710136
0.99993652
0.71710136
0.71710136
0.99999902
0.99496896
0.99995025
0.71710136
0.71710136
0.71710136
0.71710136
0.97792447
0.71710136
0.71710136
0.99196171
0.71710136
0.71710136
0.71710136
0.99998060
0.71710136
0.99966479
0.71710136
0.71710136
0.71710136
1.00000000
0.71710136
0.71710136
0.71710136
0.71710136
0.71710136
0.71710136
0.71710136
0.71710136
0.99521581
0.71710136
0.71710136
0.99955485
0.71710136
0.71710136
0.71710136
0.99999993
0.71710136
0.99998960
0.71710136
0.71710136
0.99997462
0.71710136
0.71710136
0.71710136
0.71710136
0.71710136
0.71710136
0.71710136
0.71710136
0.71710136
0.71710136
0.99982811
0.99999996
0.94462592
0.71710136
0.71710136
0.71710136
0.71710136
0.71710136
0.99999936
0.99435687
0.71710136
0.71710136
0.71710136
0.71710136
0.71710136
0.71710136
0.71710136
0.71710136
0.71710136
0.71710136
0.71710136
0.71710136
0.71710136
0.71710136
0.71710136
0.71710136
0.71710136
0.71710136
0.99995504
0.71710136
0.71710136
0.71710136
0.71710136
0.71710136
0.71710136
0.98905561
0.71710136
0.71710136
0.71710136
0.71710136
0.91776757
0.71710136
0.71710136
0.99935873
0.99995504
0.71710136
0.71710136
0.71710136
0.71710136
0.71710136
0.71710136
0.71710136
0.71710136
0.71710136
0.71710136
0.71710136
0.71710136
0.71710136
0.99462548
0.71710136
0.71710136
0.71710136
0.71710136
0.71710136
0.99992863
0.71710136
0.99025493
0.71710136
0.71710136
0.97719383
0.71710136
0.71710136
0.71710136
0.71710136
0.71710136
0.99925412
0.71710136
0.99944376
0.71710136
0.71710136
0.71710136
0.71710136
0.71710136
0.99997874
0.71710136
0.71710136
0.71710136
0.71710136
0.99999750
0.71710136
0.71710136
0.71710136
0.71710136
0.71710136
0.71710136
0.71710136
0.99999947
0.71710136
0.71710136
0.71710136
0.71710136
0.86168084
0.71710136
0.71710136
0.71710136
0.71710136
0.71710136
0.71710136
0.99981810
0.71710136
0.71710136
0.71710136
0.99881937
0.71710136
0.71710136
0.71710136
0.71710136
0.71710136
0.71710136
0.99949047
0.71710136
0.71710136
0.71710136
0.71710136
0.99297237
0.71710136
0.95644234
0.71710136
0.99767842
0.71710136
0.99998960
0.71710136
0.71710136
0.99449237
0.71710136
0.94705262
0.71710136
0.71710136
0.71710136
0.71710136
0.89962262
0.97682232
0.71710136
0.99651507
0.71710136
0.71710136
0.71710136
0.71710136
0.71710136
0.71710136
0.71710136
0.71710136
0.99970634
0.71710136
0.71710136
0.71710136
0.71710136
0.71710136
0.71710136
0.71710136
0.71710136
0.71710136
0.71710136
0.99988444
0.71710136
0.71710136
0.99999738
0.71710136
0.99877603
0.71710136
0.71710136
0.71710136
0.71710136
0.71710136
0.71710136
0.71710136
0.71710136
0.71710136
0.71710136
0.99998393
0.71710136
0.71710136
0.71710136
0.71710136
0.99983454
0.71710136
0.71710136
0.71710136
0.71710136
0.71710136
0.71710136
0.71710136
0.71710136
0.71710136
0.71710136
0.99466933
0.71710136
0.92505538
0.99999992
0.71710136
0.71710136
0.71710136
0.71710136
0.71710136
0.71710136
0.71710136
0.71710136
0.71710136
0.71710136
0.99984981
0.71710136
0.71710136
0.71710136
0.99983135
0.71710136
0.99995946
0.99842050
0.71710136
0.98693978
0.71710136
0.71710136
0.71710136
0.71710136
0.71710136
0.71710136
0.71710136
0.71710136
0.71710136
0.71710136
0.71710136
0.71710136
0.71710136
0.71710136
0.71710136
0.71710136
0.71710136
0.71710136
0.71710136
0.71710136
0.87137800
0.71710136
0.71710136
0.71710136
0.71710136
0.71710136
1.00000000
0.99999999
0.71710136
1.00000000
0.71710136
0.71710136
0.99999773
0.71710136
0.71710136
0.71710136
0.99967022
0.71710136
0.99890256
0.71710136
0.71710136
0.71710136
0.71710136
0.71710136
0.71710136
0.99990658
0.71710136
0.71710136
0.71710136
0.71710136
0.98660338
0.71710136
0.99999940
0.71710136
0.71710136
0.99618417
0.71710136
0.99994640
0.71710136
0.99999944
0.71710136
0.99998232
0.71710136
0.71710136
0.99786207
0.71710136
0.71710136
0.71710136
0.71710136
0.71710136
0.99854107
0.99999928
0.98482892
0.71710136
0.71710136
0.71710136
0.71710136
0.71710136
0.71710136
0.71710136
0.71710136
0.97863874
0.71710136
0.71710136
0.71710136
0.71710136
0.71710136
0.71710136
0.71710136
0.71710136
0.71710136
0.71710136
0.71710136
0.71710136
0.71710136
0.71710136
0.71710136
0.71710136
0.71710136
0.71710136
0.71710136
0.71710136
0.99190266
0.71710136
0.98883353
0.71710136
0.71710136
1.00000000
0.71710136
0.71710136
0.71710136
0.71710136
0.71710136
0.99270143
0.97719383
0.71710136
0.94417704
0.71710136
0.71710136
0.71710136
0.71710136
0.71710136
0.71710136
0.71710136
0.71710136
0.71710136
0.99992863
0.71710136
0.71710136
0.71710136
0.71710136
0.71710136
0.71710136
0.71710136
0.71710136
0.71710136
0.71710136
0.71710136
0.71710136
0.71710136
0.71710136
0.71710136
0.83231700
0.71710136
0.71710136
0.96015326
0.71710136
0.71710136
0.71710136
0.71710136
0.71710136
0.71710136
0.71710136
0.71710136
0.71710136
0.71710136
0.99999192
0.71710136
0.71710136
0.71710136
0.71710136
0.99328778
0.71710136
0.71710136
0.71710136
0.71710136
0.71710136
0.71710136
0.71710136
0.71710136
0.71710136
0.71710136
0.71710136
0.71710136
0.98591227
0.71710136
0.99976111
0.99978535
0.71710136
0.71710136
0.96755831
0.71710136
0.71710136
0.71710136
0.71710136
0.71710136
0.99998885
0.71710136
0.71710136
0.71710136
0.99533586
0.71710136
0.71710136
0.95924616
0.71710136
0.71710136
0.71710136
0.71710136
0.71710136
0.71710136
0.71710136
0.71710136
0.71710136
0.71710136
0.71710136
0.99354267
0.71710136
0.71710136
0.71710136
0.99873150
0.71710136
0.99462548
0.71710136
0.71710136
0.71710136
0.71710136
0.71710136
0.71710136
0.71710136
0.71710136
0.71710136
0.99991445
0.71710136
0.71710136
0.71710136
0.71710136
0.71710136
0.71710136
0.71710136
0.71710136
0.99657862
0.71710136
0.99993187
0.71710136
0.71710136
0.71710136
0.98912893
0.71710136
0.71710136
0.71710136
0.71710136
0.71710136
0.71710136
0.71710136
0.71710136
0.71710136
0.71710136
0.71710136
0.71710136
0.71710136
0.71710136
0.71710136
0.71710136
0.71710136
0.71710136
0.71710136
0.71710136
0.71710136
0.71710136
0.71710136
0.99999534
0.71710136
0.71710136
0.71710136
0.71710136
0.95682338
0.71710136
0.93955719
0.71710136
0.71710136
0.71710136
0.96547671
0.71710136
0.71710136
0.71710136
0.99393578
0.71710136
0.71710136
0.71710136
0.71710136
0.71710136
0.71710136
0.99870114
0.71710136
0.71710136
0.99993948
0.71710136
0.71710136
0.71710136
0.71710136
0.71710136
0.97863874
0.71710136
0.71710136
1.00000000
0.71710136
0.71710136
0.71710136
0.99958137
0.71710136
0.71710136
0.99635239
0.71710136
0.71710136
0.99989374
0.71710136
0.71710136
0.71710136
0.94791747
0.71710136
0.99797121
0.71710136
0.71710136
0.71710136
0.71710136
0.99085020
0.71710136
0.99823547
0.71710136
0.71710136
0.96210108
0.71710136
0.71710136
0.97287478
0.71710136
0.71710136
0.99998176
0.99999999
0.71710136
0.71710136
0.71710136
0.71710136
0.71710136
0.71710136
0.99999962
0.97875620
0.71710136
0.71710136
0.71710136
0.71710136
0.99154174
0.71710136
0.99941085
0.71710136
0.99883355
0.71710136
0.71710136
0.71710136
0.71710136
0.99997234
0.71710136
0.71710136
0.94417704
0.99572009
0.71710136
0.71710136
0.98927452
0.71710136
0.71710136
0.99564517
0.71710136
0.71710136
0.71710136
0.71710136
0.71710136
0.71710136
0.71710136
0.99999357
0.71710136
0.98970293
0.71710136
0.71710136
0.92396198
0.91805580
0.99988682
0.71710136
0.71710136
0.71710136
0.71710136
0.71710136
0.71710136
0.71710136
0.71710136
0.71710136
0.71710136
0.93217424
0.96279322
0.97682232
0.71710136
0.71710136
0.71710136
0.71710136
0.71710136
0.71710136
0.71710136
0.71710136
0.71710136
0.71710136
0.71710136
0.71710136
0.71710136
0.99988444
0.71710136
0.71710136
0.71710136
0.71710136
0.99999998
0.71710136
0.71710136
0.99148048
0.71710136
0.95701307
0.97102952
0.99999985
0.71710136
0.99999750
0.99999997
0.71710136
0.71710136
0.71710136
0.71710136
0.71710136
0.71710136
0.71710136
0.71710136
0.71710136
0.71710136
0.71710136
0.71710136
0.71710136
0.71710136
0.99998541
0.71710136
0.99968609
0.71710136
0.71710136
0.99909117
0.71710136
0.71710136
0.71710136
0.71710136
0.71710136
0.71710136
0.71710136
0.71710136
0.71710136
0.99870114
0.71710136
0.71710136
0.71710136
0.71710136
0.71710136
0.99998588
0.71710136
0.95210251
0.71710136
0.99999553
0.71710136
0.71710136
0.71710136
0.71710136
0.71710136
0.71710136
0.99981810
0.71710136
0.71710136
0.99827372
0.97840246
0.71710136
0.99999996
0.71710136
0.71710136
0.71710136
0.71710136
0.71710136
0.71710136
0.71710136
0.71710136
0.71710136
0.99999031
0.71710136
0.71710136
0.71710136
0.71710136
0.71710136
0.71710136
0.71710136
0.71710136
0.71710136
0.71710136
0.71710136
0.71710136
0.71710136
0.71710136
0.99730271
0.71710136
0.71710136
0.71710136
0.71710136
0.71710136
0.71710136
0.71710136
0.71710136
0.96940271
0.99999639
