# NTRAJ	1000
0.99581142
0.99588360
0.99587477
0.99590119
0.99598112
0.99614391
0.99584013
0.99602502
0.99582863
0.99583049
0.99582264
0.99584255
0.99584896
0.99583248
0.99584320
0.99581471
0.99581803
0.99584882
0.99581262
0.99611472
0.99580330
0.99584510
0.99585426
0.99607273
0.99605050
0.99590204
0.99595536
0.99609258
0.99591698
0.99580246
0.99582004
0.99589665
0.99584228
0.99580482
0.99580229
0.99580223
0.99585385
0.99581187
0.99582229
0.99583453
0.99586440
0.99580917
0.99582563
0.99600649
0.99581015
0.99597234
0.99584985
0.99609079
0.99580898
0.99588395
0.99581388
0.99588786
0.99581068
0.99585065
0.99595488
0.99580415
0.99594863
0.99590110
0.99582398
0.99587372
0.99590765
0.99602297
0.99593496
0.99583733
0.99588390
0.99579969
0.99587830
0.99587854
0.99586633
0.99584496
0.99583754
0.99590477
0.99582972
0.99616885
0.99581032
0.99581463
0.99582578
0.99581402
0.99581078
0.99580308
0.99581969
0.99593599
0.99582023
0.99580092
0.99581425
0.99593381
0.99583972
0.99579969
0.99597206
0.99587123
0.99607245
0.99605970
0.99591553
0.99583176
0.99581786
0.99597533
0.99587377
0.99620937
0.99591227
0.99582455
0.99607718
0.99582120
0.99582745
0.99599275
0.99586589
0.99581982
0.99584799
0.99585620
0.99593274
0.99594622
0.99580632
0.99581610
0.99605957
0.99585685
0.99597893
0.99582863
0.99595492
0.99593375
0.99580136
0.99584441
0.99586700
0.99580027
0.99590364
0.99583208
0.99584990
0.99643370
0.99583041
0.99584962
0.99582872
0.99594018
0.99584381
0.99595413
0.99580827
0.99583482
0.99593329
0.99580356
0.99586055
0.99596958
0.99582538
0.99584282
0.99585944
0.99581558
0.99580963
0.99582505
0.99581080
0.99585167
0.99580220
0.99582477
0.99580279
0.99605638
0.99583693
0.99584308
0.99596308
0.99581340
0.99586241
0.99581777
0.99580868
0.99587154
0.99580550
0.99583092
0.99583871
0.99584921
0.99581485
0.99586446
0.99581605
0.99581592
0.99591005
0.99584936
0.99606549
0.99589444
0.99585969
0.99623531
0.99606646
0.99589500
0.99612642
0.99582001
0.99591919
0.99581354
0.99580903
0.99581328
0.99582356
0.99618049
0.99585580
0.99583458
0.99580094
0.99593526
0.99582243
0.99580451
0.99583649
0.99595639
0.99586631
0.99590704
0.99585702
0.99593113
0.99591820
0.99591841
0.99592464
0.99581408
0.99585462
0.99580249
0.99580349
0.99585732
0.99580708
0.99603446
0.99589641
0.99580367
0.99582582
0.99580500
0.99595790
0.99627198
0.99588894
0.99581111
0.99648944
0.99588978
0.99582553
0.99585745
0.99581802
0.99582079
0.99582598
0.99582885
0.99588837
0.99588516
0.99580954
0.99580835
0.99580656
0.99586379
0.99610711
0.99616822
0.99580050
0.99584421
0.99590356
0.99582762
0.99627364
0.99580853
0.99650614
0.99616391
0.99589514
0.99591082
0.99629279
0.99614943
0.99584977
0.99608588
0.99583529
0.99602669
0.99581832
0.99581782
0.99597765
0.99582655
0.99581587
0.99593516
0.99583597
0.99586280
0.99582469
0.99583579
0.99589881
0.99598738
0.99580606
0.99591226
0.99593196
0.99590501
0.99590544
0.99583749
0.99591447
0.99590995
0.99581476
0.99585768
0.99585795
0.99598010
0.99583972
0.99583107
0.99584961
0.99583152
0.99591774
0.99588928
0.99603550
0.99596653
0.99580703
0.99592897
0.99614279
0.99585553
0.99600160
0.99581831
0.99581861
0.99589037
0.99584638
0.99600618
0.99581939
0.99581535
0.99596260
0.99581131
0.99583884
0.99581074
0.99587770
0.99593470
0.99585468
0.99582586
0.99581516
0.99605144
0.99582608
0.99594611
0.99586282
0.99586890
0.99582327
0.99580075
0.99595931
0.99583623
0.99585140
0.99585626
0.99582578
0.99587948
0.99588052
0.99589992
0.99585550
0.99581415
0.99612131
0.99606746
0.99581977
0.99581878
0.99582622
0.99594902
0.99601672
0.99592162
0.99588622
0.99589548
0.99580166
0.99583070
0.99584292
0.99599792
0.99593070
0.99584320
0.99590243
0.99645197
0.99629562
0.99581468
0.99630787
0.99606667
0.99586030
0.99580744
0.99597531
0.99580408
0.99611264
0.99582732
0.99592709
0.99582375
0.99598456
0.99596344
0.99583122
0.99580809
0.99599891
0.99607860
0.99584099
0.99582331
0.99579899
0.99584055
0.99583896
0.99584490
0.99592335
0.99622834
0.99586480
0.99584758
0.99581631
0.99583115
0.99588507
0.99582837
0.99582176
0.99590752
0.99583051
0.99601638
0.99584249
0.99624582
0.99586833
0.99581596
0.99587682
0.99610788
0.99581218
0.99580883
0.99586103
0.99600761
0.99583107
0.99582889
0.99580438
0.99584711
0.99583533
0.99613384
0.99580671
0.99627141
0.99585819
0.99593780
0.99582107
0.99583018
0.99598311
0.99595773
0.99581585
0.99579950
0.99606174
0.99590832
0.99586452
0.99582186
0.99582128
0.99580906
0.99580358
0.99585944
0.99581212
0.99603023
0.99589487
0.99582959
0.99587584
0.99583276
0.99586796
0.99593844
0.99612295
0.99588980
0.99580787
0.99580672
0.99586466
0.99581092
0.99580714
0.99593919
0.99587612
0.99627295
0.99600591
0.99584392
0.99607781
0.99596709
0.99583349
0.99591139
0.99588272
0.99582228
0.99582525
0.99599811
0.99582043
0.99592722
0.99597980
0.99591789
0.99582383
0.99588951
0.99607324
0.99620502
0.99589188
0.99617727
0.99595118
0.99585192
0.99592915
0.99583371
0.99616130
0.99588347
0.99583488
0.99597593
0.99592516
0.99601253
0.99599248
0.99592419
0.99598836
0.99589654
0.99581010
0.99602719
0.99590794
0.99581230
0.99583375
0.99581359
0.99604692
0.99580791
0.99584968
0.99584000
0.99583901
0.99583347
0.99583047
0.99583646
0.99583240
0.99602239
0.99582567
0.99596412
0.99583801
0.99581421
0.99640200
0.99586079
0.99611758
0.99610381
0.99623182
0.99603300
0.99594992
0.99582673
0.99582669
0.99588182
0.99633540
0.99589149
0.99592759
0.99580656
0.99585828
0.99589451
0.99587621
0.99594331
0.99588321
0.99593967
0.99583781
0.99583104
0.99580111
0.99581798
0.99587594
0.99601887
0.99585384
0.99608289
0.99603570
0.99581773
0.99601550
0.99585264
0.99580725
0.99584862
0.99580369
0.99585308
0.99596256
0.99583826
0.99595884
0.99582256
0.99593234
0.99586837
0.99585127
0.99580095
0.99585290
0.99588288
0.99581456
0.99589686
0.99581579
0.99595048
0.99636202
0.99609772
0.99580918
0.99581487
0.99581879
0.99643423
0.99593487
0.99584299
0.99583119
0.99603511
0.99591924
0.99587269
0.99584736
0.99584813
0.99608758
0.99584947
0.99592177
0.99582088
0.99586555
0.99611151
0.99580838
0.99586997
0.99582874
0.99586410
0.99581104
0.99586665
0.99580811
0.99603916
0.99581678
0.99592926
0.99580368
0.99619544
0.99580796
0.99582524
0.99590826
0.99580194
0.99582150
0.99612206
0.99581685
0.99595614
0.99582708
0.99581392
0.99580664
0.99582059
0.99628870
0.99611449
0.99581757
0.99583194
0.99587246
0.99580578
0.99582877
0.99589138
0.99610309
0.99583464
0.99582770
0.99581636
0.99580175
0.99582673
0.99584767
0.99583083
0.99582269
0.99601998
0.99600524
0.99585225
0.99586502
0.99588189
0.99612607
0.99584359
0.99584942
0.99584120
0.99583246
0.99585535
0.99588268
0.99593993
0.99589951
0.99600561
0.99581353
0.99598247
0.99580458
0.99581789
0.99589842
0.99607035
0.99601858
0.99597428
0.99584541
0.99593400
0.99584686
0.99592765
0.99607281
0.99585545
0.99592002
0.99591478
0.99580824
0.99638683
0.99587451
0.99590788
0.99585843
0.99594951
0.99584926
0.99583520
0.99584842
0.99598463
0.99580908
0.99589538
0.99580232
0.99580592
0.99585549
0.99595874
0.99591217
0.99598784
0.99586639
0.99584124
0.99585941
0.99582404
0.99594053
0.99584055
0.99587198
0.99609395
0.99590854
0.99635924
0.99584782
0.99592986
0.99579981
0.99603654
0.99594435
0.99584268
0.99588150
0.99580645
0.99591006
0.99605751
0.99594445
0.99583554
0.99605493
0.99580600
0.99605555
0.99583207
0.99608591
0.99581800
0.99585118
0.99597631
0.99582128
0.99581830
0.99581160
0.99590795
0.99582065
0.99591774
0.99582151
0.99622563
0.99583231
0.99590962
0.99586937
0.99585249
0.99584131
0.99596553
0.99587799
0.99581583
0.99598905
0.99585844
0.99580659
0.99586106
0.99581319
0.99584188
0.99583500
0.99591279
0.99586624
0.99597680
0.99592498
0.99595851
0.99611552
0.99581524
0.99608984
0.99609106
0.99590627
0.99583078
0.99581538
0.99605831
0.99589613
0.99584940
0.99590271
0.99584790
0.99581734
0.99599480
0.99583154
0.99589374
0.99584984
0.99585221
0.99589201
0.99592963
0.99581018
0.99581571
0.99591125
0.99582000
0.99580909
0.99587034
0.99581566
0.99600421
0.99592733
0.99582172
0.99581510
0.99596673
0.99594851
0.99598811
0.99580774
0.99580705
0.99580675
0.99630093
0.99582145
0.99594938
0.99595767
0.99580251
0.99582648
0.99583602
0.99580315
0.99580204
0.99589255
0.99580920
0.99581779
0.99607662
0.99582521
0.99581566
0.99585247
0.99583293
0.99582306
0.99582584
0.99582738
0.99587889
0.99598673
0.99584437
0.99583697
0.99591883
0.99583611
0.99580528
0.99582834
0.99582860
0.99586072
0.99584298
0.99588046
0.99603919
0.99610706
0.99609864
0.99587441
0.99585422
0.99586317
0.99585419
0.99612604
0.99582483
0.99606171
0.99599785
0.99585245
0.99600238
0.99585501
0.99589733
0.99584668
0.99650052
0.99591214
0.99582308
0.99581514
0.99588042
0.99596600
0.99582177
0.99583429
0.99582354
0.99579973
0.99600501
0.99584506
0.99585368
0.99584980
0.99584308
0.99602614
0.99581252
0.99600393
0.99581084
0.99591031
0.99582908
0.99582040
0.99581035
0.99590331
0.99584407
0.99595281
0.99588142
0.99584450
0.99580801
0.99581622
0.99590065
0.99595109
0.99591260
0.99591323
0.99582179
0.99582106
0.99588100
0.99582980
0.99591699
0.99581752
0.99584447
0.99582260
0.99591623
0.99587262
0.99582768
0.99581797
0.99594389
0.99582299
0.99594561
0.99601318
0.99581263
0.99580185
0.99588457
0.99581730
0.99580901
0.99584767
0.99590340
0.99582247
0.99587878
0.99583759
0.99583098
0.99582511
0.99586859
0.99613452
0.99585553
0.99588075
0.99583536
0.99580750
0.99582494
0.99580710
0.99583354
0.99588542
0.99594484
0.99588970
0.99580168
0.99590823
0.99583202
0.99587752
0.99602835
0.99580229
0.99580779
0.99606999
0.99594066
0.99593849
0.99581680
0.99599576
0.99584693
0.99623297
0.99585505
0.99586003
0.99600280
0.99586442
0.99586303
0.99597222
0.99586105
0.99612724
0.99614053
0.99586530
0.99601784
0.99585056
0.99582912
0.99580760
0.99593119
0.99591853
0.99594431
0.99592421
0.99586227
0.99583330
0.99592158
0.99593661
0.99581904
0.99596581
0.99583118
0.99582898
0.99580584
0.99581226
0.99582734
0.99630264
0.99580566
0.99587665
0.99581458
0.99582125
0.99588960
0.99591924
0.99583578
0.99580825
0.99586126
0.99580583
0.99584518
0.99611223
0.99586959
0.99581298
0.99581505
0.99583409
0.99585580
0.99599260
0.99583218
0.99599860
0.99582134
0.99597244
0.99587388
0.99586974
0.99590970
0.99580794
0.99582953
0.99602638
0.99591754
0.99606474
0.99601150
0.99595920
0.99598243
0.99582307
0.99583167
0.99587000
0.99581259
0.99588288
0.99583736
0.99590762
0.99606112
0.99637001
0.99593624
0.99582611
0.99642464
0.99582067
0.99580150
0.99586232
0.99591205
0.99588537
0.99613304
0.99580063
0.99581927
0.99635807
0.99604522
0.99583941
0.99580619
0.99584095
0.99585860
0.99588973
0.99581817
0.99582926
0.99601734
0.99579990
0.99595908
0.99616362
0.99598565
0.99590136
0.99606558
0.99595198
0.99596983
0.99586883
0.99586854
0.99619216
0.99598987
0.99579752
0.99586865
0.99590934
0.99582925
0.99590846
0.99592379
0.99580922
0.99588165
0.99584713
0.99580257
0.99587300
0.99583963
0.99581118
0.99583567
0.99582393
0.99593957
0.99594280
0.99591229
0.99584087
0.99596308
0.99581590
0.99606363
0.99582453
0.99586042
0.99587312
0.99592603
0.99585301
0.99592478
0.99597995
0.99580412
