# NTRAJ	1000
0.99508197
0.99670766
0.99645346
0.99481659
0.99863287
0.99167963
0.99593086
0.99671844
0.99543355
0.99136182
0.99630400
0.99667449
0.99336968
0.99571177
0.99693655
0.99278335
0.99653489
0.99685990
0.99086432
0.99483619
0.99693660
0.99548204
0.99449667
0.99523459
0.99676045
0.99737708
0.99645507
0.99620941
0.99599987
0.99604564
0.99736009
0.99647103
0.99563528
0.99716831
0.99641848
0.99633890
0.99603876
0.99598996
0.99567662
0.99755400
0.99561295
0.99552909
0.99402610
0.99569898
0.99827722
0.99701053
0.99688370
0.99773179
0.99724644
0.99341302
0.99700860
0.99680274
0.99702690
0.99721831
0.99322225
0.99611904
0.99535376
0.99359459
0.99651817
0.99575226
0.99598933
0.99502232
0.99675566
0.99549675
0.99516853
0.99549605
0.99708650
0.99551787
0.99605801
0.99712884
0.99298526
0.99481861
0.99647967
0.99680399
0.99547823
0.99643088
0.99642956
0.99513220
0.99591693
0.99538203
0.99711696
0.99799217
0.99577324
0.99684991
0.99615813
0.99512590
0.99680140
0.99466620
0.99628545
0.99656059
0.99743403
0.99531216
0.99721123
0.99670160
0.99532840
0.99652294
0.99493269
0.99601256
0.99380744
0.99603803
0.99309986
0.99502535
0.99700207
0.99428479
0.99765920
0.99665629
0.99503116
0.99619986
0.99662392
0.99755754
0.99585094
0.99656232
0.99404332
0.99696499
0.99519546
0.99568459
0.99544092
0.99466881
0.99334552
0.99631182
0.99319621
0.99511504
0.99789657
0.99541945
0.99291397
0.99114929
0.99750638
0.99417909
0.99527005
0.99688459
0.99430109
0.99736409
0.99750042
0.99730656
0.99431028
0.99417046
0.99769142
0.99078999
0.99705267
0.99257590
0.99711310
0.99665236
0.99754449
0.99607044
0.99527502
0.99731826
0.99482957
0.99452458
0.99644942
0.99556794
0.99693697
0.99285407
0.99686665
0.99590200
0.99579372
0.99679999
0.99542981
0.99582380
0.99594687
0.99743069
0.99432352
0.99686982
0.99402196
0.99610805
0.99311489
0.99587627
0.99778708
0.99280351
0.99638968
0.99787686
0.99792702
0.99668460
0.99659009
0.99736332
0.99543315
0.99405313
0.99279108
0.99345893
0.99447307
0.99709724
0.99571198
0.99413774
0.99341222
0.99668880
0.99606825
0.99482237
0.99630425
0.99389693
0.99449985
0.99720441
0.99544045
0.99608323
0.99426194
0.99426866
0.99618137
0.99813568
0.99671834
0.99693150
0.99680139
0.99293883
0.99526145
0.99535400
0.99685815
0.99288195
0.99538985
0.99812784
0.99613360
0.99806476
0.99608495
0.99585837
0.99377465
0.99749146
0.99696255
0.99588013
0.99660545
0.99349204
0.99701811
0.99693340
0.99531153
0.99594250
0.99596286
0.99692506
0.99739207
0.99745550
0.99433837
0.99323460
0.99575928
0.99473793
0.99611576
0.99620899
0.99786933
0.99523943
0.99074174
0.99534879
0.99293893
0.99751175
0.99557460
0.99632939
0.99630277
0.99690559
0.99626509
0.99600230
0.99685326
0.99758412
0.99221820
0.99559756
0.99057673
0.99651754
0.99707945
0.99699744
0.99707799
0.99724502
0.99426622
0.99784170
0.99328329
0.99509447
0.99626062
0.99565248
0.99527867
0.99539820
0.99689410
0.99403490
0.99668582
0.99811754
0.99420912
0.99430281
0.99617453
0.99400951
0.99522265
0.99494243
0.99558124
0.99270401
0.99622139
0.99619845
0.99678331
0.99544798
0.99704618
0.99691508
0.99272866
0.99764505
0.99628908
0.99750193
0.99827029
0.99661020
0.99670214
0.99585023
0.99508430
0.99145814
0.98984800
0.99330168
0.99466424
0.99290837
0.99766959
0.99657848
0.99783918
0.99605281
0.99505730
0.99097391
0.99539319
0.99526890
0.99813671
0.99763866
0.99513016
0.99614118
0.99828600
0.99544973
0.99628780
0.99489974
0.99317727
0.99586390
0.99684179
0.99784066
0.99592837
0.99609664
0.99663829
0.99567859
0.99798371
0.99485123
0.99225773
0.99501066
0.99667896
0.99604929
0.99696564
0.99712313
0.99724851
0.99629920
0.99587354
0.99434562
0.99583475
0.99715325
0.99661435
0.99680225
0.99445002
0.99595826
0.99653735
0.99653410
0.99658809
0.99722320
0.99624616
0.99593820
0.99556044
0.99759960
0.99623847
0.99448394
0.99721311
0.99687578
0.99401586
0.99491560
0.99556226
0.99646489
0.99710753
0.99566795
0.99661981
0.99617517
0.99643602
0.99731191
0.99648551
0.99304727
0.99518826
0.99446937
0.99781799
0.99623985
0.99588851
0.99763209
0.98908351
0.99422373
0.99277445
0.99632923
0.99458754
0.99470630
0.99114062
0.99647962
0.99648114
0.99604946
0.99661418
0.99567396
0.99736832
0.99533487
0.99577943
0.99331217
0.99348774
0.99576554
0.99655986
0.99184151
0.99378768
0.99322615
0.99487365
0.99699454
0.99694465
0.99696814
0.99604525
0.99781002
0.99355071
0.99463572
0.99709244
0.99638237
0.99571440
0.99698561
0.99579073
0.99606362
0.99665593
0.99501647
0.99801746
0.99479075
0.99743609
0.99077111
0.99410710
0.99720891
0.99640208
0.99515104
0.99524732
0.99518295
0.99643953
0.99576291
0.99757015
0.99693099
0.99771716
0.99372990
0.99356742
0.99252105
0.99502052
0.99627432
0.99797171
0.99708453
0.99790742
0.99714291
0.99537312
0.99223214
0.99695623
0.99434166
0.99699204
0.99749899
0.99659206
0.99640597
0.99607144
0.99428712
0.99625398
0.99717374
0.99494864
0.99597767
0.99795954
0.99616148
0.99546800
0.99571470
0.99590248
0.99536282
0.99798089
0.99670093
0.99379202
0.99720254
0.99641281
0.99697550
0.99567097
0.99474882
0.99543817
0.99476470
0.99636579
0.99452474
0.99646148
0.99010270
0.99559615
0.99429893
0.99099150
0.99511236
0.99643278
0.99445700
0.99505093
0.99511967
0.99718944
0.99493577
0.99414293
0.99434500
0.99391466
0.99724488
0.99679845
0.99684371
0.99535343
0.99365519
0.99566453
0.99705823
0.99579330
0.99622764
0.99458252
0.99292895
0.99712567
0.99360518
0.99669901
0.99743238
0.99599333
0.99547124
0.99625361
0.99268090
0.99755297
0.99512705
0.99713285
0.99742072
0.99514434
0.99662650
0.99606880
0.99676571
0.99590432
0.99720010
0.99688245
0.99554380
0.99656037
0.99667052
0.99723514
0.99438778
0.99736251
0.99544726
0.99696895
0.99618191
0.99720169
0.99565621
0.99639198
0.99587809
0.99597618
0.99604253
0.99648467
0.99416553
0.99654973
0.99657002
0.99505192
0.99582525
0.99298574
0.99425266
0.99523320
0.99674688
0.99734411
0.99808384
0.99728316
0.99484472
0.99638032
0.99669765
0.99536615
0.99509261
0.99535676
0.99306020
0.99588348
0.99697081
0.99674167
0.99557362
0.99354788
0.99498337
0.99627496
0.99505197
0.99619883
0.99760820
0.99731313
0.99604544
0.99193854
0.99558077
0.99415264
0.99521039
0.99061468
0.99715607
0.99640432
0.99534350
0.99712795
0.99131821
0.99557408
0.99654936
0.99606130
0.99636737
0.99604227
0.99694773
0.99369909
0.99095409
0.99677750
0.99687582
0.99712520
0.99638328
0.99326837
0.99680300
0.99481745
0.99723736
0.98999591
0.99353276
0.99694715
0.99683129
0.99759501
0.99584333
0.99516195
0.99666449
0.99774219
0.99559946
0.99725513
0.99672927
0.99351871
0.99660790
0.99610335
0.99670769
0.99501191
0.99690731
0.99582075
0.99627410
0.99567144
0.99441352
0.99647511
0.99623677
0.99344667
0.99805387
0.99649141
0.99581334
0.99582041
0.99668693
0.99442444
0.99158421
0.99622229
0.99555317
0.99433808
0.99283708
0.99298079
0.99507909
0.99645945
0.99600342
0.99513255
0.99576595
0.99610264
0.99249724
0.99514878
0.99682963
0.99611855
0.99295572
0.99464723
0.99396593
0.99630041
0.99586283
0.99691082
0.99579310
0.99587103
0.99530271
0.99795949
0.99746122
0.99549308
0.99625373
0.99617169
0.99691607
0.99584038
0.99669047
0.99491770
0.99692701
0.99725689
0.99387260
0.99643186
0.99425908
0.99642103
0.99417767
0.99164396
0.99570675
0.99517974
0.99651336
0.99769263
0.99593237
0.99690513
0.99699077
0.99689695
0.99769110
0.99523866
0.99741630
0.99738712
0.99516124
0.99679074
0.99558489
0.99652587
0.99217983
0.99646385
0.99657459
0.99678862
0.99564288
0.99382096
0.99454089
0.99642931
0.99638298
0.99748504
0.99525773
0.99659769
0.99487073
0.99675710
0.99730688
0.99530198
0.99619919
0.99661082
0.99677899
0.99561528
0.99531911
0.99710293
0.99472742
0.99607465
0.99444335
0.99587387
0.99552827
0.99425821
0.99671609
0.99485313
0.99522284
0.99614298
0.99617420
0.99702561
0.99629562
0.99495984
0.99467162
0.99659458
0.99622989
0.99657290
0.99612747
0.99409702
0.99742134
0.99607833
0.99791405
0.99433805
0.99488049
0.99478156
0.99535967
0.99564555
0.99620777
0.99780376
0.99634137
0.99477075
0.99328831
0.99426609
0.99761134
0.99811957
0.99394229
0.98936008
0.99434226
0.99707293
0.99817585
0.99805880
0.99580187
0.99736180
0.99575748
0.99527911
0.99670205
0.99333467
0.99598398
0.99602776
0.99627258
0.99112284
0.99409223
0.99593446
0.99578192
0.99337026
0.99169949
0.99619177
0.99555821
0.99683154
0.99641187
0.99620739
0.99682870
0.99446063
0.99482315
0.99374702
0.99674403
0.99658969
0.99621639
0.99560862
0.99707386
0.99640324
0.99443520
0.99789712
0.99534794
0.99671905
0.99522328
0.99605544
0.99470545
0.99435659
0.99703948
0.99797103
0.99522398
0.99662867
0.99491386
0.99505090
0.99680099
0.99560018
0.99268137
0.99578999
0.99725870
0.99751607
0.99669419
0.99705029
0.99618085
0.99286387
0.99524457
0.99582527
0.99298978
0.99690911
0.99279888
0.99690377
0.99389848
0.99719919
0.99775240
0.99763070
0.99593347
0.99167611
0.99615508
0.99634376
0.99644748
0.99330208
0.99640359
0.99598314
0.99494470
0.99532736
0.99598903
0.99564255
0.99521393
0.99573692
0.99448975
0.99659463
0.99449625
0.99677705
0.99266295
0.99677431
0.99673870
0.99646014
0.99397398
0.99741311
0.99176055
0.99723777
0.99715243
0.99724444
0.99501658
0.98933340
0.99658404
0.99622592
0.99425494
0.99589118
0.99772470
0.99503216
0.99473795
0.99528415
0.99639046
0.99722286
0.99675245
0.99797056
0.99743921
0.99615847
0.99687046
0.99614790
0.99699819
0.99680026
0.99683326
0.99512016
0.99786524
0.99593553
0.99543610
0.99588641
0.99579073
0.99727418
0.99640299
0.99613632
0.99753390
0.99778356
0.99757641
0.99729344
0.99773382
0.99530192
0.99556855
0.98997014
0.99778791
0.99802576
0.99486912
0.99806225
0.99629495
0.99340861
0.99447732
0.99229188
0.99525749
0.99687716
0.99313371
0.99415789
0.99234640
0.99659579
0.99707622
0.99791221
0.99492706
0.99394253
0.99447563
0.99403217
0.99634063
0.99615731
0.99806407
0.99574950
0.99676977
0.99542815
0.99553008
0.99473089
0.99783799
0.99500034
0.99564005
0.99653884
0.99728965
0.99634626
0.99629070
0.99775047
0.99788267
0.99410256
0.99684590
0.99462054
0.99582233
0.99761231
0.99629966
0.99313376
0.99659058
0.99680140
0.99539208
0.99481877
0.99646941
0.99696505
0.99732294
0.99716698
0.99667842
0.99501610
0.99601719
0.99551184
0.99665439
0.99424559
0.99752198
0.99684631
0.99756534
0.99471128
0.99824996
0.99687407
0.99630276
0.99628874
0.99753820
0.99686980
0.98983441
0.99549088
0.99326318
0.99686504
0.99592996
0.99609627
0.99677865
0.99595720
0.99497470
0.99420829
0.99630447
0.99735807
0.99652067
0.99513683
0.99716194
0.99489463
0.99570149
0.99683289
0.99587874
0.99700370
0.99675128
0.99143225
0.99481545
0.99750745
0.99671188
0.99089938
0.99571293
0.99730618
0.99685456
0.99447243
0.99583876
0.99471991
0.99488893
0.99631294
0.99695450
0.99743918
0.99660290
0.99313246
0.99345105
0.99771309
0.99483245
0.99463262
0.99662366
0.99706222
0.99692484
0.99395743
0.99703053
0.99718599
0.99618445
0.99764759
0.99458506
0.99608376
0.99657197
0.99303555
0.99512197
0.99715776
0.99455307
0.99608329
0.99243364
0.99452314
0.99681628
0.99435819
0.99678713
0.99717848
0.99434638
0.99602277
0.99637667
0.99644101
0.99466459
0.99409861
0.99513333
0.99730993
0.99628530
