# NTRAJ	1000
0.46252768
0.42384667
0.39341462
0.42544750
0.43971908
0.46078780
0.55829618
0.50651434
0.45132759
0.37649515
0.52378422
0.41229269
0.38757393
0.51255590
0.37713256
0.55603918
0.40233530
0.54266376
0.36234848
0.44722213
0.49782874
0.19779469
0.33815537
0.56607562
0.54175994
0.40347048
0.45300554
0.46335131
0.41815760
0.43638199
0.54692071
0.48683839
0.38859984
0.40900229
0.52309625
0.40659542
0.45379045
0.50344323
0.37655486
0.47806395
0.44124932
0.49344937
0.40527719
0.53618854
0.52839598
0.55283946
0.41540232
0.40930363
0.42035379
0.45371927
0.43110024
0.59847322
0.46581323
0.47116831
0.54346231
0.37150568
0.30500715
0.49295432
0.49151982
0.50759122
0.40979581
0.51780580
0.51437958
0.46021517
0.53951847
0.40507748
0.49021252
0.34242379
0.46610705
0.48172013
0.38198705
0.43124047
0.42291526
0.48264918
0.44605082
0.56528309
0.35096341
0.48685072
0.26593319
0.40363254
0.51189634
0.47296818
0.58247831
0.56940328
0.58934026
0.53021386
0.53917217
0.50894455
0.51263824
0.41546756
0.47830702
0.56298554
0.41714103
0.45625485
0.45554579
0.47976000
0.48500279
0.36547676
0.51678035
0.53766250
0.56686683
0.54301040
0.54331430
0.43679734
0.50532588
0.36288024
0.49619037
0.46153351
0.44470153
0.42003187
0.42611312
0.40447230
0.58381014
0.52418638
0.39548353
0.43447679
0.48958948
0.41573436
0.42962363
0.54447171
0.44099037
0.48689850
0.37117861
0.54847627
0.53993142
0.45063693
0.54871889
0.49937682
0.44960896
0.37747214
0.34286789
0.53560803
0.48904784
0.45374565
0.35502558
0.44831422
0.45277971
0.32545974
0.51811120
0.41435232
0.51895796
0.53059601
0.35491438
0.37553017
0.25094294
0.44715537
0.45760311
0.42967073
0.53160481
0.44875846
0.40798746
0.47162736
0.46064711
0.51001619
0.41440263
0.37309663
0.39734548
0.47877743
0.49291756
0.34886957
0.21878328
0.40456615
0.26144400
0.30559278
0.33161472
0.50582464
0.56879747
0.52882680
0.45163433
0.40599564
0.49214312
0.28246780
0.43699183
0.50332315
0.52320707
0.42998377
0.47392524
0.38830589
0.41313052
0.41788872
0.45750441
0.54079060
0.45616692
0.33538319
0.50945230
0.47926463
0.40533760
0.46679948
0.48725530
0.39147778
0.26772264
0.55246376
0.59292351
0.36324880
0.41996035
0.43811673
0.49976381
0.47107436
0.47674882
0.44180855
0.51959588
0.47242664
0.45819239
0.46494001
0.44601654
0.23259038
0.44005048
0.48676715
0.37694644
0.51282756
0.40044266
0.47668742
0.54675597
0.28876029
0.46038018
0.44766817
0.46815546
0.41999743
0.44417165
0.54089183
0.50061223
0.45034827
0.41081048
0.50716290
0.43618102
0.42902613
0.53609288
0.36720055
0.59726599
0.48715531
0.56020831
0.50866798
0.46007504
0.54771120
0.34902223
0.56099709
0.45182081
0.35193809
0.59405681
0.47709824
0.40856531
0.52508370
0.32822996
0.40734890
0.40285144
0.46829470
0.51708640
0.52203942
0.45311681
0.52134721
0.24144109
0.55417747
0.49571615
0.33623017
0.33493486
0.53400329
0.38445468
0.52829664
0.46787800
0.52707155
0.35654017
0.56864371
0.41153787
0.41505677
0.38092463
0.47785050
0.55538333
0.49311299
0.50650760
0.38604991
0.47127147
0.47914212
0.46386339
0.46912307
0.53100804
0.38858613
0.36227040
0.50326974
0.52896541
0.51478823
0.53388430
0.51716364
0.48473783
0.50491877
0.42200568
0.43279123
0.51290359
0.23066023
0.38062044
0.54605969
0.56963763
0.41878909
0.57961863
0.13958395
0.39397014
0.58295723
0.45560370
0.50557819
0.54320960
0.48685472
0.45147236
0.37808750
0.31935651
0.48677747
0.48758309
0.50524949
0.54805036
0.42760888
0.56415373
0.42542228
0.50504635
0.43203384
0.49406485
0.52906651
0.43893136
0.46668820
0.56155902
0.38617350
0.36521188
0.28334941
0.50107304
0.50862494
0.39449907
0.45467381
0.35502014
0.55897910
0.46911420
0.42598020
0.51271421
0.33705316
0.57265799
0.31401245
0.38029629
0.51008694
0.27365426
0.59423538
0.61745159
0.47092428
0.33442724
0.57049514
0.44986063
0.54858861
0.48023222
0.42306356
0.51660228
0.55306140
0.57699168
0.51648274
0.46522563
0.53450635
0.48191550
0.28820711
0.41604966
0.34282372
0.54694306
0.36467668
0.40241657
0.37574203
0.40304327
0.49545431
0.41659402
0.60170871
0.45334697
0.38702831
0.49518819
0.53135075
0.45933357
0.40168048
0.53947919
0.50983661
0.29707309
0.34145462
0.51434997
0.49872256
0.43476665
0.52965913
0.51927427
0.47400218
0.51777171
0.48577235
0.38665326
0.49982744
0.54779814
0.49765014
0.15176909
0.49046020
0.40923530
0.42114622
0.37111254
0.54026472
0.30055281
0.50524701
0.30007541
0.50123475
0.60482975
0.47337174
0.41987844
0.46145888
0.52440386
0.56030626
0.52278338
0.49614444
0.52640676
0.44825971
0.46610162
0.50111960
0.59135269
0.36461617
0.47558016
0.49900781
0.51950261
0.49705217
0.41896976
0.52809357
0.41628520
0.43688852
0.48408573
0.55864811
0.46156403
0.47758618
0.36379419
0.46997100
0.47177633
0.57256283
0.45137506
0.19509572
0.45220865
0.54028246
0.55254864
0.22732063
0.45517916
0.29382013
0.41640768
0.48247666
0.41688705
0.28830308
0.56842161
0.58234271
0.37835487
0.35727432
0.49339669
0.33615375
0.41041267
0.37569806
0.40727685
0.41758635
0.54806946
0.46209300
0.42579899
0.51816001
0.54452876
0.31790628
0.57595757
0.47135407
0.34431124
0.48906460
0.46402915
0.43358254
0.51563660
0.52133204
0.51150052
0.52834848
0.40077251
0.26008086
0.52837882
0.42129824
0.36804324
0.46158857
0.55956359
0.46391796
0.47211109
0.60185832
0.44019074
0.46014242
0.50294563
0.45629259
0.22670231
0.34964960
0.54619423
0.44372804
0.51080183
0.28797847
0.48951587
0.52243391
0.36784893
0.14225300
0.28817408
0.29471726
0.48388590
0.44492170
0.42484148
0.42790468
0.38133158
0.57708701
0.46576444
0.53860067
0.53047761
0.34201575
0.55365968
0.56101590
0.57450020
0.26759258
0.41240368
0.46578902
0.42804978
0.44062615
0.56554538
0.49273528
0.40290235
0.38865862
0.51305013
0.41024320
0.53990315
0.47820763
0.57565105
0.60320721
0.54357167
0.37019443
0.37905988
0.47863773
0.40803700
0.64599566
0.45864169
0.18401614
0.37942199
0.49096039
0.54464510
0.41289047
0.54962061
0.40137527
0.23319395
0.47575172
0.56405349
0.46947019
0.54392498
0.42952053
0.50323542
0.54514185
0.39966495
0.39497721
0.58676615
0.46819100
0.57312881
0.36344373
0.22514472
0.36340635
0.41560969
0.48013971
0.45481877
0.44455914
0.42591390
0.51308176
0.44319266
0.43379239
0.37282749
0.45637796
0.53617221
0.38053406
0.44243843
0.40885886
0.54846766
0.57512685
0.40625512
0.44755418
0.55936018
0.55519606
0.58557875
0.47598229
0.52275755
0.61798092
0.44339513
0.49347368
0.45459057
0.34995910
0.40969742
0.38018755
0.51150505
0.60696754
0.58543008
0.39645456
0.59157214
0.51865347
0.55030895
0.44290385
0.56621391
0.51775823
0.49192070
0.55678654
0.47281819
0.56014009
0.53147894
0.47254405
0.49491831
0.46943088
0.31002996
0.51584853
0.38772228
0.45952189
0.36935666
0.53382805
0.53108077
0.53690917
0.56917393
0.55219949
0.36681094
0.43665403
0.52505420
0.43313260
0.54779737
0.58727059
0.56935148
0.53672776
0.37134935
0.35642647
0.51539572
0.37764938
0.45634432
0.36220053
0.44712988
0.52087559
0.51466495
0.47531393
0.51559693
0.50342935
0.59744473
0.49386716
0.59155235
0.54666505
0.52470333
0.39583712
0.47735302
0.44366219
0.46478224
0.44372074
0.56264511
0.46925109
0.38589472
0.22610466
0.42988031
0.45302615
0.55133706
0.49892966
0.28201686
0.51517768
0.43130843
0.57906011
0.48691528
0.46369824
0.42587880
0.29649173
0.47941193
0.51615015
0.51882739
0.53361753
0.48672582
0.49343557
0.38106380
0.53371733
0.31448400
0.58115240
0.42969838
0.22817286
0.50932067
0.51979675
0.44133190
0.48686404
0.34422309
0.42171442
0.32675236
0.15733814
0.46778570
0.44763684
0.59184963
0.46381905
0.60778624
0.35731651
0.47412500
0.48166496
0.51094094
0.36089502
0.37215098
0.48902019
0.36379746
0.49440801
0.59344284
0.52060547
0.47192102
0.43881765
0.56244450
0.41681279
0.55547196
0.35026601
0.29008488
0.38499680
0.50327248
0.43821146
0.38103310
0.44658066
0.54280836
0.35684551
0.22533923
0.32290252
0.51912504
0.52500546
0.54608743
0.53600012
0.08788836
0.40501069
0.46707851
0.37765121
0.41155021
0.50347900
0.53254562
0.51988458
0.49082430
0.54838946
0.52520595
0.44103652
0.50679630
0.44699133
0.55731713
0.58307284
0.55343879
0.47243527
0.45339445
0.47984052
0.46886779
0.43138395
0.46568763
0.56556101
0.30375833
0.38640825
0.39031951
0.49600328
0.29548598
0.42458704
0.37879611
0.39665337
0.47123334
0.41205487
0.50595162
0.32727706
0.54226852
0.51336024
0.49248468
0.49895704
0.54044231
0.51515450
0.54097088
0.41203184
0.33176453
0.49570993
0.48361950
0.60022701
0.49035710
0.48007665
0.39583092
0.45961016
0.48450496
0.52842591
0.48354069
0.54181621
0.41075138
0.44030115
0.42611347
0.51942481
0.33603327
0.42544065
0.53818246
0.43264489
0.55470645
0.51697281
0.38919197
0.33802958
0.42497512
0.53488254
0.55127300
0.57394609
0.38191582
0.53262219
0.59069215
0.47537968
0.48217706
0.48578513
0.53673012
0.47868982
0.52491085
0.34877460
0.53817851
0.38423444
0.52161757
0.54930125
0.53310233
0.43216905
0.56751169
0.25249611
0.50683141
0.42171157
0.18023106
0.51688628
0.53498068
0.43580544
0.44479977
0.54353404
0.47379968
0.38853012
0.56148480
0.45840636
0.42760441
0.34306057
0.48822112
0.51553804
0.54086481
0.50943904
0.43674634
0.53120853
0.42514349
0.55376946
0.49021520
0.57904687
0.48751707
0.33081322
0.49179615
0.39194613
0.43195047
0.53448544
0.34968323
0.41061647
0.50817547
0.47049270
0.37931593
0.38995815
0.48554886
0.37559852
0.47958224
0.54702237
0.27645087
0.33484029
0.29517299
0.56411909
0.47336449
0.54233838
0.47638438
0.47755796
0.54250500
0.56226890
0.45281111
0.50719748
0.49784164
0.51723002
0.54977660
0.48234555
0.47438132
0.55823774
0.55276294
0.46510220
0.49643748
0.55563344
0.48382923
0.44231317
0.22139777
0.51658630
0.40739449
0.39977586
0.55786008
0.43511567
0.40550296
0.34045123
0.35017697
0.48920597
0.43191779
0.36555746
0.26011943
0.48610145
0.47218792
0.46218452
0.42562447
0.31962683
0.38081962
0.50368557
0.40957628
0.39786340
0.48501988
0.47264949
0.51248451
0.55259595
0.51564544
0.49881650
0.48857791
0.40460835
0.55061106
0.49201607
0.39817309
0.52622364
0.52885828
0.55408181
0.11277047
0.50785304
0.40533150
0.52010798
0.42494184
0.44039023
0.43684370
0.37119383
0.54641610
0.53059648
0.48327596
0.41806008
0.36151561
0.35823698
0.34754022
0.55247296
0.40697326
0.39032144
0.39313633
0.51308838
0.50903823
0.57625780
0.39778007
0.60016033
0.25193157
0.62808944
0.54305102
0.45897522
0.41871762
0.53624823
0.43370862
0.47145426
0.48884028
0.42731688
0.32102684
0.47688608
0.61563779
0.52921018
0.48964313
0.27737313
0.45474073
0.44588442
0.39291221
0.48172903
0.52068617
0.55693257
0.49087604
0.29730182
0.48539857
0.50598073
0.48960762
0.53358869
0.52401687
0.54027416
0.53528450
0.46017952
0.31208787
0.58115167
0.46014325
0.23379901
0.46281366
0.48674169
0.50963781
0.59194498
0.17995021
0.38858642
0.49006602
0.51900735
0.60349330
0.49878046
0.47081694
0.41456023
0.45552274
0.52804415
0.36023228
0.48277205
0.38855676
0.48500772
0.39201617
0.46115123
0.50266212
0.51300846
0.48165631
0.52639325
0.58040607
0.46455667
0.41634429
0.53625450
0.53665000
0.53350672
0.54516687
0.50489185
0.17944314
0.58418302
0.47277734
0.46442658
0.39378327
0.49839429
0.46893505
0.40766213
0.32787349
0.53812677
0.59851536
0.46505977
