# NTRAJ	1000
0.88848419
0.09558480
0.09558480
0.09558480
0.09558480
0.97477012
0.09558480
0.09558480
0.09558480
0.99011896
0.09558480
0.95795319
0.09558480
0.09558480
0.09558480
0.09558480
0.74661395
0.09558480
0.09558480
0.09558480
0.09558480
0.78882034
0.09558480
0.98510508
0.09558480
0.09558480
0.09558480
0.09558480
0.09558480
0.09558480
0.99755783
0.71535078
0.99339060
0.09558480
0.98259076
0.09558480
0.09558480
0.09558480
0.09558480
0.56466746
0.09558480
0.09558480
0.53586451
0.09558480
0.09558480
0.09558480
0.99984079
0.09558480
0.09558480
0.28557786
0.44071907
0.69455354
0.99894245
0.09558480
0.09558480
0.09558480
0.70116319
0.94834639
0.09558480
0.09558480
0.09558480
0.09558480
0.92118435
0.09558480
0.09558480
0.94639785
0.09558480
0.99999832
0.09558480
0.65609464
0.09558480
0.95586659
0.99976111
0.09558480
0.09558480
0.09558480
0.92146496
0.99999884
0.09558480
0.98407489
0.09558480
0.09558480
0.09558480
0.89698810
0.09558480
0.09558480
0.09558480
0.96514866
0.99999131
0.09558480
0.09558480
0.97174907
0.09558480
0.97768275
0.09558480
0.09558480
0.09558480
0.92005559
0.09558480
0.97189150
0.09558480
0.84103861
0.75374103
0.23521520
0.99374147
0.09558480
0.09558480
0.99038954
0.09558480
0.09558480
0.09558480
0.99969125
0.09558480
0.09558480
0.09558480
0.95663314
0.99999995
0.65162901
0.09558480
0.09558480
0.09558480
0.09558480
0.99792807
0.80166967
0.98388235
0.86128430
0.09558480
0.09558480
0.99997312
0.09558480
0.79082534
0.99988444
0.81781352
0.09558480
0.09558480
0.09558480
0.09558480
0.99932208
0.71359507
0.89431160
0.86947185
0.09558480
0.09558480
0.09558480
0.88952640
0.69273942
0.09558480
0.09558480
0.09558480
0.09558480
0.09558480
0.99911433
0.90413236
0.09558480
0.09558480
0.09558480
0.99586707
0.09558480
0.09558480
0.09558480
0.99945968
0.09558480
0.09558480
0.99992863
0.09558480
0.99286488
0.09558480
0.95024780
0.09558480
0.09558480
0.82514945
0.09558480
0.09558480
0.09558480
0.09558480
0.09558480
0.09558480
0.09558480
0.71124618
0.09558480
0.09558480
0.09558480
0.09558480
0.66116842
0.99990658
0.09558480
0.09558480
0.91366522
0.09558480
0.09558480
0.66558157
0.09558480
0.09558480
0.09558480
0.09558480
0.89363590
0.09558480
0.09558480
0.09558480
0.99297237
0.98807004
0.09558480
0.99999278
0.99827372
0.09558480
0.09558480
0.09558480
0.99895550
0.09558480
0.09558480
0.09558480
0.09558480
0.98693978
0.88917966
0.09558480
0.99945968
0.09558480
0.09558480
0.09558480
0.85647386
0.98248850
0.86365356
0.09558480
0.09558480
0.90476617
0.70474031
0.86754906
0.09558480
0.99863879
0.09558480
0.09558480
0.56188293
0.99836660
0.09558480
0.66809220
0.97245631
0.09558480
0.99996989
0.88029615
0.99440230
0.82785705
0.09558480
0.09558480
0.98309580
0.92341150
0.99694210
0.09558480
0.09558480
0.09558480
0.99354267
0.94770213
0.09558480
0.09558480
0.99398366
0.09558480
0.09558480
0.81966324
0.96644834
0.09558480
0.09558480
0.91543873
0.09558480
0.88708533
0.09558480
0.09558480
0.87699669
0.94462592
0.09558480
0.09558480
0.09558480
0.09558480
0.09558480
0.09558480
0.99849028
0.09558480
0.99618417
0.99611531
0.91689904
0.41996210
0.09558480
0.09558480
0.09558480
0.09558480
0.09558480
0.90696405
0.69636275
0.09558480
0.99974822
0.09558480
0.09558480
0.09558480
0.97287478
0.99453701
0.98378546
0.09558480
0.09558480
0.09558480
0.09558480
0.09558480
0.99549246
0.09558480
0.09558480
0.09558480
0.09558480
0.86908862
0.09558480
0.09558480
0.09558480
0.95961064
0.09558480
0.09558480
0.64003636
0.09558480
0.09558480
0.99982811
0.09558480
0.34172630
0.09558480
0.99930316
0.80793103
0.86908862
0.09558480
0.97816437
0.09558480
0.09558480
0.09558480
0.09558480
0.09558480
0.09558480
0.09558480
0.09558480
0.99999655
0.09558480
0.09558480
0.69996638
0.93011221
0.09558480
0.09558480
0.09558480
0.09558480
0.86168084
0.93242922
0.65098910
0.09558480
0.09558480
0.55769544
0.09558480
0.09558480
0.09558480
0.09558480
0.09558480
0.80264007
0.09558480
0.81267283
0.09558480
0.09558480
0.09558480
0.09558480
0.09558480
0.87920230
0.09558480
0.09558480
0.09558480
0.09558480
0.89896792
0.09558480
0.99981118
0.09558480
0.09558480
0.09558480
0.09558480
0.09558480
0.90789627
0.09558480
0.95720220
0.96210108
0.09558480
0.22261495
0.94166571
0.09558480
0.99945968
0.09558480
0.09558480
0.09558480
0.84317761
0.09558480
0.09558480
0.98977312
0.78477979
0.09558480
0.09558480
0.09558480
0.96864311
0.09558480
0.99374147
0.81548664
0.98186609
0.09558480
0.09558480
0.09558480
0.99045635
0.98186609
0.46210033
0.09558480
0.99948290
0.09558480
0.88708533
0.99995148
0.09558480
0.69816704
1.00000000
0.98718811
0.09558480
0.09558480
0.09558480
0.09558480
0.29804474
0.55559695
0.09558480
0.72921062
0.09558480
0.09558480
0.99797121
0.09558480
0.99975687
0.09558480
0.09558480
0.09558480
0.83143029
0.09558480
0.09558480
0.09558480
0.09558480
0.99421895
0.09558480
0.09558480
0.09558480
0.09558480
0.09558480
0.85280312
0.09558480
0.09558480
0.89863959
0.09558480
0.98875879
0.09558480
0.09558480
0.09558480
0.09558480
0.99941921
0.09558480
0.09558480
0.09558480
0.09558480
0.09558480
0.88246594
0.96848967
0.99838472
0.99225233
0.96864311
0.99999382
0.93593433
0.09558480
0.09558480
0.09558480
0.09558480
0.09558480
0.94813222
0.09558480
0.09558480
0.09558480
0.70056506
0.09558480
0.36109559
0.91514475
0.99926414
0.09558480
0.97059185
0.09558480
0.99505225
0.09558480
0.09558480
0.09558480
0.09558480
0.09558480
0.84740581
0.09558480
0.09558480
0.99989597
0.84487686
0.09558480
0.87061754
0.77189239
0.09558480
0.99590323
0.09558480
0.98883353
0.09558480
0.09558480
0.09558480
0.95528580
0.97503323
0.09558480
0.09558480
0.09558480
0.09558480
0.09558480
0.97945160
0.98890791
0.99379046
0.09558480
0.09558480
0.09558480
0.09558480
0.09558480
0.24016136
0.09558480
0.99917026
0.99932208
0.09558480
0.09558480
0.99981466
0.92033873
0.09558480
0.92906632
0.09558480
0.09558480
0.89962262
0.09558480
0.09558480
0.09558480
0.82830601
0.09558480
0.78781402
0.09558480
0.99998119
0.09558480
0.09558480
0.09558480
0.99453701
0.85687839
0.09558480
0.09558480
0.09558480
0.09558480
0.99939385
0.09558480
0.90727544
0.09558480
0.09558480
0.72347608
0.09558480
0.86638740
0.09558480
0.99860679
0.09558480
0.88138403
0.09558480
0.09558480
0.96802629
0.09558480
0.09558480
0.09558480
0.97217488
0.09558480
0.77554046
0.99996638
0.99978145
0.09558480
0.09558480
1.00000000
0.99679432
0.09558480
0.97490191
0.99992000
0.95942867
0.56605756
0.09558480
0.09558480
0.09558480
0.09558480
0.99242302
0.09558480
0.09558480
0.09558480
0.09558480
0.09558480
0.09558480
0.99832991
0.09558480
0.09558480
0.09558480
0.09558480
0.09558480
0.09558480
0.09558480
0.09558480
0.66746531
0.09558480
0.63808916
0.99999382
0.09558480
0.99959417
0.09558480
0.09558480
0.09558480
0.09558480
0.09558480
0.99492693
0.55769544
0.99978145
0.99939385
0.09558480
0.09558480
0.09558480
0.09558480
0.09558480
0.09558480
0.09558480
0.09558480
0.98710571
0.86168084
0.09558480
0.09558480
0.09558480
0.09558480
0.09558480
0.09558480
0.09558480
0.09558480
0.09558480
0.09558480
0.09558480
0.09558480
0.09558480
0.09558480
0.95045618
0.17578029
0.94327216
0.09558480
0.47675855
0.99896843
0.99753316
0.09558480
0.09558480
0.09558480
0.09558480
0.09558480
0.98814801
0.09558480
0.09558480
0.88952640
0.09558480
0.09558480
0.09558480
0.09558480
0.68298208
0.09558480
0.09558480
0.09558480
0.99999750
0.09558480
0.09558480
0.99545368
0.09558480
0.09558480
0.99992179
0.09558480
0.09558480
0.61439869
0.09558480
0.83671090
0.99999999
0.99997606
0.09558480
0.99999783
0.09558480
0.09558480
0.99950535
0.99359280
0.09558480
0.99999936
0.09558480
0.09558480
0.99661007
0.71006835
0.09558480
0.09558480
0.98001888
0.09558480
0.09558480
0.09558480
0.94120135
0.95371228
0.99936765
0.99732908
0.99724940
0.09558480
0.99611531
0.09558480
0.99065476
0.09558480
0.09558480
0.09558480
0.78172273
0.09558480
0.69996638
0.09558480
0.09558480
0.09558480
0.99328778
0.09558480
0.09558480
0.09558480
0.99575719
0.09558480
0.85848986
0.09558480
0.09558480
0.09558480
0.09558480
0.09558480
0.09558480
0.09558480
0.09558480
0.73035054
0.09558480
0.86247193
0.09558480
0.09558480
0.09558480
0.64068447
0.09558480
0.98259076
0.09558480
0.09558480
0.09558480
0.09558480
0.09558480
0.09558480
0.09558480
0.09558480
0.09558480
0.99997535
0.09558480
0.09558480
0.99995504
0.09558480
0.99999382
0.09558480
0.09558480
0.98617432
0.09558480
0.09558480
0.09558480
0.89431160
0.99648298
0.09558480
0.09558480
0.09558480
0.46356963
0.09558480
0.40359693
0.09558480
0.99924401
0.09558480
0.96644834
0.09558480
0.99575719
0.97619387
0.69092042
0.95371228
0.99999804
0.09558480
0.09558480
0.09558480
0.93293732
0.99735525
0.09558480
0.09558480
0.86443799
0.09558480
0.09558480
0.09558480
0.09558480
0.09558480
0.56605756
0.09558480
0.09558480
0.92368706
0.96431933
0.09558480
0.09558480
0.82150248
0.09558480
0.09558480
0.72635062
0.98329490
0.09558480
0.85444122
0.99732908
0.94166571
0.09558480
0.43109370
0.09558480
0.75969139
0.09558480
0.99920251
0.09558480
0.09558480
0.95701307
0.09558480
0.76662786
0.09558480
0.99628577
0.48478541
0.09558480
0.99435687
0.99999405
0.09558480
0.09558480
0.88102206
0.91948740
0.09558480
0.99957485
0.99970138
0.09558480
0.94748621
0.09558480
0.90943701
0.93394613
0.09558480
0.09558480
0.09558480
0.09558480
0.66369326
0.09558480
0.81078392
0.09558480
0.78528708
0.09558480
0.94484947
0.09558480
0.09558480
0.87588491
0.09558480
0.09558480
0.41847609
0.71593488
0.09558480
0.09558480
0.64197928
0.09558480
0.09558480
0.71476611
0.99488464
0.99983769
0.09558480
0.09558480
0.09558480
0.09558480
0.09558480
0.89159301
0.09558480
0.64585223
0.09558480
0.09558480
0.35811336
0.34247044
0.85321365
0.09558480
0.99940240
0.09558480
0.09558480
0.09558480
0.99971608
0.09558480
0.97555377
0.09558480
0.09558480
0.38123413
0.48769761
0.55559695
0.09558480
0.09558480
0.99867024
0.09558480
0.09558480
0.99941085
0.09558480
0.09558480
0.09558480
0.09558480
0.09558480
0.09558480
0.09558480
0.85280312
0.09558480
0.09558480
0.09558480
0.09558480
0.99999997
0.09558480
0.09558480
0.66306280
0.09558480
0.46430400
0.52519050
0.91306892
0.09558480
0.89896792
0.91805580
0.09558480
0.09558480
0.09558480
0.09558480
0.09558480
0.96771482
0.09558480
0.09558480
0.09558480
0.95430658
0.09558480
0.09558480
0.99379046
0.09558480
0.88354188
0.97259628
0.82964895
0.98998165
0.09558480
0.79529921
0.09558480
0.09558480
0.99999738
0.09558480
0.09558480
0.09558480
0.09558480
0.96833572
0.09558480
0.78069865
0.09558480
0.99999998
0.09558480
0.09558480
0.09558480
0.88389920
0.09558480
0.44589229
0.09558480
0.89464846
0.09558480
0.99999891
0.99987706
0.09558480
0.09558480
0.99881937
0.84317761
0.09558480
0.98144266
0.76768574
0.56466746
0.09558480
0.91689904
0.09558480
0.09558480
0.09558480
0.99857421
0.09558480
0.96347680
0.98685625
0.09558480
0.09558480
0.88778608
0.09558480
0.09558480
0.09558480
0.09558480
0.94940852
0.09558480
0.98101237
0.09558480
0.09558480
0.09558480
0.99297237
0.09558480
0.09558480
0.09558480
0.74440050
0.09558480
0.09558480
0.09558480
0.09558480
1.00000000
0.09558480
0.98001888
0.09558480
0.51732026
0.89632292
