# NTRAJ	1000
0.49800619
0.03982510
0.03982510
0.03982510
0.03982510
0.33686700
0.03982510
0.03982510
0.03982510
0.24583016
0.03982510
0.39349450
0.03982510
0.03982510
0.03982510
0.03982510
0.52972025
0.03982510
0.03982510
0.03982510
0.03982510
0.53250342
0.03982510
0.28322318
0.03982510
0.03982510
0.03982510
0.03982510
0.03982510
0.03982510
0.14780633
0.52342540
0.21310721
0.03982510
0.29847406
0.03982510
0.03982510
0.03982510
0.03982510
0.45856671
0.03982510
0.03982510
0.44137754
0.03982510
0.03982510
0.03982510
0.05177564
0.03982510
0.03982510
0.25131128
0.37676470
0.51758233
0.10770448
0.03982510
0.03982510
0.03982510
0.51957131
0.41689003
0.03982510
0.03982510
0.03982510
0.03982510
0.46378531
0.03982510
0.03982510
0.42109335
0.03982510
0.00858653
0.03982510
0.50379617
0.03982510
0.39899562
0.06065512
0.03982510
0.03982510
0.03982510
0.46340583
0.00739652
0.03982510
0.28969380
0.03982510
0.03982510
0.03982510
0.49076144
0.03982510
0.03982510
0.03982510
0.37232051
0.01646895
0.03982510
0.03982510
0.34909680
0.03982510
0.32386401
0.03982510
0.03982510
0.03982510
0.46529405
0.03982510
0.34854567
0.03982510
0.52374568
0.53068785
0.20613397
0.20896325
0.03982510
0.03982510
0.24344632
0.03982510
0.03982510
0.03982510
0.06701802
0.03982510
0.03982510
0.03982510
0.39700446
0.00215728
0.50196905
0.03982510
0.03982510
0.03982510
0.03982510
0.13896791
0.53177830
0.29086754
0.51537668
0.03982510
0.03982510
0.02573851
0.03982510
0.53244378
0.04567498
0.52963083
0.03982510
0.03982510
0.03982510
0.03982510
0.09083211
0.52298020
0.49314964
0.51097052
0.03982510
0.03982510
0.03982510
0.49717090
0.51701573
0.03982510
0.03982510
0.03982510
0.03982510
0.03982510
0.10064407
0.48386050
0.03982510
0.03982510
0.03982510
0.17965986
0.03982510
0.03982510
0.03982510
0.08323156
0.03982510
0.03982510
0.03780712
0.03982510
0.21903907
0.03982510
0.41262688
0.03982510
0.03982510
0.52815303
0.03982510
0.03982510
0.03982510
0.03982510
0.03982510
0.03982510
0.03982510
0.52237033
0.03982510
0.03982510
0.03982510
0.03982510
0.50581786
0.04202212
0.03982510
0.03982510
0.47332638
0.03982510
0.03982510
0.50752839
0.03982510
0.03982510
0.03982510
0.03982510
0.49373647
0.03982510
0.03982510
0.03982510
0.21785169
0.26249916
0.03982510
0.01529826
0.12973230
0.03982510
0.03982510
0.03982510
0.10719517
0.03982510
0.03982510
0.03982510
0.03982510
0.27080935
0.49745037
0.03982510
0.08323156
0.03982510
0.03982510
0.03982510
0.51767551
0.29905745
0.51416733
0.03982510
0.03982510
0.48320919
0.52059740
0.51206355
0.03982510
0.11856844
0.03982510
0.03982510
0.45695957
0.12704871
0.03982510
0.50848124
0.34633646
0.03982510
0.02691370
0.50409630
0.20070049
0.52752223
0.03982510
0.03982510
0.29555332
0.46072398
0.16073208
0.03982510
0.03982510
0.03982510
0.21133031
0.41829785
0.03982510
0.03982510
0.20600814
0.03982510
0.03982510
0.52928930
0.36807381
0.03982510
0.03982510
0.47118078
0.03982510
0.49910530
0.03982510
0.03982510
0.50632662
0.42477835
0.03982510
0.03982510
0.03982510
0.03982510
0.03982510
0.03982510
0.12331806
0.03982510
0.17445852
0.17561202
0.46936685
0.36128619
0.03982510
0.03982510
0.03982510
0.03982510
0.03982510
0.48089858
0.51813858
0.03982510
0.06190821
0.03982510
0.03982510
0.03982510
0.34467472
0.19893489
0.29145407
0.03982510
0.03982510
0.03982510
0.03982510
0.03982510
0.18546930
0.03982510
0.03982510
0.03982510
0.03982510
0.51119132
0.03982510
0.03982510
0.03982510
0.38893512
0.03982510
0.03982510
0.49702349
0.03982510
0.03982510
0.05334865
0.03982510
0.29918765
0.03982510
0.09179812
0.53111722
0.51119132
0.03982510
0.32158201
0.03982510
0.03982510
0.03982510
0.03982510
0.03982510
0.03982510
0.03982510
0.03982510
0.01141530
0.03982510
0.03982510
0.51922004
0.45078789
0.03982510
0.03982510
0.03982510
0.03982510
0.51517789
0.44707705
0.50170361
0.03982510
0.03982510
0.45452013
0.03982510
0.03982510
0.03982510
0.03982510
0.03982510
0.53168952
0.03982510
0.53047376
0.03982510
0.03982510
0.03982510
0.03982510
0.03982510
0.50484937
0.03982510
0.03982510
0.03982510
0.03982510
0.48892760
0.03982510
0.05534115
0.03982510
0.03982510
0.03982510
0.03982510
0.03982510
0.47989361
0.03982510
0.39550412
0.38174176
0.03982510
0.19448236
0.43066114
0.03982510
0.08323156
0.03982510
0.03982510
0.03982510
0.52301599
0.03982510
0.03982510
0.24880955
0.53256596
0.03982510
0.03982510
0.03982510
0.36055836
0.03982510
0.20896325
0.53003150
0.30255223
0.03982510
0.03982510
0.03982510
0.24285034
0.30255223
0.39222674
0.03982510
0.08183239
0.03982510
0.49910530
0.03248291
0.03982510
0.51868449
0.00014320
0.26903055
0.03982510
0.03982510
0.03982510
0.03982510
0.26216745
0.45328755
0.03982510
0.52660877
0.03982510
0.03982510
0.13787276
0.03982510
0.06107172
0.03982510
0.03982510
0.03982510
0.52661640
0.03982510
0.03982510
0.03982510
0.03982510
0.20305751
0.03982510
0.03982510
0.03982510
0.03982510
0.03982510
0.51929412
0.03982510
0.03982510
0.48923577
0.03982510
0.25714652
0.03982510
0.03982510
0.03982510
0.03982510
0.08558196
0.03982510
0.03982510
0.03982510
0.03982510
0.03982510
0.50256144
0.36109861
0.12651385
0.22557708
0.36055836
0.01439025
0.44116773
0.03982510
0.03982510
0.03982510
0.03982510
0.03982510
0.41736005
0.03982510
0.03982510
0.03982510
0.51939625
0.03982510
0.31508305
0.47154075
0.09374045
0.03982510
0.35348874
0.03982510
0.19189273
0.03982510
0.03982510
0.03982510
0.03982510
0.03982510
0.52147133
0.03982510
0.03982510
0.04383285
0.52241176
0.03982510
0.51030160
0.53227334
0.03982510
0.17908061
0.03982510
0.25655139
0.03982510
0.03982510
0.03982510
0.40048197
0.33574473
0.03982510
0.03982510
0.03982510
0.03982510
0.03982510
0.31527757
0.25595620
0.20837188
0.03982510
0.03982510
0.03982510
0.03982510
0.03982510
0.21066770
0.03982510
0.09816000
0.09083211
0.03982510
0.03982510
0.05494033
0.46491825
0.03982510
0.45241468
0.03982510
0.03982510
0.48830824
0.03982510
0.03982510
0.03982510
0.52741305
0.03982510
0.53252615
0.03982510
0.02235294
0.03982510
0.03982510
0.03982510
0.19893489
0.51749007
0.03982510
0.03982510
0.03982510
0.03982510
0.08700313
0.03982510
0.48056456
0.03982510
0.03982510
0.52536421
0.03982510
0.51270623
0.03982510
0.11961924
0.03982510
0.50333365
0.03982510
0.03982510
0.36271624
0.03982510
0.03982510
0.03982510
0.34744199
0.03982510
0.53242986
0.02811184
0.05858878
0.03982510
0.03982510
0.00001598
0.16357309
0.03982510
0.33630608
0.03954069
0.38944427
0.45936450
0.03982510
0.03982510
0.03982510
0.03982510
0.22379285
0.03982510
0.03982510
0.03982510
0.03982510
0.03982510
0.03982510
0.12812029
0.03982510
0.03982510
0.03982510
0.03982510
0.03982510
0.03982510
0.03982510
0.03982510
0.50824471
0.03982510
0.49616486
0.01439025
0.03982510
0.07451465
0.03982510
0.03982510
0.03982510
0.03982510
0.03982510
0.19365007
0.45452013
0.05858878
0.08700313
0.03982510
0.03982510
0.03982510
0.03982510
0.03982510
0.03982510
0.03982510
0.03982510
0.26962361
0.51517789
0.03982510
0.03982510
0.03982510
0.03982510
0.03982510
0.03982510
0.03982510
0.03982510
0.03982510
0.03982510
0.03982510
0.03982510
0.03982510
0.03982510
0.41214956
0.14967568
0.42750986
0.03982510
0.40252944
0.10668661
0.14836312
0.03982510
0.03982510
0.03982510
0.03982510
0.03982510
0.26190477
0.03982510
0.03982510
0.49717090
0.03982510
0.03982510
0.03982510
0.03982510
0.51381998
0.03982510
0.03982510
0.03982510
0.01004837
0.03982510
0.03982510
0.18605187
0.03982510
0.03982510
0.03919137
0.03982510
0.03982510
0.48510760
0.03982510
0.52511938
0.00120389
0.02458651
0.03982510
0.00948755
0.03982510
0.03982510
0.08044163
0.21073831
0.03982510
0.00584313
0.03982510
0.03982510
0.16699572
0.52205841
0.03982510
0.03982510
0.31239853
0.03982510
0.03982510
0.03982510
0.43155441
0.40441569
0.08843236
0.15283498
0.15451977
0.03982510
0.17561202
0.03982510
0.24106238
0.03982510
0.03982510
0.03982510
0.53256320
0.03982510
0.51922004
0.03982510
0.03982510
0.03982510
0.21429253
0.03982510
0.03982510
0.03982510
0.18139949
0.03982510
0.51673714
0.03982510
0.03982510
0.03982510
0.03982510
0.03982510
0.03982510
0.03982510
0.03982510
0.52684361
0.03982510
0.51477698
0.03982510
0.03982510
0.03982510
0.49730752
0.03982510
0.29847406
0.03982510
0.03982510
0.03982510
0.03982510
0.03982510
0.03982510
0.03982510
0.03982510
0.03982510
0.02487233
0.03982510
0.03982510
0.03152328
0.03982510
0.01439025
0.03982510
0.03982510
0.27613824
0.03982510
0.03982510
0.03982510
0.49314964
0.16928530
0.03982510
0.03982510
0.03982510
0.39327060
0.03982510
0.34877367
0.03982510
0.09471673
0.03982510
0.36807381
0.03982510
0.18139949
0.33067419
0.51643882
0.40441569
0.00912207
0.03982510
0.03982510
0.03982510
0.44624299
0.15227432
0.03982510
0.03982510
0.51375538
0.03982510
0.03982510
0.03982510
0.03982510
0.03982510
0.45936450
0.03982510
0.03982510
0.46033724
0.37495640
0.03982510
0.03982510
0.52892914
0.03982510
0.03982510
0.52600113
0.29438329
0.03982510
0.51858595
0.15283498
0.43066114
0.03982510
0.36964281
0.03982510
0.53135054
0.03982510
0.09667934
0.03982510
0.03982510
0.39600489
0.03982510
0.53194909
0.03982510
0.17273087
0.40806433
0.03982510
0.20128944
0.01416724
0.03982510
0.03982510
0.50358893
0.46604290
0.03982510
0.07586782
0.06615571
0.03982510
0.41876564
0.03982510
0.47819916
0.44456470
0.03982510
0.03982510
0.03982510
0.03982510
0.50680201
0.03982510
0.53074520
0.03982510
0.53256228
0.03982510
0.42432040
0.03982510
0.03982510
0.50705077
0.03982510
0.03982510
0.36016105
0.52357147
0.03982510
0.03982510
0.49787233
0.03982510
0.03982510
0.52327816
0.19423633
0.05216713
0.03982510
0.03982510
0.03982510
0.03982510
0.03982510
0.49547228
0.03982510
0.49954059
0.03982510
0.03982510
0.31265712
0.29980436
0.51911876
0.03982510
0.08652850
0.03982510
0.03982510
0.03982510
0.06487018
0.03982510
0.33349522
0.03982510
0.03982510
0.33125569
0.41005326
0.45328755
0.03982510
0.03982510
0.11752036
0.03982510
0.03982510
0.08605478
0.03982510
0.03982510
0.03982510
0.03982510
0.03982510
0.03982510
0.03982510
0.51929412
0.03982510
0.03982510
0.03982510
0.03982510
0.00172725
0.03982510
0.03982510
0.50655764
0.03982510
0.39379141
0.43470250
0.47403398
0.03982510
0.48892760
0.46789884
0.03982510
0.03982510
0.03982510
0.03982510
0.03982510
0.36379204
0.03982510
0.03982510
0.03982510
0.40294568
0.03982510
0.03982510
0.20837188
0.03982510
0.50177968
0.34578300
0.52707856
0.24702199
0.03982510
0.53224052
0.03982510
0.03982510
0.01023866
0.03982510
0.03982510
0.03982510
0.03982510
0.36163834
0.03982510
0.53255281
0.03982510
0.00156831
0.03982510
0.03982510
0.03982510
0.50151698
0.03982510
0.38055164
0.03982510
0.49285469
0.03982510
0.00723338
0.04679514
0.03982510
0.03982510
0.11232172
0.52301599
0.03982510
0.30487662
0.53202341
0.45856671
0.03982510
0.46936685
0.03982510
0.03982510
0.03982510
0.12067273
0.03982510
0.37757792
0.27140202
0.03982510
0.03982510
0.49855783
0.03982510
0.03982510
0.03982510
0.03982510
0.41452892
0.03982510
0.30719644
0.03982510
0.03982510
0.03982510
0.21785169
0.03982510
0.03982510
0.03982510
0.52938238
0.03982510
0.03982510
0.03982510
0.03982510
0.00047887
0.03982510
0.31239853
0.03982510
0.42968058
0.49136460
