# NTRAJ	1000
0.48814467
0.15630635
0.69456629
0.51368681
0.31352512
0.62452006
0.74256747
0.45573947
0.47796905
0.90258222
0.79708968
0.36303436
0.18617774
0.81447343
0.75150874
0.09027541
0.55116360
0.60910434
0.84629704
0.84334619
0.56278242
0.38870223
0.90481331
0.18643861
0.12169540
0.76579938
0.19851177
0.42009668
0.15405706
0.60121682
0.61012054
0.46647938
0.02853411
0.65873890
0.65109811
0.76073295
0.26637494
0.33759582
0.47870777
0.77501879
0.64953908
0.93343607
0.85516979
0.61014803
0.63055317
0.41906307
0.38648653
0.66354574
0.15079540
0.17675416
0.71311532
0.67366704
0.85731741
0.14755485
0.50178492
0.47141303
0.36742908
0.46169793
0.91331637
0.31128207
0.87456151
0.48513270
0.47475932
0.30226636
0.70750792
0.96507606
0.47205161
0.38836344
0.25478110
0.71047717
0.44463563
0.74205524
0.49080225
0.78034538
0.64965538
0.12298435
0.93280718
0.61894407
0.63879617
0.43191837
0.40055434
0.86793163
0.20748430
0.71580178
0.16562145
0.79269414
0.70328105
0.59450570
0.65035672
0.17364412
0.58264201
0.67994311
0.33395680
0.76471213
0.39354663
0.91921144
0.57132892
0.84907567
0.39069073
0.73802088
0.81644934
0.44603300
0.48863702
0.69108531
0.42660438
0.63474053
0.40814217
0.91280833
0.90126240
0.76844821
0.90039408
0.68921215
0.23863444
0.74034096
0.76804672
0.41339975
0.50134069
0.84791672
0.59893321
0.72514013
0.57609903
0.50601155
0.91714648
0.49387621
0.72870432
0.70348603
0.82890059
0.71564786
0.62882094
0.92285854
0.45300238
0.74136014
0.83230537
0.72239775
0.72282032
0.60977967
0.40709679
0.78948097
0.62434186
0.94957282
0.85455243
0.42161992
0.14199040
0.78384670
0.65512429
0.40582893
0.95948831
0.21049403
0.39832090
0.41575405
0.91207446
0.33902514
0.87037786
0.20907311
0.27388262
0.74354353
0.69369660
0.22646859
0.20869999
0.87190451
0.77041665
0.42862200
0.88715182
0.82975405
0.49426040
0.24821767
0.68210216
0.81975786
0.65080250
0.32029850
0.85537933
0.85663721
0.32821331
0.16922058
0.61417660
0.49234499
0.49705255
0.22790722
0.70687460
0.72686947
0.46248065
0.20161865
0.69950930
0.55307709
0.61739704
0.70673061
0.66616901
0.71079867
0.64241896
0.88128652
0.48563529
0.59395487
0.40457491
0.83297496
0.57766885
0.84549260
0.67733903
0.49183569
0.54326272
0.96525195
0.59749902
0.48232774
0.22813311
0.47816101
0.80457773
0.44228878
0.50085301
0.24407485
0.58422126
0.79933849
0.70146887
0.56444376
0.32542611
0.61349494
0.88231255
0.90970390
0.14520542
0.36965268
0.71856297
0.34942908
0.80212123
0.56889285
0.26717481
0.66892611
0.65292264
0.33877112
0.21955399
0.28011514
0.60419504
0.16470617
0.06011970
0.35830806
0.42593879
0.35766292
0.96768319
0.36119245
0.74329632
0.43334127
0.54420863
0.05076060
0.93499851
0.78000033
0.91471168
0.89232931
0.55525349
0.86152560
0.20811949
0.37335428
0.52990333
0.51730994
0.78818641
0.29406120
0.66183104
0.87153344
0.71160458
0.66337124
0.63194567
0.90568664
0.38970320
0.16288297
0.86943375
0.80537698
0.59973981
0.87259605
0.66058668
0.79931253
0.55922047
0.08676568
0.88873047
0.16059181
0.94234992
0.81703753
0.26454226
0.43049061
0.63310316
0.91808793
0.85259808
0.78584332
0.13771908
0.21142057
0.76670536
0.69872173
0.69783298
0.10759598
0.55754311
0.78095248
0.35497464
0.91034421
0.52235008
0.27542095
0.77966974
0.85004454
0.74259611
0.39545702
0.59203929
0.87728823
0.86761996
0.70392401
0.12918845
0.38277018
0.57620362
0.74951398
0.91702835
0.23444710
0.54855074
0.31887567
0.88054072
0.77834677
0.83316801
0.76505241
0.85868220
0.86170422
0.63676400
0.47493985
0.38243064
0.78627334
0.43112227
0.20868665
0.59628508
0.85491997
0.40876917
0.80457784
0.13872383
0.77621790
0.36520976
0.65018826
0.10796127
0.51658497
0.43186269
0.83582087
0.57959093
0.48366584
0.23685489
0.22414186
0.75083632
0.47273655
0.75997127
0.83595957
0.74689030
0.60007237
0.54314255
0.22626180
0.48677460
0.37184002
0.27386835
0.61889401
0.82892973
0.82057075
0.57814556
0.73625264
0.75742682
0.80175325
0.19254341
0.85797961
0.87245578
0.53269045
0.37414712
0.61521613
0.67082494
0.80396621
0.61257903
0.44179394
0.69828001
0.34366553
0.62758128
0.17448480
0.76498323
0.52109424
0.46968210
0.26909406
0.31812627
0.41633414
0.33121629
0.88945361
0.45486428
0.75863155
0.30050616
0.29582407
0.01611470
0.81922392
0.54383525
0.48832912
0.24438343
0.08467622
0.43523822
0.65287067
0.07628507
0.23362168
0.53763317
0.30671112
0.73990741
0.92439871
0.60635884
0.19561362
0.80849550
0.26472507
0.53518073
0.90490167
0.46999012
0.91674630
0.10219679
0.81654265
0.73077478
0.88099871
0.46624699
0.74165859
0.25573455
0.40642469
0.71898924
0.81845563
0.93402812
0.68009763
0.41585951
0.10144752
0.26848264
0.44314254
0.50785272
0.42163289
0.35433560
0.28180193
0.41433394
0.42094997
0.50412489
0.29106792
0.32545177
0.89110107
0.58002830
0.84325021
0.53698026
0.76383015
0.59655397
0.89484428
0.72249147
0.37528629
0.64854437
0.77669187
0.78439322
0.71928178
0.83501810
0.60063991
0.91351647
0.64086323
0.90774632
0.93517762
0.24869073
0.29184101
0.73983299
0.41211833
0.52429724
0.73867073
0.65006153
0.95721289
0.74177129
0.74061257
0.37289728
0.68295389
0.64981084
0.96622979
0.31449345
0.10478784
0.31815434
0.27820600
0.65414711
0.52299550
0.73471981
0.77570093
0.05607440
0.19441031
0.76924008
0.28688377
0.55396442
0.50250807
0.39300449
0.64822674
0.58699447
0.26696421
0.97261389
0.74454432
0.16176682
0.77360605
0.33711039
0.77685716
0.66602416
0.90615722
0.34749615
0.93983908
0.75464528
0.58861384
0.58143225
0.52615507
0.77331564
0.31104407
0.88907848
0.34817006
0.57539012
0.27989489
0.30467532
0.48545003
0.15682306
0.14948184
0.23779586
0.73471154
0.65136233
0.87680432
0.62032651
0.68548641
0.27872792
0.07645401
0.60172172
0.60136863
0.94825637
0.67959270
0.88609062
0.82485217
0.59337880
0.94961623
0.41731324
0.47443342
0.20654303
0.93295730
0.60328325
0.78142160
0.48797220
0.83884257
0.50196349
0.69403659
0.23671103
0.72597907
0.14459774
0.33549021
0.48391873
0.28738497
0.79081899
0.35410460
0.60389789
0.92268235
0.71630495
0.35455217
0.80055671
0.75513153
0.71074175
0.80632601
0.81749987
0.60871402
0.95190462
0.84158934
0.79901419
0.89224078
0.24712397
0.60909676
0.80082739
0.78663445
0.11985047
0.31489557
0.94172400
0.08989987
0.37998550
0.84259624
0.60303433
0.91030534
0.40980345
0.52536723
0.42369943
0.35241291
0.80983351
0.69936234
0.65024392
0.54604155
0.22889568
0.60204028
0.73643802
0.31977886
0.79688011
0.82209619
0.87024167
0.66808797
0.71423857
0.80983055
0.28525743
0.11601308
0.27505165
0.74341256
0.77204491
0.25294047
0.24648889
0.21377398
0.74262418
0.19486054
0.21864712
0.77215519
0.72062609
0.75623122
0.35110467
0.66202188
0.89615994
0.20496592
0.50267781
0.59499935
0.68910487
0.69234003
0.79818506
0.36841379
0.67486837
0.17427305
0.62859807
0.37733862
0.91208963
0.58319765
0.26545777
0.17744974
0.39943191
0.57809478
0.59023053
0.48837092
0.73402469
0.82823242
0.76463719
0.20953072
0.39048523
0.86557888
0.87563672
0.84225188
0.89717745
0.80762456
0.63153217
0.91789791
0.35464996
0.54028577
0.54163803
0.82273525
0.63096676
0.55502542
0.42591909
0.70973297
0.09680026
0.49127611
0.67367248
0.91030660
0.80704286
0.81349923
0.89591148
0.70243482
0.73848461
0.48360995
0.86037328
0.80477510
0.12768336
0.63343945
0.77798062
0.46870173
0.22765799
0.28048615
0.41587652
0.73509069
0.50871164
0.47844834
0.58140433
0.54094364
0.55065449
0.77014038
0.37908428
0.24564243
0.18764783
0.93331810
0.33732123
0.50679123
0.81905433
0.55412140
0.69721506
0.69786307
0.20274049
0.57804825
0.53931135
0.57310588
0.74262813
0.42961829
0.44179591
0.56631697
0.44027311
0.35961147
0.63598155
0.74600295
0.63987728
0.18499143
0.69788002
0.28105996
0.09163763
0.60885727
0.70836425
0.64908406
0.61798187
0.93693721
0.68709057
0.78709666
0.72297704
0.26424975
0.63495513
0.75423422
0.84605007
0.38125460
0.85926566
0.63215663
0.49285415
0.43024680
0.68258179
0.44353845
0.87727812
0.80768764
0.65134165
0.69030352
0.88482956
0.33999656
0.77892454
0.14323922
0.93424131
0.51084957
0.53892943
0.36580531
0.71950221
0.05762752
0.38210873
0.91470236
0.47265453
0.62337760
0.20184867
0.69838909
0.61053593
0.96488122
0.51735469
0.76893546
0.85649011
0.72940050
0.26336489
0.86679487
0.66217282
0.60146869
0.41150102
0.64953886
0.40812731
0.38048873
0.45875407
0.92721849
0.46941923
0.35550674
0.37607840
0.81959540
0.42970125
0.01207382
0.55651410
0.28536511
0.64656738
0.65224602
0.31535859
0.08286218
0.30428953
0.44208720
0.40052459
0.44715164
0.79624485
0.47708053
0.88691824
0.25517743
0.85476490
0.52230461
0.51782372
0.45878873
0.69474273
0.40129093
0.10378921
0.71177445
0.76349071
0.42193379
0.50442280
0.44855164
0.28930259
0.26575991
0.89089408
0.32087736
0.82263333
0.37565387
0.91290792
0.58015943
0.82984248
0.94358457
0.22792788
0.81743846
0.78256165
0.34994191
0.56254146
0.75972848
0.94572837
0.44973818
0.85311407
0.04624932
0.30340349
0.55970300
0.21785567
0.68917284
0.96165682
0.39373948
0.40402550
0.51441116
0.62232901
0.53562070
0.48334640
0.58217503
0.11952313
0.92757855
0.66863450
0.36892676
0.63029067
0.40968398
0.23234665
0.68526328
0.94644193
0.53630016
0.47001853
0.14902742
0.31774889
0.38495024
0.70565523
0.56140702
0.14194691
0.81642593
0.38970850
0.85218957
0.89060176
0.89067036
0.82366216
0.22358717
0.93404635
0.74141279
0.58820035
0.48890515
0.85438043
0.68684591
0.56734957
0.49713112
0.87424815
0.92546599
0.81071870
0.88458517
0.92715655
0.25526780
0.17315235
0.35084241
0.23858261
0.43622219
0.64500006
0.93632712
0.60741763
0.58907878
0.66004117
0.38946171
0.79281553
0.52272626
0.59741649
0.69366484
0.68826714
0.85685705
0.53325507
0.37189415
0.43690804
0.31710327
0.65594209
0.47837932
0.93600587
0.55716930
0.47174840
0.70766544
0.78473414
0.59951682
0.65357779
0.33482451
0.90149608
0.41003271
0.72253537
0.87372007
0.72680002
0.83367082
0.69365185
0.71305116
0.89061890
0.75012445
0.58349967
0.44402198
0.77746862
0.51114128
0.64439076
0.72898005
0.77672972
0.09686525
0.57218426
0.79901243
0.57058453
0.42215637
0.91036194
0.69865670
0.30687142
0.91290975
0.83626048
0.86049086
0.81489509
0.57915470
0.34075466
0.82034385
0.24554193
0.62500246
0.55424494
0.70601875
0.87983124
0.84325847
0.74561611
0.28185383
0.75777480
0.46966535
0.88236450
0.35235257
0.66391254
0.85265661
0.96394534
0.42907149
0.28114960
0.86011476
0.35147958
0.77553079
0.48823394
0.46774692
0.56027119
0.19160441
0.69996622
0.12458155
0.41645837
0.29628723
0.10245272
0.93291592
0.83726685
0.69493979
0.81263080
0.60101849
0.40479454
0.41095283
0.42947360
0.89240279
0.88861942
0.62774604
0.69080432
0.59356201
0.28314378
0.19639496
0.68079488
0.28590488
0.70075416
0.41625082
0.22398777
0.72854229
0.25495774
0.45548752
0.04545735
0.60466365
0.45680057
0.88884887
0.45586376
0.25749516
0.61058775
0.50540428
0.50597967
0.19096345
0.38572075
0.53781014
0.84352134
0.34212305
0.70495236
0.82548723
0.62942125
0.63910828
0.19757728
0.25893976
0.52061745
0.23996392
0.35535470
0.51664368
0.44253371
0.41671659
0.16832885
0.45772767
0.72367609
0.57027014
0.79654598
0.51843403
0.66299985
0.38789409
0.36141017
0.78179945
0.80572714
0.43848591
0.86992225
0.81630374
0.83535618
0.91073005
