# NTRAJ	1000
0.91224828
0.73938986
0.67734495
0.75814352
0.87272856
0.85053795
0.81418613
0.82130194
0.64848728
0.85290104
0.63725264
0.66563785
0.85962331
0.66709584
0.78378089
0.78311141
0.77469363
0.86546893
0.54350781
0.72894806
0.61071762
0.91895738
0.75522676
0.60796863
0.80392821
0.86800040
0.82430226
0.70969462
0.51513038
0.80546836
0.76217554
0.88191539
0.80830871
0.32416740
0.97387732
0.74539368
0.65815758
0.85321291
0.87543340
0.91088306
0.71319839
0.83505766
0.94414429
0.70771390
0.62201793
0.80015141
0.69003383
0.66084233
0.84939037
0.79345780
0.94890079
0.65043072
0.90313213
0.66129152
0.77340815
0.91580701
0.90609511
0.81363150
0.83625419
0.63812299
0.81565475
0.74386731
0.86660120
0.63347310
0.45770012
0.79936492
0.84496281
0.81956299
0.93563900
0.90236240
0.36514031
0.87016079
0.69531748
0.91036544
0.88534154
0.84976711
0.69211016
0.75332885
0.72595300
0.87926036
0.84632423
0.76332738
0.71012600
0.91280999
0.71189093
0.85061557
0.51883724
0.65940689
0.82837338
0.69557084
0.89249515
0.74929107
0.65112405
0.75380751
0.79081880
0.44314471
0.75508421
0.93983658
0.75862044
0.70786413
0.74493052
0.69255093
0.55212916
0.84267701
0.70931237
0.83132764
0.83901661
0.76096054
0.64841800
0.77525888
0.58506925
0.80573722
0.89129821
0.71336224
0.71663151
0.74147271
0.60682407
0.67389071
0.89752513
0.91112423
0.69907316
0.77377583
0.92073948
0.87122825
0.76047526
0.81347737
0.87217223
0.87804973
0.78172061
0.78688417
0.92572455
0.56517867
0.85432858
0.91807775
0.86997681
0.84437941
0.95183776
0.80627064
0.85340278
0.86983704
0.70414555
0.87594877
0.48511391
0.85584965
0.62032964
0.59409890
0.83186641
0.90515832
0.86119087
0.84320486
0.87326756
0.77799753
0.84656200
0.79608862
0.90771435
0.69627048
0.93474990
0.95024061
0.91396266
0.82239980
0.73935700
0.66161339
0.84618306
0.80695081
0.83116745
0.93530386
0.48067118
0.74140735
0.89177173
0.89440277
0.86532847
0.88602271
0.89323739
0.92656507
0.85958348
0.90151680
0.73903945
0.66236270
0.77713175
0.84379027
0.72023980
0.94265018
0.69344900
0.86365980
0.49025192
0.93984367
0.70145020
0.75822838
0.69975488
0.91513833
0.83392605
0.53547410
0.75147508
0.67895943
0.66825130
0.83478203
0.64959979
0.83578461
0.86410342
0.90083654
0.71878311
0.50363395
0.66732455
0.86924314
0.71671935
0.92720423
0.76453353
0.85189720
0.43575425
0.92841476
0.82857478
0.80727905
0.86140305
0.72532871
0.78935217
0.87456106
0.69314051
0.84708241
0.76103208
0.76123326
0.57272474
0.88467364
0.76590393
0.90642280
0.61529242
0.81616389
0.73506540
0.72002111
0.89652975
0.86049575
0.75677429
0.78294311
0.93453323
0.90522887
0.83570186
0.72218894
0.89809435
0.84236539
0.48498013
0.46989233
0.90894485
0.48031839
0.86158898
0.92925859
0.89446789
0.91991326
0.93408181
0.75918329
0.47096026
0.82948669
0.75546380
0.83525862
0.75843348
0.82853745
0.85155369
0.86345782
0.81015339
0.77474938
0.92580139
0.86005240
0.79599959
0.90214952
0.70068638
0.76294824
0.85991285
0.82824560
0.93670622
0.74116577
0.85718125
0.73745448
0.91267479
0.62369150
0.87903640
0.82815633
0.83758132
0.79622283
0.76432269
0.57455050
0.45797332
0.47500030
0.71720794
0.94121616
0.48783147
0.48195417
0.83921120
0.62552065
0.88724134
0.82407857
0.77094400
0.89071354
0.79989927
0.83970039
0.81483422
0.84000231
0.79869075
0.83794426
0.74930361
0.91429776
0.84170933
0.88148441
0.52795864
0.82974117
0.84731707
0.61407162
0.92108622
0.77383024
0.74139989
0.69859189
0.79135791
0.73880947
0.63782003
0.91990180
0.87646937
0.92450639
0.85967563
0.72852930
0.87725878
0.56954167
0.92129000
0.72009436
0.91863821
0.78963318
0.89685608
0.78662966
0.53558475
0.92698209
0.74985506
0.89237336
0.73385748
0.78530518
0.83497091
0.45255820
0.75042800
0.57895931
0.88478538
0.88676756
0.54475608
0.75531895
0.86122328
0.65491031
0.89690614
0.86916373
0.88687306
0.87703505
0.64964792
0.89714919
0.87173776
0.61388116
0.86407465
0.88623530
0.66314290
0.81214392
0.88833531
0.87155069
0.80959298
0.94415345
0.64423865
0.83817188
0.69065493
0.90272607
0.69601966
0.81624444
0.75726564
0.76424779
0.54091261
0.77848397
0.74491953
0.92483328
0.90762912
0.84664801
0.94387806
0.89842509
0.47243543
0.82405834
0.86472911
0.88994800
0.81978100
0.91130777
0.93641089
0.75634091
0.85911933
0.71052715
0.50093550
0.90838025
0.80665242
0.88265003
0.86866768
0.72496523
0.66048664
0.76154950
0.85964489
0.89239327
0.59398609
0.66962722
0.61253019
0.69445879
0.55970767
0.86273074
0.84119524
0.71170300
0.78835820
0.93292076
0.63017477
0.81737943
0.73043459
0.85432309
0.88195754
0.76640052
0.81134986
0.73197555
0.48823842
0.70366918
0.71319985
0.81008590
0.74581917
0.79147158
0.76259999
0.74091733
0.82749599
0.80396846
0.65643791
0.96003334
0.88885001
0.82199887
0.88008361
0.89783273
0.83893883
0.80707663
0.36091702
0.75577739
0.87053098
0.56375856
0.45422858
0.91127522
0.75231550
0.83746723
0.66105973
0.70925398
0.88045784
0.82660725
0.79649480
0.81074140
0.87693916
0.93706543
0.90302647
0.51694851
0.71838816
0.71558551
0.55780422
0.88947266
0.91938504
0.65903424
0.73774652
0.76359343
0.91980130
0.82065205
0.58883264
0.76635208
0.62693467
0.62036841
0.89314694
0.79116708
0.43272627
0.87186110
0.84043662
0.83933856
0.86355192
0.88854449
0.80948008
0.82287262
0.75172378
0.64170036
0.77858371
0.59394087
0.82879287
0.68088909
0.91182482
0.74103921
0.81601829
0.78145283
0.83485996
0.67621569
0.91071859
0.81578734
0.89360841
0.74831350
0.90007567
0.47846790
0.50947645
0.76617610
0.79271715
0.81959914
0.88659395
0.77288214
0.78325632
0.89187899
0.93567867
0.92480056
0.88769734
0.49805293
0.65251611
0.69010989
0.76737257
0.92007717
0.94217962
0.69707285
0.54862534
0.77671474
0.88499980
0.80028400
0.85583247
0.71734436
0.85677243
0.81745808
0.85672281
0.87903951
0.85063095
0.72524119
0.62387775
0.85700400
0.87918355
0.81086617
0.67948310
0.81008154
0.85391671
0.56461354
0.90067998
0.86441673
0.91738873
0.90694262
0.85162806
0.82431071
0.77759256
0.88984403
0.92543552
0.57564696
0.95186562
0.79414009
0.78751200
0.74821816
0.77639686
0.70213184
0.80451510
0.92035098
0.47402475
0.64798511
0.81474871
0.64130321
0.88882747
0.73589151
0.83419463
0.66567643
0.95908115
0.80620440
0.78499394
0.92212775
0.72303434
0.76727549
0.77460159
0.73732561
0.87632790
0.81842646
0.78659636
0.82338448
0.81631358
0.86208766
0.74673539
0.63600536
0.87304691
0.84772120
0.66658555
0.67035987
0.89245712
0.91007149
0.83054714
0.85738072
0.88364447
0.66710935
0.83129752
0.73280141
0.83393652
0.90930551
0.76302763
0.82945224
0.84647512
0.87928196
0.76978657
0.86611947
0.69282642
0.88897422
0.89683322
0.84763591
0.72108839
0.65710771
0.76660629
0.77937626
0.87001879
0.93266261
0.94733065
0.76444538
0.85726221
0.83451281
0.45779877
0.76773893
0.87910875
0.77461325
0.63903937
0.84598160
0.82706279
0.63033615
0.63128901
0.81761385
0.73166912
0.86278141
0.88872887
0.95489800
0.93204107
0.66584001
0.93327626
0.79791982
0.91997079
0.60270193
0.76864124
0.64246900
0.78151766
0.83347189
0.81747055
0.70685428
0.83577018
0.94328682
0.50286426
0.89322722
0.70131505
0.81694084
0.91135583
0.86148258
0.81939241
0.56897474
0.86019604
0.80944251
0.77362580
0.81426075
0.79034410
0.86524065
0.87345000
0.87945997
0.45581175
0.81541652
0.87436027
0.88531934
0.86959898
0.82830549
0.81752915
0.73815033
0.70115682
0.77801958
0.79033105
0.70355859
0.78069201
0.89835806
0.85384558
0.91801296
0.91321170
0.88500488
0.85159352
0.77115229
0.80081173
0.56181271
0.75022805
0.56903096
0.75478333
0.89894769
0.80738433
0.86023043
0.91501982
0.64667274
0.88858077
0.65215156
0.95699966
0.87891561
0.93207867
0.86873788
0.91713400
0.80502333
0.62215679
0.89264812
0.89078168
0.80066419
0.54038201
0.89584703
0.84659309
0.81086367
0.86150406
0.70901379
0.81619896
0.75527630
0.83407855
0.91155574
0.82499285
0.92642584
0.80299088
0.77776391
0.88078610
0.77689258
0.90606600
0.83684744
0.80385148
0.74465522
0.67313393
0.90193132
0.93045591
0.86381705
0.80953714
0.89497547
0.83084927
0.84970132
0.90033563
0.76463555
0.70457839
0.93646643
0.64692859
0.61616390
0.72785457
0.79016939
0.82931893
0.75597459
0.83412449
0.68189386
0.74798337
0.88067975
0.85043016
0.85990456
0.88023457
0.88341517
0.67438696
0.63800318
0.84548979
0.86666703
0.89335531
0.80249661
0.77572297
0.74683845
0.62941202
0.89220609
0.85486381
0.89307815
0.91270199
0.66671484
0.86996683
0.77686331
0.93243801
0.89778417
0.53711642
0.69800344
0.44753489
0.72618113
0.92883219
0.80493666
0.83247035
0.90332165
0.54353510
0.75008961
0.55008316
0.70319179
0.73909659
0.93256672
0.86619526
0.79617748
0.74489957
0.82417698
0.87518849
0.82333037
0.79115218
0.82406593
0.47858137
0.91457381
0.65930651
0.62143645
0.92299724
0.81236863
0.57510710
0.65463050
0.84425560
0.56547432
0.87963071
0.74729386
0.93351989
0.37991410
0.86568676
0.71332802
0.75799951
0.89392611
0.75010425
0.65694426
0.77414971
0.76566053
0.90446787
0.92572875
0.82185592
0.47682897
0.88295972
0.46219317
0.79062220
0.81041333
0.78922239
0.89246186
0.87498545
0.89687829
0.78892710
0.85379402
0.76160583
0.70012308
0.61902180
0.62807754
0.49682274
0.77408111
0.73039626
0.75547488
0.93818919
0.81457401
0.58789040
0.39835408
0.92765955
0.89034035
0.85454584
0.74368702
0.78293434
0.90969368
0.78475228
0.95203057
0.66259158
0.69370132
0.84098491
0.71742131
0.63685429
0.92848922
0.91689984
0.87229729
0.68666768
0.82035982
0.71263155
0.60069418
0.65885693
0.89984493
0.49713603
0.64740905
0.64488735
0.74822774
0.83969142
0.77840641
0.52612696
0.96988292
0.86931586
0.75837095
0.81393629
0.80514759
0.91625425
0.68744261
0.69985506
0.88325181
0.84008826
0.70056182
0.80223261
0.54915726
0.76013994
0.73795186
0.81153993
0.81613897
0.83644670
0.88938596
0.94345606
0.76736759
0.89083398
0.85902435
0.62259956
0.58604496
0.69298851
0.88689651
0.77842489
0.77596016
0.87347973
0.87230012
0.64959307
0.75725464
0.91107362
0.85168656
0.83703099
0.82586639
0.79355949
0.67759458
0.73665558
0.63686781
0.81803972
0.77082522
0.83777177
0.51928334
0.89254498
0.87597458
0.73039071
0.71481214
0.79593620
0.75457239
0.75845686
0.81843109
0.93969697
0.83726438
0.86144517
0.56485502
0.72834858
0.87367543
0.71945718
0.66008747
0.88678805
0.66656272
0.63777752
0.79571718
0.88575522
0.85201370
0.87287789
0.59253314
0.78457264
0.76316091
0.51182520
0.91422706
0.49778751
0.69881434
0.85614377
0.82724501
0.83560597
0.60274912
0.84657648
0.91067392
0.82419580
0.79106718
0.76283487
0.80812386
0.77289237
0.88602010
0.40173602
0.79072562
0.86084532
0.61387538
0.90203457
0.90672035
0.86634556
0.84553713
0.87728611
0.70987428
0.87699497
0.87587687
0.89168682
0.63170586
0.79872074
0.65716821
0.80297365
0.79796102
0.91996522
0.80532294
0.51325506
0.82909950
0.80124652
0.67605268
0.76148646
0.89961530
0.89114677
0.91196072
0.89092636
0.86001953
0.94577417
0.84518119
0.88332109
0.74823363
0.93184929
0.91123243
0.95201713
0.67395470
0.81504691
0.76764129
0.38403654
0.82366402
0.89375170
0.64436346
0.82685243
0.81301973
0.87582100
0.88945507
0.86569347
0.67868192
0.92290104
0.81319717
0.76478199
0.68787067
0.73423733
0.69022347
0.84414516
0.88878355
0.90011543
0.46307439
0.74666408
0.64161032
