# NTRAJ	1000
0.30761691
0.16635029
0.39703727
0.21246569
0.30130966
0.35889805
0.15485608
0.39683999
0.25783466
0.29167510
0.21311389
0.42766127
0.23574986
0.26497974
0.26662720
0.34503199
0.34032348
0.43040247
0.23494442
0.28096090
0.20983377
0.22948036
0.27622883
0.26119835
0.20029066
0.30587605
0.34130135
0.27256459
0.24824068
0.23774208
0.27653974
0.21153035
0.29563284
0.19310385
0.35549038
0.21732281
0.12222405
0.28795273
0.47443122
0.25222664
0.26757826
0.35059036
0.21760477
0.22602267
0.37147294
0.22263620
0.25251982
0.29538596
0.28200931
0.26049018
0.36079225
0.39047184
0.31979838
0.43087943
0.33202553
0.21395656
0.20300094
0.18171415
0.18761641
0.42523899
0.41350909
0.22388016
0.36602081
0.38960796
0.22156872
0.28459809
0.27195950
0.29589770
0.24565908
0.24938327
0.18559191
0.36474259
0.41366659
0.36607982
0.21267787
0.21187999
0.33546490
0.11868610
0.38774754
0.23806414
0.19965473
0.25381909
0.21477776
0.22153102
0.34528916
0.30206026
0.21949094
0.25060747
0.11652898
0.16610358
0.24847552
0.33218379
0.29251850
0.26875089
0.20144694
0.30481776
0.29895029
0.22352725
0.34126731
0.21238083
0.16435040
0.28964818
0.44709616
0.35878794
0.46331960
0.16779260
0.24678131
0.43195115
0.32877894
0.29167190
0.24957711
0.25849215
0.26143834
0.21303899
0.19173895
0.27941670
0.27909016
0.38963349
0.32973840
0.25852722
0.37127467
0.24183566
0.19852510
0.43095883
0.36246284
0.19994741
0.24754444
0.40487424
0.32568527
0.18807275
0.16410624
0.39764476
0.27550323
0.22402028
0.28205130
0.30630892
0.33733516
0.32964338
0.20049852
0.39779443
0.38692853
0.22828032
0.20912417
0.40546704
0.18273808
0.31114284
0.19215790
0.22758712
0.27107627
0.25979426
0.30751116
0.32992085
0.21558361
0.36478369
0.24555454
0.32534215
0.27331528
0.31942817
0.27771499
0.20357585
0.36638814
0.24091090
0.16675217
0.33478756
0.23085714
0.36207963
0.20390175
0.26433845
0.21082233
0.35774342
0.39937517
0.18735427
0.25982439
0.25651166
0.36147196
0.23064837
0.15723932
0.23750675
0.34891058
0.28554350
0.23824504
0.16680264
0.25168276
0.34842368
0.13422323
0.25021337
0.26378087
0.23876151
0.20654851
0.38578430
0.28619820
0.43343178
0.27015208
0.35404090
0.34164247
0.30402536
0.34095746
0.18879137
0.25994124
0.22258796
0.33551569
0.36776792
0.33397603
0.35394332
0.44904680
0.35364475
0.22538475
0.29547068
0.20838647
0.31289428
0.27770300
0.26984421
0.26892440
0.31931817
0.18317322
0.30208632
0.21636283
0.22223043
0.26738891
0.17555557
0.31073265
0.26677803
0.19072587
0.17161154
0.29104740
0.17001316
0.22690518
0.21615275
0.25127702
0.16675084
0.23945082
0.22833485
0.23888480
0.29334839
0.35646289
0.15389916
0.35825352
0.18314445
0.14375419
0.40632398
0.27367688
0.11109529
0.13865398
0.17748197
0.23987085
0.37244858
0.26871456
0.23941089
0.33676143
0.20790798
0.38666961
0.32124003
0.31795338
0.34580385
0.34539098
0.21931254
0.22961673
0.31707694
0.26209949
0.37947204
0.36749585
0.37762203
0.25413412
0.36577739
0.17756592
0.25200444
0.34850655
0.11664711
0.26481512
0.40609041
0.27417105
0.23965225
0.33234602
0.34502073
0.30820899
0.19261299
0.22417199
0.20905874
0.23638503
0.16703571
0.34169189
0.13927493
0.30300324
0.40588480
0.23293672
0.39379448
0.32920916
0.27241034
0.31427715
0.23570953
0.36160546
0.36052631
0.23960585
0.29715026
0.17370024
0.36669603
0.23453215
0.37297962
0.31497261
0.21601969
0.19677245
0.30980653
0.37209579
0.32402610
0.27994161
0.33266456
0.24448594
0.30154783
0.32815665
0.31482604
0.28822648
0.24896037
0.26225502
0.22495583
0.24925223
0.17469886
0.39182629
0.18493702
0.24202258
0.26102379
0.29495291
0.17779339
0.17447762
0.26153467
0.19192215
0.21366072
0.29170234
0.18116506
0.11710973
0.38965746
0.28341798
0.36130954
0.22453425
0.23798327
0.26460255
0.27386445
0.26042517
0.23222326
0.21040426
0.30512033
0.44019620
0.34573083
0.30997443
0.19076478
0.33365678
0.20625503
0.26264738
0.22792813
0.27294489
0.08384015
0.42121589
0.29695070
0.35132719
0.15247439
0.20255372
0.38749336
0.38408665
0.22415714
0.26789276
0.36785854
0.23967097
0.28228810
0.38013651
0.34520183
0.21716275
0.27043991
0.34644476
0.36590884
0.23784489
0.29062820
0.41871210
0.41898518
0.35671720
0.27430042
0.24510106
0.26316405
0.29516013
0.34052919
0.34328305
0.37896198
0.23871619
0.21901990
0.22635379
0.34361983
0.20976188
0.16548055
0.23563804
0.33477044
0.38860242
0.31323186
0.30052594
0.29287413
0.37647970
0.20196131
0.39758082
0.32992526
0.47957333
0.24710565
0.39629875
0.22166162
0.35364395
0.20117988
0.19897826
0.15599405
0.22916980
0.18874061
0.30578260
0.36196040
0.42898676
0.24619678
0.21652398
0.30224991
0.27450771
0.41386804
0.30082411
0.17663291
0.38391085
0.30418809
0.21092950
0.28080640
0.41189375
0.38605016
0.23374658
0.34950499
0.30255781
0.27175599
0.25284191
0.21325749
0.25153474
0.15964023
0.32111499
0.30487076
0.46307936
0.25880173
0.20489191
0.23370874
0.24770644
0.35788847
0.45030796
0.28267945
0.11335906
0.24524272
0.23021986
0.31427339
0.24932964
0.33653083
0.23009841
0.15595996
0.43845660
0.33702725
0.42912798
0.16839082
0.37958457
0.15761004
0.42123398
0.25531981
0.25665256
0.34517732
0.28353315
0.21688156
0.22587181
0.29152718
0.42613922
0.32059158
0.25797565
0.36950170
0.46602852
0.32883331
0.23347376
0.31133584
0.37658981
0.22272346
0.19440685
0.24595705
0.29422204
0.23728403
0.27379129
0.31768573
0.30227431
0.34847092
0.44457276
0.16139209
0.32670200
0.36787179
0.34078585
0.16443013
0.23509904
0.35643267
0.27554912
0.18376395
0.07260998
0.20547544
0.34226006
0.24300671
0.24183221
0.35724723
0.25745868
0.22954619
0.11145875
0.21112850
0.43601804
0.38393048
0.30278954
0.40967410
0.28747891
0.26910899
0.21763605
0.24588882
0.33664516
0.18183308
0.24125584
0.36250797
0.33259987
0.20104894
0.14522669
0.24931650
0.27013848
0.31788498
0.23302166
0.19171369
0.26208028
0.21562269
0.24001892
0.21864883
0.42295455
0.32825915
0.29104688
0.40423336
0.27871527
0.38914998
0.28759906
0.20503951
0.27783702
0.32617429
0.27138657
0.19406938
0.30058249
0.41716497
0.18916696
0.26764958
0.43811688
0.26333775
0.22641658
0.25680869
0.46407805
0.27183595
0.41518262
0.20588215
0.31106243
0.29912103
0.40767681
0.21704293
0.24744162
0.20909850
0.12376628
0.40163522
0.43130439
0.32035807
0.12955939
0.21039084
0.22193843
0.22446460
0.26805342
0.28360887
0.25834224
0.34105907
0.24569694
0.11329026
0.31382747
0.19936714
0.36021370
0.42546943
0.15205476
0.30450910
0.24231298
0.27217750
0.25695729
0.23030508
0.24282112
0.21050823
0.36209568
0.24273243
0.17824649
0.07935445
0.29926183
0.27181801
0.38605219
0.19499439
0.38032747
0.20809477
0.29761913
0.19948432
0.27108117
0.28804974
0.34836742
0.29134298
0.42855298
0.30948157
0.31487846
0.36037836
0.23500941
0.24495238
0.21872979
0.35452049
0.25326285
0.23324973
0.36163815
0.16826143
0.17284770
0.21219898
0.27060965
0.09087074
0.37322042
0.36800353
0.39769233
0.33647858
0.31079230
0.25352313
0.25563859
0.19763511
0.22758964
0.27651751
0.30119410
0.12985455
0.21586548
0.30732000
0.35373834
0.34540722
0.39987912
0.22743894
0.22184849
0.17656495
0.32009170
0.39129267
0.31062455
0.17180363
0.35911503
0.40430230
0.22113907
0.23893629
0.46027728
0.08907101
0.25844603
0.22724884
0.27800295
0.15973691
0.26712274
0.35899043
0.29129517
0.31809884
0.37230785
0.35183503
0.30031354
0.34833392
0.25967225
0.25685082
0.49002000
0.24801426
0.36605080
0.17156808
0.34450023
0.22329481
0.21823041
0.21874778
0.14068067
0.24340586
0.43768712
0.31157929
0.27005570
0.35122806
0.37430696
0.33023695
0.36691389
0.29143035
0.40567610
0.34395279
0.31283909
0.20986367
0.30429331
0.15450590
0.40062236
0.23172969
0.20683242
0.29388005
0.25605924
0.21782510
0.20233747
0.16960382
0.38434181
0.33651192
0.45072711
0.34378365
0.32943360
0.20614031
0.23963098
0.33373278
0.33343087
0.31671814
0.20554994
0.14414734
0.27946415
0.16680391
0.39608473
0.22578993
0.23661574
0.36766664
0.09722711
0.37137137
0.34455625
0.27150180
0.37385365
0.24314753
0.27247575
0.33900218
0.20851483
0.25965553
0.25908570
0.25075666
0.33739490
0.16563018
0.20665994
0.17510622
0.38494017
0.20620700
0.26271462
0.11484560
0.25746124
0.24111177
0.31686126
0.31442337
0.23509142
0.25586188
0.28435333
0.34798004
0.39317219
0.25978253
0.22750807
0.25960201
0.22890978
0.28629290
0.19566698
0.16686278
0.34805815
0.39710230
0.27647116
0.19263719
0.26878245
0.19117583
0.37924399
0.47096026
0.31088299
0.22539774
0.25438387
0.29747073
0.23913294
0.37676713
0.28988090
0.16216429
0.27155537
0.31686722
0.32255574
0.18006864
0.18070363
0.41606286
0.31097199
0.25766525
0.22320819
0.22093160
0.23033295
0.28496900
0.28033459
0.28097553
0.27145919
0.39659399
0.31189015
0.16776423
0.26426253
0.32696634
0.28976460
0.19634325
0.18933156
0.26513615
0.30285340
0.21831565
0.23930746
0.27514699
0.18782163
0.32129041
0.22348638
0.33607779
0.32504381
0.29205444
0.42389721
0.25753186
0.42317503
0.43457186
0.26622274
0.44562992
0.27322095
0.26880163
0.33788333
0.39496892
0.20781392
0.36039170
0.18078923
0.19855455
0.42615480
0.22436312
0.33637739
0.20988992
0.16974781
0.12798413
0.42970939
0.21205268
0.13926630
0.38263392
0.22217867
0.24218765
0.18208502
0.40861091
0.10285715
0.31728889
0.35016901
0.32152311
0.26726875
0.21794811
0.23419673
0.28081701
0.23761816
0.23802722
0.31190863
0.18281712
0.20468249
0.39936730
0.23253284
0.33538695
0.47489137
0.29165947
0.13876692
0.23213947
0.36404353
0.25685149
0.14708645
0.35705447
0.30418786
0.36886969
0.26198976
0.25535885
0.26062558
0.23947446
0.20460166
0.09736023
0.26102564
0.15194710
0.29364141
0.42106554
0.25838874
0.25860859
0.38329459
0.26594752
0.25854890
0.20732622
0.22417889
0.28077625
0.38653351
0.25871541
0.23965200
0.22280120
0.21106215
0.38077582
0.25034484
0.43990853
0.41197193
0.23557931
0.23990394
0.35298707
0.07213813
0.20183488
0.22989646
0.40846363
0.28865337
0.26472900
0.24428994
0.34642931
0.24697795
0.36193982
0.28010853
0.28659435
0.24617878
0.19400082
0.22891834
0.19918546
0.44463747
0.28159865
0.33309940
0.27162749
0.38002337
0.20533045
0.29834503
0.21571084
0.28746066
0.34296081
0.34771917
0.19946355
0.20661902
0.20492476
0.37058999
0.21512833
0.34378813
0.26816139
0.28717411
0.37775500
0.21146210
0.35408409
0.33373620
0.23978558
0.36360039
0.33276588
0.21083372
0.31774024
0.37967122
0.24396653
0.21570879
0.35777388
0.18238738
0.14937614
0.22748796
0.34919193
0.39259622
0.17027508
0.26564090
0.11805074
0.35015416
0.21917279
0.37367197
0.20892519
0.19868701
0.25226536
0.31591303
0.38617824
0.23301500
0.25096082
0.15992157
0.23448482
0.27687455
0.21043070
0.22704358
0.26676671
0.18972006
0.30024544
0.17414567
0.22026171
0.36117515
0.18101612
0.31026173
0.26715804
0.35832748
0.20867260
0.17084626
0.24272909
0.33619342
0.23248080
0.17762936
0.37721321
0.12018985
0.33964828
0.25298670
0.21568938
0.33436417
0.20828734
0.22149414
0.26120297
0.27360510
0.24318002
0.33176913
0.34268889
0.25375762
0.21696025
0.37110462
0.24367008
0.30490222
0.21623985
0.17068645
0.27511674
0.32953870
0.20038330
0.26936411
0.34008893
0.18908523
0.13709929
0.17668654
0.25194662
0.40349209
0.23480220
0.23194385
0.25879321
0.38239115
0.38078852
0.24035794
0.27944369
