# NTRAJ	1000
0.40580653
0.49157430
0.37850341
0.47399561
0.45515462
0.41326576
0.52315797
0.48635768
0.48618043
0.44612234
0.46348344
0.46811289
0.44005031
0.44868647
0.50757344
0.50415985
0.50500976
0.47791314
0.46801115
0.48740267
0.51639287
0.43112055
0.47278194
0.40568303
0.54538100
0.48059950
0.49355193
0.54119289
0.51384529
0.48359572
0.52871494
0.47148439
0.53847530
0.28979471
0.30235400
0.49670297
0.47801905
0.48807489
0.48286260
0.44694832
0.48291340
0.48170860
0.37783333
0.49730125
0.44843422
0.47016047
0.56095967
0.57487262
0.47469298
0.45518663
0.34694488
0.44636320
0.44074170
0.44433017
0.56379800
0.39648825
0.42746242
0.47962862
0.48668599
0.58017749
0.43596795
0.48989676
0.45194293
0.45346592
0.44367392
0.49044509
0.43369960
0.54055628
0.39642774
0.44651765
0.29877893
0.45632084
0.53864908
0.42572418
0.46134453
0.50794424
0.46369041
0.45028825
0.51395735
0.45198568
0.44358087
0.49282169
0.50635973
0.47118978
0.45201006
0.47505707
0.51601806
0.57446307
0.47210514
0.48059438
0.44901215
0.47890415
0.46482317
0.52984994
0.49204878
0.39743170
0.52595189
0.37562544
0.48301509
0.49914612
0.45670102
0.49459448
0.53829478
0.48175274
0.50525282
0.48292888
0.40384499
0.52100903
0.49581716
0.57287567
0.49110438
0.56315604
0.43057640
0.50991885
0.50939081
0.56982706
0.40842396
0.48224334
0.41855480
0.45376950
0.51843146
0.52130152
0.43167488
0.47158483
0.45222310
0.55117963
0.44613960
0.48695447
0.49035149
0.48111653
0.36880968
0.49681062
0.42767425
0.42369605
0.48322153
0.52362699
0.33237715
0.49842981
0.48360577
0.49045131
0.49605934
0.47188601
0.48142859
0.46430069
0.47607496
0.44306068
0.54189792
0.42401109
0.45436851
0.49285896
0.45502830
0.55287548
0.50276394
0.44063041
0.42059438
0.54869898
0.37866382
0.36810149
0.41312895
0.49479502
0.42380393
0.51447291
0.48881528
0.47137767
0.50424916
0.38471071
0.44332798
0.56616763
0.45595825
0.42620152
0.47767952
0.44762492
0.45700019
0.38698520
0.47751252
0.45375078
0.52703804
0.50267997
0.55308218
0.47729036
0.51969835
0.41638193
0.56042430
0.44994083
0.42842328
0.37304409
0.42008136
0.50943113
0.54278079
0.42356135
0.49791802
0.52021432
0.44621646
0.51821602
0.55132564
0.49828168
0.51396975
0.45218624
0.44691503
0.45919161
0.51610720
0.39163790
0.46852232
0.48511520
0.46363628
0.35897255
0.44445553
0.48799315
0.39740689
0.39399153
0.52477330
0.49137822
0.47156738
0.52817360
0.50711838
0.46240945
0.48658686
0.51333289
0.53464094
0.46607590
0.46405314
0.45095754
0.50735175
0.45627858
0.52825499
0.53445902
0.54840728
0.51713805
0.46596542
0.50814310
0.46612256
0.48461141
0.40747212
0.46206751
0.49938668
0.48153634
0.44627229
0.47736155
0.44368827
0.45237039
0.45869273
0.27227748
0.45362040
0.44315038
0.46447822
0.39828548
0.41225327
0.54047915
0.46446204
0.52536462
0.46834869
0.47890174
0.45689814
0.46216988
0.48550127
0.45526310
0.46236933
0.40692777
0.43219480
0.46710797
0.46984938
0.47744647
0.53217398
0.49938319
0.46934676
0.39540503
0.39351084
0.48842205
0.50102848
0.52738063
0.40204907
0.54722081
0.43250134
0.46734001
0.50299721
0.52455390
0.57629234
0.41027683
0.43859619
0.40888010
0.54059456
0.40188329
0.41081555
0.41519117
0.41710613
0.25636228
0.43155214
0.46855344
0.55121202
0.34457247
0.46622634
0.46128663
0.50901786
0.47550322
0.50695534
0.51025290
0.47790897
0.39325122
0.51993554
0.41774470
0.50103844
0.51423329
0.50915633
0.49161417
0.41918952
0.48165550
0.55419556
0.55764290
0.54657805
0.53744359
0.47456950
0.39726060
0.46951081
0.38816197
0.47586863
0.52755529
0.47287717
0.53819330
0.43041711
0.54641452
0.37485748
0.52007234
0.41598612
0.50792501
0.42495744
0.40680167
0.53151528
0.46586502
0.56378884
0.56137967
0.47932868
0.43706437
0.42284938
0.48749603
0.44814560
0.46786125
0.49259380
0.53002075
0.53271980
0.46717924
0.41662309
0.48418645
0.43523868
0.48966327
0.57284510
0.40286336
0.48411005
0.45010361
0.42386776
0.45773233
0.46963689
0.53519750
0.43352010
0.47433888
0.49746869
0.36413903
0.47555766
0.49095882
0.52087045
0.44397048
0.43826949
0.51894673
0.52141717
0.53871650
0.43306551
0.53494834
0.56501640
0.39656054
0.43054160
0.45912461
0.39753680
0.40575655
0.42994408
0.46766557
0.52571040
0.45810968
0.48159301
0.39824116
0.39956529
0.48619105
0.50938649
0.44765131
0.48187131
0.44167363
0.51992299
0.42690346
0.49327410
0.47197892
0.55596393
0.55756696
0.48626386
0.39249837
0.43747943
0.49476156
0.43204971
0.51217719
0.50447344
0.46072852
0.43534908
0.52287520
0.45012671
0.39818258
0.55777878
0.48481410
0.54940827
0.45369705
0.46892439
0.55172030
0.46003533
0.53726612
0.41328108
0.48648054
0.42186965
0.49314217
0.48949623
0.48519576
0.44122714
0.50883297
0.49805884
0.48852937
0.56272296
0.33755711
0.48562099
0.51637177
0.43461318
0.43957327
0.53275296
0.51436635
0.31883872
0.52244082
0.49194060
0.40675130
0.33526585
0.42450717
0.57136609
0.45713511
0.51252619
0.50424459
0.45407259
0.46564019
0.48752627
0.50449410
0.49674262
0.39273361
0.43580559
0.45917658
0.52946781
0.49411757
0.36668950
0.45875360
0.41398649
0.35943717
0.54061503
0.48676274
0.38949907
0.48455600
0.46909909
0.48430969
0.53377269
0.51138292
0.47990516
0.51250192
0.36597622
0.40819086
0.42469568
0.46842790
0.45805623
0.48345170
0.47005357
0.49398179
0.50418595
0.51365591
0.51290506
0.47664446
0.49826548
0.46429390
0.40480307
0.43955356
0.47772878
0.55346929
0.47226740
0.46532495
0.41271886
0.51948550
0.46300795
0.49207970
0.41351454
0.46664309
0.47907014
0.48452012
0.46478794
0.45449238
0.45549865
0.52566698
0.52333244
0.42031388
0.36470202
0.43757204
0.46654360
0.43190084
0.52965883
0.57344356
0.50030845
0.40042034
0.38361290
0.55054460
0.50838668
0.50048062
0.43818948
0.44419859
0.44947369
0.51047012
0.53315318
0.50257979
0.48003687
0.44503907
0.42383693
0.49570594
0.46048445
0.48366923
0.48242445
0.51591278
0.56827117
0.50562606
0.50956041
0.53130583
0.47183994
0.44961266
0.42861741
0.43445461
0.45642066
0.45530458
0.53130319
0.42007142
0.40485727
0.47487772
0.35862944
0.53545168
0.49929445
0.57101072
0.50819109
0.48659611
0.51683815
0.39389898
0.38144150
0.46154036
0.51460965
0.51519568
0.47184748
0.52530289
0.48724241
0.53921957
0.35391375
0.50355142
0.50487380
0.39306600
0.44946466
0.49545610
0.47726817
0.45238404
0.50314874
0.51744155
0.56952829
0.53356976
0.46399026
0.41663740
0.46701337
0.53449228
0.45312263
0.53620784
0.55363259
0.47162848
0.38665299
0.45020188
0.45784676
0.43136692
0.43465794
0.46162895
0.49492666
0.53244218
0.48004638
0.43032305
0.53952008
0.43071214
0.48124152
0.41460755
0.47391904
0.47534622
0.49066177
0.47074473
0.42297825
0.47312425
0.55661782
0.46005980
0.44204485
0.51607457
0.44371783
0.35361939
0.37284301
0.54419684
0.47703660
0.50715429
0.39514884
0.51950798
0.44665618
0.52283868
0.43847167
0.54750172
0.45381322
0.55994020
0.49040090
0.49318461
0.50263850
0.53384923
0.43737416
0.35574178
0.41287032
0.48098809
0.40951328
0.56391276
0.39788606
0.44208972
0.51837108
0.58267426
0.53627571
0.43313088
0.47264077
0.48664983
0.54089178
0.39755981
0.38013474
0.38688731
0.48107578
0.46873939
0.42026734
0.47271029
0.51295513
0.49451660
0.42052572
0.51695473
0.50871381
0.50061030
0.52893081
0.47151922
0.41333419
0.42912548
0.44613412
0.46164265
0.43363153
0.43126445
0.43574216
0.50672456
0.50767805
0.55092883
0.50880952
0.44935717
0.49557209
0.53579660
0.55457004
0.41778730
0.43688656
0.42601420
0.42564488
0.45328680
0.42282914
0.49667784
0.49392150
0.35085298
0.51989084
0.48634456
0.53731389
0.45808818
0.43616226
0.47593880
0.42472812
0.49696694
0.44694278
0.45771659
0.34314624
0.42059608
0.38379473
0.41208122
0.39728260
0.47763061
0.48441186
0.47196141
0.47100402
0.49960983
0.41872988
0.44290859
0.40719055
0.51105932
0.44717948
0.49466890
0.48827474
0.51578108
0.45353893
0.40625647
0.52380233
0.41740790
0.47830874
0.54647315
0.38644888
0.48886085
0.43053292
0.49630762
0.51217198
0.51536280
0.52559723
0.43319321
0.40807119
0.47713633
0.49917858
0.38618507
0.47146786
0.50190731
0.41709730
0.54704715
0.55003420
0.39592086
0.38653584
0.48023988
0.46470841
0.53350653
0.46882542
0.51534001
0.51870365
0.51563446
0.48525191
0.44228343
0.47504371
0.50221431
0.43183194
0.50633108
0.49434724
0.52144844
0.46003467
0.49141922
0.42568155
0.48844431
0.48429629
0.50093231
0.43211233
0.47451300
0.46333474
0.42619889
0.39927157
0.52629357
0.45638851
0.52799668
0.40708964
0.41603951
0.46390775
0.42219701
0.36136161
0.56203491
0.44111641
0.52019187
0.47240324
0.41654179
0.48148260
0.52103441
0.47905453
0.52924314
0.58689817
0.38091888
0.47833051
0.51600199
0.58116211
0.53747648
0.47832208
0.53163363
0.53255957
0.53390630
0.45762446
0.41266176
0.55665678
0.51989582
0.41420266
0.54804748
0.45852193
0.52781797
0.47299036
0.51019569
0.45811452
0.50237254
0.42144077
0.37714236
0.51265603
0.53020158
0.55222568
0.46329036
0.50663898
0.48341865
0.53096840
0.51104055
0.43371565
0.40430402
0.47269509
0.44378595
0.46342108
0.38651165
0.50532491
0.43885715
0.49092524
0.45118962
0.47467217
0.39738033
0.51237722
0.34539524
0.51701789
0.56556537
0.51913359
0.52069250
0.38792642
0.52252328
0.50784074
0.49209531
0.39376545
0.51765601
0.51854888
0.31407329
0.41266253
0.40605632
0.49378644
0.52994845
0.51182163
0.39186242
0.52551581
0.33392861
0.53956679
0.50159736
0.49122356
0.41334013
0.44312553
0.39971831
0.42844986
0.45655348
0.53714987
0.51481394
0.53681644
0.49878945
0.44686086
0.44521027
0.45559232
0.48170411
0.54728093
0.49526495
0.44054272
0.48680813
0.48474092
0.28893416
0.46149000
0.52894592
0.51395619
0.52056588
0.37877121
0.53026145
0.51866905
0.48044119
0.41540334
0.55191278
0.45317924
0.43792160
0.49116780
0.52418783
0.56841385
0.52074185
0.43205981
0.43338203
0.34184305
0.50730020
0.43612557
0.50259203
0.53284763
0.41143279
0.48437920
0.45910153
0.48541588
0.52919565
0.50848775
0.50490930
0.46789571
0.57594492
0.40395562
0.50396707
0.50473387
0.51463962
0.54310164
0.56629264
0.53278533
0.38960838
0.49534764
0.46146587
0.50074620
0.43551159
0.41156102
0.47666875
0.48809317
0.53427567
0.46913814
0.53138404
0.55573967
0.43581788
0.39374082
0.49002503
0.50636771
0.44886181
0.53484697
0.47179812
0.52225020
0.35216730
0.47087736
0.55384913
0.50035492
0.48847597
0.46504848
0.49194745
0.42763730
0.46435460
0.49077534
0.46987813
0.28614856
0.42677106
0.38252465
0.46820351
0.44658141
0.50505746
0.45514195
0.41671707
0.47051503
0.42256471
0.43932114
0.48334892
0.52087331
0.47202658
0.52493594
0.46865152
0.37623172
0.56391014
0.47607706
0.50582149
0.46399282
0.46024387
0.46645825
0.50530469
0.43820798
0.34629869
0.45047446
0.44834406
0.44963024
0.54758674
0.50634405
0.43810453
0.51383400
0.49688949
0.39497650
0.52831854
0.44297727
0.49037984
0.49559418
0.52854785
0.52158095
0.46842546
0.46829496
0.42942827
0.47240333
0.51783929
0.35467581
0.47627968
0.42673709
0.51901135
0.39871232
0.45167988
0.36270249
0.54341478
0.49633439
0.49823469
0.35677643
0.52494556
0.45180528
0.47725323
0.48456721
0.47310960
0.48319320
0.47145585
0.47345680
0.48137292
0.43062675
0.49248024
0.50659085
0.48225074
0.55106766
0.47989465
0.46751764
0.45235153
0.42176407
0.44562821
0.53448467
0.52049352
