# NTRAJ	1000
0.39587107
0.03195204
0.27547337
0.00836729
0.02670478
0.47800673
0.25644901
0.46771576
0.23862436
0.03412796
0.15300369
0.20581030
0.46623813
0.00005546
0.27247674
0.18634458
0.00289258
0.41963351
0.00712764
0.20357187
0.31594814
0.07709588
0.28248101
0.00304087
0.13269657
0.00536141
0.00044461
0.37766508
0.46895150
0.00379440
0.15937993
0.00124207
0.25406571
0.37342250
0.43623474
0.34216203
0.26398834
0.29292853
0.06790722
0.11033458
0.36349539
0.33751984
0.36781573
0.33748683
0.43927289
0.37972448
0.16699904
0.12802370
0.00729919
0.11696072
0.57484142
0.37145632
0.04588852
0.09288984
0.02712034
0.31371146
0.20614466
0.37641557
0.30769413
0.04016984
0.12324680
0.25585424
0.48338528
0.25179014
0.07679079
0.33308505
0.03741138
0.23340726
0.18827461
0.40158603
0.19617072
0.00388886
0.42661639
0.43160298
0.24839281
0.40154251
0.00104012
0.05920403
0.23226359
0.29854697
0.00256493
0.43080292
0.01118700
0.36280046
0.09286291
0.16943980
0.42247423
0.36365153
0.23057185
0.37349648
0.23278194
0.21329282
0.11417134
0.25695253
0.04755739
0.43806502
0.38583909
0.16002792
0.04390291
0.35080276
0.34743212
0.17937472
0.04198654
0.41626308
0.24895713
0.27209172
0.38541654
0.44190846
0.41245900
0.09496634
0.43413003
0.00432934
0.28988939
0.00391910
0.00759140
0.17033075
0.35794175
0.29512873
0.47177955
0.03854195
0.42828798
0.27648847
0.00011747
0.39169780
0.44428828
0.18969990
0.10419753
0.16021366
0.36103915
0.30398919
0.50508411
0.22957154
0.20537404
0.43495336
0.33942266
0.10329896
0.08045774
0.38762360
0.38212638
0.40292354
0.38248319
0.43406611
0.00578449
0.28049859
0.14047383
0.12025666
0.24608068
0.27380609
0.00732537
0.04137722
0.33105597
0.17493984
0.05634139
0.41857424
0.22790055
0.17127831
0.38594995
0.22084635
0.19786487
0.25913055
0.03414114
0.52313544
0.32086518
0.21130971
0.33090594
0.41635794
0.40553089
0.38203190
0.35769248
0.39241973
0.39894990
0.39827713
0.10940999
0.50277856
0.03923831
0.09641602
0.08210077
0.44286319
0.05066012
0.48059280
0.25202464
0.17088037
0.33939290
0.02896366
0.29232733
0.49435126
0.33976536
0.40012079
0.35695477
0.42654314
0.09527253
0.35073198
0.52559415
0.00955474
0.13219180
0.56998315
0.30093414
0.26713175
0.20616614
0.42163476
0.04985157
0.42726626
0.40457668
0.30478572
0.41590651
0.00018247
0.04783728
0.05788574
0.41813067
0.00063034
0.08232269
0.00000292
0.00006908
0.00527672
0.29312544
0.07315838
0.34550464
0.12108449
0.22563312
0.36873465
0.11607371
0.24154589
0.42115077
0.37609687
0.49728810
0.19984166
0.47124108
0.00635145
0.00069830
0.38646298
0.03444166
0.43360433
0.15863056
0.20843181
0.36848823
0.00120056
0.26591324
0.15311044
0.42499858
0.35760703
0.32194027
0.11414898
0.00086644
0.02447258
0.13076223
0.38553375
0.00008872
0.04664521
0.00008399
0.47563209
0.36452046
0.05086114
0.00003415
0.05272799
0.31546825
0.18755820
0.01299351
0.15273920
0.08781416
0.17995226
0.52126690
0.33873138
0.09404896
0.25390698
0.29440536
0.36684002
0.05101868
0.12555200
0.46141168
0.57522256
0.01307937
0.08417526
0.32075062
0.21863327
0.32610376
0.00042722
0.42631407
0.04718715
0.46457153
0.38017240
0.07517059
0.03733605
0.23743772
0.24850216
0.04569385
0.31519684
0.19336173
0.03578783
0.01391863
0.01097105
0.37798876
0.43688113
0.42934909
0.37748561
0.25998614
0.37437420
0.40842450
0.12057468
0.47629871
0.30328357
0.33864445
0.41327916
0.41690762
0.06437080
0.29899740
0.34047921
0.28013465
0.04006874
0.11162908
0.22788082
0.35265377
0.26278947
0.28987616
0.46910636
0.46838781
0.12863707
0.00033247
0.37766932
0.31060094
0.18582167
0.11027130
0.12175593
0.59534530
0.48027244
0.45480072
0.37075359
0.02104156
0.02817779
0.35391230
0.34963977
0.36349754
0.28231317
0.46101819
0.31092960
0.04244830
0.09768783
0.47553134
0.18710633
0.10280607
0.07633916
0.29676747
0.31546716
0.49864339
0.04228096
0.11944831
0.49437780
0.22978665
0.27584764
0.43424377
0.47673913
0.29686460
0.10226338
0.44344362
0.35146615
0.43557573
0.13937186
0.43371854
0.40076404
0.05434688
0.25632977
0.26481010
0.04425643
0.36943526
0.50567399
0.04411921
0.16599280
0.51407941
0.32181645
0.42320352
0.19600739
0.07253499
0.25124269
0.37533592
0.02763302
0.12422809
0.37981021
0.20196487
0.42808554
0.02407380
0.38278245
0.03441738
0.10688027
0.00496002
0.20905976
0.15606695
0.27954100
0.01395609
0.10051010
0.10167760
0.15896387
0.15628192
0.35747393
0.42148563
0.01087458
0.01355620
0.16340076
0.00056454
0.13815232
0.15266255
0.32371368
0.45558680
0.39743644
0.14570211
0.33634828
0.48587288
0.09162339
0.21409907
0.19708807
0.24365222
0.23197424
0.03608038
0.16287615
0.05293680
0.20557455
0.11892395
0.43369840
0.39301164
0.10374054
0.45715917
0.28040508
0.03554607
0.43658723
0.44791505
0.09780586
0.44735824
0.00723201
0.17611061
0.01372080
0.41262581
0.26497312
0.40479714
0.30549124
0.21615018
0.34954014
0.00079879
0.36031615
0.00015246
0.19147252
0.51480848
0.03830733
0.35046160
0.09563259
0.22153764
0.42578306
0.36992667
0.25703104
0.12694275
0.25803544
0.43169860
0.08525893
0.39880357
0.19515252
0.41698625
0.28310940
0.33779997
0.34625468
0.38264003
0.50895599
0.00000137
0.08713515
0.12636513
0.04154506
0.50407033
0.12076625
0.16079336
0.32058731
0.01218495
0.37589219
0.41501340
0.46793503
0.32150313
0.40821490
0.05098048
0.02384936
0.37605946
0.20532994
0.30763001
0.38373837
0.04267016
0.00274382
0.35484575
0.40566151
0.21957606
0.29708605
0.08326130
0.00945820
0.20895541
0.06562234
0.39703951
0.31549616
0.05065843
0.29954400
0.27082356
0.41369762
0.24661811
0.36679051
0.27408899
0.00015758
0.31180848
0.31311224
0.42742654
0.22421595
0.00270729
0.29714799
0.00615143
0.24668342
0.23868924
0.33762954
0.11188969
0.00118306
0.43309767
0.13323480
0.05530737
0.34359973
0.07072616
0.31882649
0.42552768
0.46252000
0.42374149
0.11025118
0.17093311
0.22581899
0.02059930
0.21003894
0.00515772
0.47059943
0.31615702
0.00021903
0.09692434
0.07511787
0.21518042
0.42111174
0.20578493
0.31021398
0.30742335
0.15291332
0.30284469
0.10361293
0.09609150
0.33590276
0.02962745
0.16837383
0.40668128
0.05147286
0.00088346
0.02942215
0.26616597
0.47650177
0.27336945
0.03372155
0.47302951
0.02211075
0.00495470
0.04055620
0.07663610
0.00961444
0.27842524
0.19661470
0.54941518
0.01560068
0.09950820
0.27392269
0.19004079
0.45782877
0.09925011
0.07566011
0.48184374
0.37054747
0.36576380
0.43314604
0.35924716
0.09094462
0.31952450
0.29070194
0.28676711
0.14368403
0.35208076
0.27502565
0.04258145
0.27144824
0.00380872
0.28413850
0.20913229
0.26071286
0.41921299
0.30351652
0.39998687
0.06967113
0.08831502
0.00438319
0.12262743
0.17535022
0.43986640
0.00715016
0.34993772
0.49597132
0.23673635
0.25214265
0.00351689
0.40686986
0.00278959
0.30176937
0.03933204
0.44114152
0.43257279
0.11075816
0.43816472
0.10635373
0.33685505
0.11924113
0.13212072
0.24283114
0.39290792
0.08312146
0.21361570
0.38088038
0.09861386
0.26026188
0.39613318
0.11357264
0.00779799
0.12755630
0.01533607
0.35643588
0.07211872
0.36978058
0.46072114
0.28503153
0.36248859
0.26460339
0.02895150
0.40533802
0.45593906
0.24651514
0.30456634
0.34458144
0.34650399
0.33903997
0.14385551
0.27358944
0.00015317
0.26507341
0.28743874
0.11203474
0.42112081
0.35508895
0.01937111
0.07586405
0.21479418
0.18440374
0.02690032
0.28567954
0.27926214
0.16477290
0.10990832
0.29834339
0.07030613
0.24401624
0.05527385
0.00185896
0.03022751
0.18005324
0.10657492
0.27527603
0.40760891
0.31342489
0.31594139
0.24788974
0.36094889
0.16337859
0.10027059
0.22066803
0.02004135
0.13495109
0.39619703
0.00092873
0.29870441
0.37826380
0.10255799
0.00153123
0.20754211
0.14457925
0.08929031
0.16969204
0.00720871
0.15712407
0.25433019
0.17713709
0.01064002
0.04903118
0.18039258
0.12522610
0.05818993
0.39812293
0.45923602
0.31367399
0.36995997
0.01773128
0.31007878
0.43788536
0.45697307
0.23971140
0.05951888
0.28541128
0.53643720
0.22546841
0.53357883
0.49373446
0.15672715
0.48850799
0.30076700
0.03714531
0.00019131
0.31846246
0.38441850
0.01396676
0.08925991
0.07852867
0.32263620
0.00307125
0.28782372
0.45031653
0.27386634
0.30989904
0.44380434
0.11890441
0.04102958
0.24892621
0.36577251
0.36499127
0.43027340
0.47518043
0.36967785
0.22864888
0.39453126
0.20422369
0.01110678
0.32363191
0.14781064
0.25400687
0.09867761
0.00959364
0.28621060
0.00005836
0.41072852
0.07000769
0.24488462
0.07501841
0.21805231
0.19879789
0.12040890
0.25713141
0.45147670
0.35815566
0.33462842
0.33678561
0.08216957
0.23029495
0.17991797
0.01065279
0.26731244
0.34541239
0.45531220
0.11326126
0.30473679
0.11539253
0.29561704
0.51394781
0.17020823
0.30199217
0.03078401
0.02917873
0.00769948
0.46782624
0.16515906
0.40536270
0.41430052
0.46749192
0.48175660
0.41621651
0.51319641
0.21775296
0.28395058
0.40350453
0.54155779
0.00217038
0.17347943
0.00196345
0.05087121
0.03808123
0.49387116
0.45614234
0.40280728
0.11950288
0.10259062
0.11669135
0.02005117
0.18258353
0.02211764
0.27651278
0.05933347
0.07346350
0.49953742
0.44623152
0.43356370
0.35595918
0.08005492
0.07546874
0.32306116
0.32750537
0.38940356
0.49299461
0.30626853
0.36077095
0.40992644
0.31055832
0.50179273
0.00172092
0.04581678
0.03762914
0.11027455
0.31399053
0.28619948
0.00490390
0.42137737
0.07796886
0.30007108
0.33951087
0.15370991
0.28949565
0.07731395
0.39222342
0.49459364
0.34371087
0.31509060
0.38097065
0.31401133
0.50409435
0.47982610
0.41142230
0.11266288
0.35646658
0.01636005
0.00562676
0.03191034
0.34100599
0.36452200
0.48312963
0.20877023
0.34772111
0.33635508
0.48977687
0.01473410
0.43532159
0.59530336
0.45223325
0.19530924
0.27929281
0.04498464
0.32960494
0.27268723
0.00083715
0.14447780
0.05843685
0.23413578
0.42569018
0.16968883
0.41231595
0.40165596
0.00772344
0.17506113
0.24570530
0.12506948
0.31047278
0.29298018
0.43969130
0.19847219
0.05235243
0.32234422
0.20186116
0.25314864
0.36803420
0.32778051
0.24732538
0.36834949
0.24644272
0.28885285
0.52804106
0.19644772
0.04956680
0.06312932
0.46051167
0.29978319
0.21301872
0.02805395
0.01711422
0.00045446
0.25712518
0.39477641
0.31704368
0.00262266
0.41271825
0.23397711
0.02954103
0.05770840
0.44066446
0.30390760
0.42133019
0.11371146
0.35281981
0.10200369
0.47333681
0.35885701
0.00627144
0.15789003
0.38335199
0.25081808
0.33325880
0.51791613
0.37676834
0.31872890
0.22918778
0.08536844
0.31179252
0.22188887
0.54172331
0.27943250
0.15981982
0.09259629
0.32161060
0.07751863
0.22414767
0.46239338
0.46836885
0.19190449
0.51817601
0.09514997
0.30590483
0.54786894
0.44199548
0.02680083
0.28308156
0.13607232
0.41679183
0.14048502
0.24703855
0.36053634
0.42028239
0.29798869
0.00563141
0.37292902
0.37306284
0.06843968
0.00717490
0.10929603
0.15458431
0.31791929
0.40525661
0.34423843
0.44860186
0.05980671
0.23578522
0.43206591
0.00740280
0.42894309
0.13340942
0.43071684
0.10171528
0.35654162
0.01627899
0.03585189
0.28816815
0.46197572
0.43309538
0.10476356
0.14103703
0.15198694
0.02921511
0.39567027
0.46272096
0.07902892
0.39285739
0.40651572
0.21557514
0.26689546
0.02291344
0.16571197
0.39667089
0.25492687
0.37010558
0.30348459
0.36330935
0.33162109
0.22794110
0.33119033
0.44277200
0.16776961
0.41078648
0.04625390
0.21323517
