# NTRAJ	1000
0.79014035
0.92495599
0.44792233
0.90101097
0.52880688
0.51687140
0.76355234
0.50814900
0.74819995
0.37861130
0.67754999
0.77623630
0.20495850
0.37543446
0.28212675
0.90808355
0.66567158
0.41822343
0.77186499
0.46605274
0.58294500
0.83524273
0.87487055
0.48893043
0.53932639
0.72661783
0.79289385
0.82746848
0.32411865
0.75379318
0.69134912
0.56362941
0.89106250
0.42041236
0.45290260
0.20677864
0.50471485
0.92990839
0.27579800
0.84738472
0.71469778
0.40522252
0.91054926
0.62731138
0.51731331
0.25081834
0.43259473
0.94198422
0.64724793
0.37600645
0.45785264
0.43807024
0.89184269
0.41691822
0.61909549
0.43424210
0.45205486
0.54982374
0.25618257
0.78386652
0.69425610
0.13244262
0.77693793
0.33098951
0.88000711
0.74437952
0.26706660
0.74011583
0.77541101
0.93952618
0.84251042
0.96704008
0.41427333
0.51403281
0.69931101
0.71716389
0.53901524
0.59603253
0.83757173
0.26553884
0.61854896
0.58969493
0.22096400
0.72198605
0.61464192
0.93675162
0.47493840
0.49814602
0.47382734
0.68388817
0.71710448
0.26003920
0.56832208
0.21569902
0.42144479
0.62640091
0.57459898
0.86457310
0.84424630
0.91522350
0.82547283
0.82005542
0.87051987
0.80809022
0.75656059
0.90483116
0.48221817
0.78213678
0.21414361
0.21634561
0.15894109
0.65255982
0.54107070
0.65011132
0.37895964
0.96589204
0.91430153
0.29604489
0.21735896
0.56531274
0.62098440
0.70104989
0.73109311
0.80869353
0.84555840
0.85957004
0.59719262
0.23674831
0.66207130
0.81742089
0.59088609
0.36132898
0.73693276
0.46131934
0.84246413
0.45545414
0.55089217
0.42949780
0.39298517
0.71297776
0.51516551
0.16880952
0.27756691
0.83473718
0.55483833
0.35034873
0.67258029
0.77406834
0.44769286
0.50902092
0.95896514
0.72772514
0.84404772
0.25275000
0.45594610
0.80403324
0.22197549
0.84830919
0.73326336
0.39064287
0.55729383
0.65394680
0.87381458
0.65024266
0.13514857
0.58011270
0.92630631
0.16318392
0.66411788
0.32829440
0.55601910
0.77450463
0.87751051
0.75897634
0.50512909
0.50062750
0.88485571
0.18397276
0.74786413
0.85837630
0.22681746
0.61546815
0.75058390
0.56331851
0.68450283
0.47517363
0.42347953
0.63653637
0.14769808
0.79418845
0.59441159
0.87512528
0.86517565
0.58715159
0.83881180
0.36673429
0.69850888
0.70141124
0.18405339
0.53582829
0.96505007
0.33507537
0.31513260
0.19426480
0.80459389
0.89378828
0.25434543
0.62414565
0.27226914
0.51830959
0.94721439
0.49484956
0.95523455
0.92748278
0.45019602
0.43530239
0.90199522
0.68263045
0.47351369
0.50613438
0.25236527
0.77879394
0.62297467
0.54123842
0.81750352
0.87488804
0.60214923
0.80507099
0.20984153
0.50708928
0.27820155
0.85238935
0.44327057
0.58458098
0.62340505
0.53485766
0.51637336
0.60750721
0.23028515
0.43145765
0.33941347
0.89196867
0.81639561
0.68647824
0.36006703
0.88882779
0.15452903
0.82796637
0.15668433
0.32925272
0.48777950
0.88820256
0.46366287
0.33294377
0.65571035
0.17407309
0.75901076
0.66796879
0.69033551
0.28991772
0.82426402
0.86508772
0.70640639
0.19691055
0.59626447
0.67604542
0.28654083
0.65298041
0.55110919
0.46684933
0.30279392
0.78173127
0.37238903
0.38952793
0.91468108
0.39840163
0.93524202
0.61347563
0.81096759
0.38858266
0.57898723
0.76744270
0.64030490
0.94232528
0.65616807
0.73054484
0.72510498
0.34900611
0.21513186
0.91746432
0.87933915
0.54900883
0.31835581
0.49070524
0.46099370
0.89071992
0.74239465
0.40190810
0.61466567
0.77704360
0.89031714
0.42135144
0.13087027
0.83949417
0.55525067
0.89276058
0.82564350
0.26797547
0.66183476
0.62533874
0.81878794
0.83974020
0.67114610
0.83544702
0.72376853
0.37029710
0.32089564
0.15854200
0.43754069
0.56719855
0.92490570
0.76472517
0.68511837
0.32823270
0.27361260
0.63755710
0.35968910
0.73599472
0.75477034
0.36460834
0.87667572
0.93707507
0.59015701
0.79415892
0.87110702
0.78652440
0.94690816
0.95437954
0.46672528
0.29554743
0.50560447
0.59101931
0.21649455
0.37602304
0.12044919
0.92078812
0.90091164
0.82390020
0.80803408
0.68872758
0.42118471
0.74681818
0.50663070
0.86501810
0.56119347
0.83394445
0.51391090
0.20768151
0.85947989
0.78962644
0.83914545
0.92554202
0.39476472
0.57032601
0.58959234
0.17036706
0.57801060
0.22475003
0.37072677
0.86282894
0.42277836
0.27516950
0.21791789
0.32409989
0.59550770
0.35823186
0.63658962
0.52151210
0.91360891
0.65345859
0.65453473
0.88329767
0.30587710
0.28349371
0.87883349
0.31468070
0.85203821
0.87176038
0.53313960
0.21187200
0.84975298
0.56406585
0.42687761
0.80955867
0.95669117
0.41193030
0.92618558
0.55343406
0.64730276
0.90002792
0.54388171
0.26768164
0.57346220
0.46188854
0.92125253
0.86968972
0.87963349
0.87807153
0.66393556
0.83524960
0.19528645
0.30735374
0.85244534
0.25726635
0.41020463
0.44371833
0.91426905
0.57017762
0.14813267
0.61075483
0.62301563
0.54666695
0.61595496
0.15499463
0.80420671
0.81129521
0.22482897
0.41860404
0.69808979
0.88529527
0.93936956
0.78405681
0.34487154
0.12331315
0.35869271
0.52215126
0.32934372
0.63545625
0.80576784
0.67532546
0.15034659
0.88448072
0.80538071
0.35577794
0.65875974
0.89278751
0.65666324
0.36514678
0.81346501
0.59974913
0.76971523
0.70032919
0.36022608
0.61452566
0.66801972
0.47313016
0.63247911
0.84825664
0.54052831
0.50611079
0.63917630
0.94492088
0.43830859
0.46999376
0.50764089
0.54000726
0.74147194
0.28083473
0.51176865
0.45202830
0.27353304
0.89071268
0.51961634
0.85547234
0.28753352
0.61454528
0.14597338
0.86243319
0.59797621
0.42700616
0.81935642
0.72870517
0.57546176
0.78453116
0.53995407
0.21450135
0.75288119
0.24834744
0.39525553
0.79975072
0.88638608
0.19289725
0.46539642
0.61583985
0.51546971
0.63713852
0.44122615
0.53993589
0.69843635
0.37543616
0.78401236
0.81332496
0.24326490
0.77217961
0.70066695
0.12646517
0.76640077
0.36695402
0.49616388
0.58248100
0.80856878
0.90592080
0.84585029
0.54063263
0.90037949
0.68236388
0.78609127
0.67650631
0.75036475
0.60475961
0.41083201
0.82288014
0.73901826
0.52627408
0.39723457
0.60454704
0.60647036
0.70154319
0.17183024
0.18730778
0.62709987
0.69700230
0.69691906
0.88998050
0.92592323
0.58066190
0.26237342
0.19081319
0.56973515
0.80495181
0.42592916
0.83922333
0.67936930
0.31796261
0.93003231
0.62615565
0.80805988
0.80711682
0.63025078
0.66318869
0.40504146
0.46859247
0.47755842
0.76038336
0.85471626
0.75351212
0.80797877
0.76706463
0.82711705
0.93028508
0.83832079
0.25146243
0.23691001
0.42135925
0.57479293
0.50430398
0.57230145
0.79326119
0.45645398
0.73447542
0.52676393
0.86748504
0.65883391
0.75569845
0.91438958
0.40493532
0.60051035
0.54018025
0.32671796
0.24508763
0.48178518
0.72901025
0.82079819
0.68706995
0.96308475
0.33350595
0.28931173
0.29113598
0.78325382
0.86957247
0.79720030
0.80519463
0.80678036
0.67909387
0.46986296
0.33922942
0.52466398
0.16821892
0.73450621
0.83177065
0.73543258
0.86350768
0.33312963
0.86766843
0.50716050
0.44374401
0.57450509
0.11115534
0.19332288
0.89909170
0.51278896
0.53469705
0.45993391
0.78827933
0.31449206
0.87066089
0.54936036
0.84368157
0.89571817
0.90961327
0.15490620
0.95687558
0.66594102
0.41690532
0.67507397
0.63202182
0.47853291
0.83060691
0.91388830
0.92156746
0.74974658
0.53559489
0.13837808
0.43279028
0.79654556
0.50483736
0.91463197
0.80119650
0.71211902
0.87312660
0.51440965
0.36819475
0.39708507
0.76307794
0.88448386
0.39524929
0.84447312
0.43596837
0.67039338
0.72029448
0.70535919
0.55644508
0.83038380
0.62527710
0.60710836
0.47226313
0.53950109
0.49818037
0.51693430
0.70444825
0.42171370
0.40507483
0.84604870
0.92766301
0.89325667
0.30656993
0.37403230
0.44990719
0.76371937
0.85140451
0.61087858
0.22999979
0.59310453
0.85435406
0.47481390
0.54450512
0.79872188
0.24780821
0.48801903
0.92032351
0.30251513
0.72157311
0.75481782
0.84345188
0.27766454
0.77442128
0.81157860
0.44666895
0.58515654
0.94386941
0.97697729
0.55859190
0.46888517
0.84599331
0.40993246
0.13990329
0.51308496
0.86567835
0.15890743
0.55550952
0.75255236
0.74185113
0.50751522
0.82910696
0.78528268
0.51380613
0.86075247
0.34235786
0.39216516
0.74595340
0.41462019
0.44613237
0.71655844
0.18005216
0.50811885
0.89919045
0.78724536
0.34471545
0.22941173
0.89339898
0.81594711
0.12308234
0.85354881
0.77465221
0.92542115
0.70512487
0.88577275
0.39290371
0.85966221
0.83571333
0.84107118
0.28106528
0.14037050
0.73691207
0.46433920
0.79624467
0.90495372
0.83032171
0.82765047
0.20259738
0.42725304
0.84619308
0.58978184
0.14425431
0.23651803
0.83059122
0.79055637
0.36416821
0.20738940
0.76364667
0.13562368
0.43149885
0.92171621
0.68638289
0.85373568
0.46015447
0.85390067
0.67350928
0.69926764
0.90920950
0.14649028
0.63673675
0.90629805
0.43929561
0.82167593
0.43929446
0.24952798
0.24580284
0.52939655
0.86921830
0.40617311
0.87514137
0.85420086
0.81374716
0.58294569
0.83931564
0.87300773
0.94302963
0.29579348
0.69826707
0.14956754
0.71174476
0.75801111
0.50422229
0.81124332
0.75715558
0.80633216
0.65450908
0.76193504
0.48031095
0.96188189
0.93958356
0.62318953
0.42408193
0.83612650
0.26703889
0.35382716
0.45459812
0.78440658
0.84945222
0.40468740
0.22301732
0.75111032
0.26843780
0.81903863
0.43347767
0.18880105
0.52792661
0.77917177
0.60560105
0.76985757
0.43517595
0.75712045
0.19826978
0.84277148
0.59116660
0.50634965
0.44067060
0.56480052
0.49970918
0.73620029
0.32855953
0.70575320
0.25936396
0.37537914
0.27039262
0.78859145
0.56226288
0.64679127
0.49607398
0.24603724
0.50531625
0.72711324
0.84412370
0.79641684
0.74121175
0.29236991
0.49983554
0.57918331
0.80186427
0.53659804
0.94448654
0.96019017
0.59182721
0.93324388
0.53224003
0.88380919
0.79978671
0.53622324
0.81245753
0.93484773
0.57344901
0.88007882
0.28415950
0.37906045
0.39795600
0.73864038
0.86702909
0.49958352
0.85958066
0.72102331
0.65058585
0.35786379
0.86746297
0.96009690
0.60412888
0.56030844
0.87280189
0.86803754
0.49181366
0.16795290
0.87570713
0.71188704
0.13995479
0.21220027
0.73998982
0.88511064
0.45992956
0.31835895
0.49056873
0.43520792
0.47523443
0.19179844
0.19599004
0.22817274
0.66229343
0.91878935
0.90541168
0.64413393
0.42940444
0.33904422
0.67656614
0.68020076
0.40539588
0.84530568
0.96170708
0.45500403
0.69574939
0.74719811
0.53098541
0.95090455
0.79762238
0.38153311
0.21431008
0.51582864
0.18583567
0.52785350
0.61786808
0.39995641
0.88491621
0.24046701
0.75113079
0.88309110
0.63052743
0.92443192
0.86305626
0.45379879
0.75920609
0.21969822
0.74116098
0.92723318
0.85911173
0.87476939
0.13162221
0.74778929
0.42869218
0.38419811
0.72209435
0.88123698
0.93271137
0.78893732
0.74139629
0.53484284
0.93739612
0.86639117
0.60690643
0.70369743
0.45438375
0.94259773
0.12990765
0.93524885
0.22840636
0.78154910
0.72366924
0.61497992
0.76830817
0.33077401
0.60740380
0.69594137
0.28599448
0.94440275
0.82596674
0.86248404
0.44437169
0.46542393
0.90469751
0.96470701
0.65572538
0.61791682
0.51405469
0.17342002
0.40291996
0.84369814
0.90595592
0.77491331
0.83508750
0.83231089
0.52255328
0.82789755
0.22736752
0.41801242
0.24944382
0.93163445
0.67076061
0.86606377
0.22843198
0.88486225
0.76348676
0.59836744
0.45839028
0.49708277
0.67075156
0.17042144
0.22299716
0.88156625
0.50223794
0.70739904
0.87207507
0.86272481
0.59642432
0.63315310
0.17613801
0.87819756
0.27994020
0.39342392
0.84405893
0.25340918
0.75942828
0.61232051
0.88937247
