# NTRAJ	1000
0.52418160
0.52063406
0.52205965
0.46649849
0.51954078
0.49734124
0.49935118
0.50288581
0.51813068
0.50389591
0.52452920
0.42829024
0.48995717
0.49517324
0.49252240
0.28186478
0.47483419
0.50326136
0.52341596
0.44763903
0.52143371
0.50921207
0.52470186
0.51367480
0.50848472
0.47322921
0.52041631
0.32949760
0.51600294
0.51560026
0.49913877
0.52308044
0.43422291
0.50464408
0.43341211
0.50592002
0.39108370
0.45388781
0.41687897
0.47181189
0.42123487
0.51978437
0.52232335
0.42188792
0.51880310
0.51294007
0.52324860
0.44341405
0.52088524
0.48941818
0.48638876
0.42634814
0.50469953
0.45100033
0.51704865
0.44725653
0.45864269
0.51713318
0.51064971
0.39252305
0.50877602
0.48875205
0.52138791
0.51137526
0.50541773
0.51118845
0.48788083
0.52236268
0.41440197
0.42864773
0.44726843
0.41457395
0.50534622
0.52589176
0.51192214
0.43944945
0.48003626
0.49535140
0.34137805
0.45332121
0.40960520
0.42084409
0.51271733
0.49422835
0.31187801
0.38879468
0.52347897
0.52663555
0.49426727
0.46939683
0.46290835
0.51644701
0.52454575
0.49975251
0.51143673
0.48523820
0.49514032
0.35497216
0.42722769
0.41744737
0.39727221
0.52415286
0.29148380
0.37918977
0.51192508
0.42440594
0.48104959
0.51482623
0.44794879
0.48251278
0.52222396
0.47534424
0.52167864
0.37791497
0.46682460
0.49052748
0.44464656
0.50910929
0.50917877
0.51217494
0.52466465
0.47727567
0.44660889
0.52348367
0.51747763
0.52228072
0.51552127
0.48036693
0.50306899
0.47838335
0.47777906
0.52156976
0.51757905
0.46400120
0.50802155
0.50639990
0.51070772
0.50065285
0.52545682
0.52155850
0.42702045
0.51831915
0.49326504
0.50885575
0.49968053
0.52385121
0.51858066
0.48832927
0.52339337
0.52282736
0.40924898
0.52345829
0.51463013
0.52394190
0.51566055
0.50872719
0.52473119
0.52056951
0.39438073
0.52444360
0.52481911
0.50510857
0.47525558
0.51950476
0.52040847
0.51055366
0.46907824
0.52470364
0.49766374
0.49585806
0.43614454
0.52398544
0.52374842
0.49738658
0.48411031
0.51892622
0.51374031
0.52400766
0.44589054
0.52280615
0.49818888
0.37479649
0.52023793
0.48639014
0.52443525
0.52175965
0.52001967
0.52048012
0.52426357
0.49419989
0.39662551
0.41440919
0.48375458
0.48117747
0.45306514
0.48135008
0.47767445
0.44066801
0.48615241
0.45414858
0.44707226
0.50502076
0.52304442
0.52185491
0.47733812
0.52379395
0.49383023
0.38334602
0.51305569
0.50779804
0.47915925
0.43903154
0.39900033
0.37700501
0.52262861
0.46202056
0.44935258
0.52309841
0.37164191
0.41693187
0.46358859
0.49294108
0.52309012
0.33968749
0.47403198
0.50073520
0.48044498
0.51824747
0.51651551
0.52119574
0.52658876
0.50357235
0.52150661
0.52356359
0.25540895
0.52395678
0.41945473
0.44953252
0.52392875
0.50977817
0.52140532
0.35579963
0.48038001
0.51121724
0.52149351
0.47326620
0.49203943
0.34075869
0.51676395
0.50747676
0.52519949
0.41970195
0.50934637
0.47940545
0.50570164
0.51220384
0.47069119
0.34867776
0.51585309
0.42747913
0.52291927
0.47061150
0.51082188
0.51367855
0.52032637
0.51303690
0.51284800
0.43029219
0.44922511
0.52340418
0.51824077
0.52366488
0.43335978
0.52509941
0.44717536
0.51924256
0.52372353
0.39174616
0.49116845
0.48530212
0.47499772
0.50787896
0.52069305
0.45918090
0.46218090
0.51335220
0.46294247
0.52431497
0.52401235
0.52208043
0.42234880
0.47410047
0.52579612
0.52410118
0.48822940
0.48369620
0.52404834
0.46065759
0.42437503
0.52324573
0.39935954
0.48083828
0.52297849
0.46895459
0.38143612
0.52055584
0.51503975
0.51966117
0.51244122
0.45241810
0.34614916
0.51971400
0.52241974
0.41273657
0.48520215
0.49374049
0.52493431
0.52426261
0.52481446
0.40299026
0.31227642
0.52444479
0.50610697
0.45389439
0.51126059
0.41770721
0.48276635
0.41396751
0.52358076
0.52209243
0.46608530
0.51846788
0.41587335
0.39396550
0.49236529
0.39693286
0.28759697
0.52499704
0.42638359
0.52417737
0.51494220
0.50565487
0.52550512
0.41421745
0.51370509
0.37616078
0.31268028
0.45383054
0.39433440
0.49718782
0.52441884
0.47959373
0.41504103
0.51044442
0.46325172
0.47973297
0.50412676
0.49453907
0.39341373
0.47686466
0.42632756
0.49129521
0.43153277
0.44767238
0.50326212
0.50491413
0.48268794
0.50335718
0.52178576
0.52472803
0.51984349
0.47530543
0.51146941
0.45481457
0.51607077
0.50009855
0.31866592
0.49057745
0.36943439
0.50921584
0.47995763
0.47388123
0.51711836
0.51807662
0.39492595
0.50957356
0.44640157
0.42522057
0.52393027
0.49078005
0.50010978
0.52492366
0.52098164
0.52594117
0.44552457
0.47789767
0.42766603
0.47983133
0.38614037
0.52369482
0.52393027
0.51599037
0.50051272
0.52582603
0.39242976
0.46558385
0.51872180
0.51613976
0.52354764
0.46487251
0.52330839
0.48867307
0.51000804
0.45539506
0.52650331
0.52277816
0.51842497
0.34498690
0.52223072
0.52574989
0.47658775
0.49562551
0.33934119
0.52547186
0.46724447
0.52264866
0.51384608
0.52195487
0.52251969
0.46041808
0.27138150
0.48390678
0.51474441
0.52232157
0.39248396
0.40922671
0.49599568
0.52004944
0.50726327
0.43256320
0.51542369
0.52455763
0.51996397
0.51015396
0.52374130
0.46249950
0.49096893
0.50675120
0.32671244
0.45898524
0.52614786
0.43638710
0.52162842
0.50759087
0.42406392
0.43405631
0.52192920
0.51430990
0.51340217
0.35258582
0.42926191
0.27034257
0.37199113
0.49304692
0.52254644
0.51562665
0.36708882
0.42218092
0.52208995
0.52116478
0.44438213
0.44917933
0.52580820
0.29237804
0.52395119
0.52386212
0.51657409
0.45911786
0.50512538
0.50771943
0.39239135
0.51089403
0.40489391
0.52105513
0.51283351
0.52168860
0.52473437
0.49707912
0.51262789
0.51935814
0.50735265
0.51339594
0.46993079
0.49115752
0.48301141
0.45613690
0.52362526
0.33821260
0.52138291
0.50520585
0.40748803
0.52191548
0.52457116
0.51222713
0.37055609
0.51900473
0.34953649
0.49869809
0.52346637
0.45633896
0.47318665
0.44423887
0.44586025
0.52519583
0.38712806
0.51848698
0.50742542
0.50372697
0.42221480
0.49653083
0.52081758
0.51420785
0.49277408
0.29495084
0.41720429
0.43938056
0.51948852
0.47311511
0.50715238
0.52319687
0.46973242
0.51431199
0.42177549
0.51994285
0.46855530
0.50055556
0.49870866
0.50256559
0.51346678
0.48037423
0.50584099
0.52302858
0.43776693
0.49407754
0.52376193
0.50399300
0.51633409
0.52643907
0.50263947
0.52125050
0.51945643
0.52423487
0.52135952
0.47982056
0.43895125
0.40267360
0.52285402
0.49613128
0.51964851
0.36117586
0.52411933
0.51419841
0.51889451
0.50980323
0.35812364
0.51231320
0.50451991
0.49860998
0.47852775
0.52351024
0.47924485
0.49074882
0.52318070
0.42868229
0.40462983
0.41377821
0.48456361
0.52499372
0.50829555
0.47073086
0.45891851
0.49849721
0.52479565
0.50370155
0.48179219
0.48841585
0.47063670
0.46802191
0.36882876
0.47567392
0.51565827
0.52263557
0.51101172
0.46099435
0.49522891
0.51191234
0.37879681
0.52215375
0.43079823
0.48383121
0.37019304
0.38169163
0.46888708
0.51833772
0.51801721
0.46163594
0.51613435
0.52128301
0.44931433
0.46507729
0.49751319
0.42268440
0.50750043
0.23432129
0.51889826
0.43268769
0.47268212
0.37247307
0.33767811
0.41941200
0.52596634
0.52328082
0.52265509
0.49596569
0.52138094
0.51848099
0.41884268
0.41006284
0.44855134
0.44535905
0.51991366
0.45046943
0.52351919
0.51764824
0.51665238
0.48476202
0.52135975
0.50348527
0.48799750
0.47674536
0.46933305
0.37412136
0.51487563
0.50160892
0.47492189
0.51250517
0.51185443
0.34426872
0.48895125
0.46901574
0.52111704
0.51912477
0.52161220
0.38210727
0.51976725
0.50707716
0.47979667
0.51121666
0.52391600
0.44177499
0.51952013
0.48824894
0.30990596
0.52287377
0.45788632
0.48576410
0.52088837
0.47746474
0.49364707
0.52378223
0.50640725
0.50158262
0.48627650
0.50971560
0.45740127
0.49391322
0.52053810
0.50910191
0.45088408
0.49191089
0.52530745
0.52231726
0.49990626
0.37085828
0.52078118
0.42474551
0.48318893
0.33559288
0.44330430
0.41219577
0.39509747
0.52422702
0.34579522
0.52539423
0.52607555
0.51913916
0.52502200
0.52466257
0.52223878
0.37283732
0.50550620
0.46107359
0.41031192
0.49827123
0.40665064
0.48994023
0.48403191
0.52035592
0.51021672
0.52380267
0.46427630
0.49961384
0.52155672
0.50766860
0.52417929
0.50549270
0.43554727
0.52284252
0.51874083
0.49959006
0.44111115
0.50137914
0.50206982
0.49797426
0.52385273
0.45108024
0.52174657
0.52539335
0.36094635
0.40473900
0.52307294
0.51748415
0.48666279
0.52495034
0.52145927
0.47685410
0.47556496
0.52366419
0.49415306
0.51597475
0.47069944
0.35158043
0.52445260
0.46523340
0.51310470
0.39879353
0.50174360
0.47467009
0.51778649
0.50519134
0.51064319
0.50606451
0.43857455
0.48080704
0.43282904
0.49211201
0.51927304
0.50755354
0.51153776
0.52124520
0.51670285
0.50341805
0.43478158
0.50831639
0.43500754
0.42479711
0.48542989
0.50657826
0.50350441
0.50102292
0.52455110
0.50801420
0.52160373
0.50839471
0.35401554
0.51616240
0.47628408
0.52254636
0.45585075
0.52362894
0.48231952
0.44279470
0.52191104
0.51075139
0.44951000
0.50520312
0.48683284
0.52729793
0.37239869
0.44405179
0.43553368
0.48911271
0.44712562
0.48719386
0.51896300
0.52392014
0.51707116
0.42704040
0.48245552
0.52201792
0.52570200
0.51296621
0.51769721
0.47410478
0.52359354
0.44419976
0.48513685
0.48670437
0.48387670
0.51004360
0.52439240
0.46858848
0.34860769
0.52345687
0.51829195
0.48011882
0.49134897
0.52337665
0.49303407
0.51627911
0.50986926
0.52269332
0.44465059
0.51921120
0.47848385
0.52571280
0.50718938
0.34498240
0.52160879
0.48219480
0.49460640
0.50203687
0.52202691
0.50241380
0.50111674
0.47739391
0.52151644
0.49966428
0.26338763
0.52374490
0.51611367
0.36172311
0.52353680
0.51613781
0.49205488
0.50606598
0.33532776
0.48055608
0.52060717
0.42401683
0.40117133
0.52098373
0.48203522
0.44498317
0.50771938
0.52155825
0.48566981
0.41023092
0.51785341
0.35768633
0.51180592
0.49745628
0.52466254
0.50247651
0.51312687
0.50077774
0.49054354
0.44710881
0.46558848
0.47775400
0.52241885
0.51416994
0.50351269
0.52428651
0.52197178
0.38370666
0.26725851
0.50627677
0.48828605
0.37564581
0.50267449
0.46442622
0.51282058
0.52403727
0.52436455
0.52676493
0.52462159
0.51994322
0.52212424
0.50586212
0.43063233
0.51933754
0.39295991
0.42949946
0.45906280
0.24641901
0.48055782
0.49148889
0.44841869
0.37375925
0.49136717
0.45014168
0.48951111
0.45892654
0.52060831
0.51379934
0.40570274
0.50820451
0.49315798
0.49495647
0.49347976
0.40005323
0.43128392
0.52228224
0.48487723
0.52344596
0.50318662
0.50891899
0.52303138
0.40917487
0.36393514
0.36099454
0.37630123
0.52007080
0.51193221
0.52567197
0.48766535
0.49917942
0.49874446
0.49511769
0.48260888
0.52275116
0.52080779
0.39689643
0.46021610
0.52382322
0.45726944
0.32732441
0.39360470
0.52393372
0.51028419
0.51856508
0.48260415
0.31998750
0.52184310
0.33945164
0.49607360
0.47759352
0.44286874
0.52468925
0.35755814
0.48487913
0.51638720
0.52194883
0.48429503
0.47544785
0.44050391
0.33474200
0.47813921
0.52481015
0.49262604
0.50618450
0.33088986
0.42270590
0.51214670
0.52211296
0.50471454
0.47189290
0.35742222
0.52498025
0.46795476
0.46293449
0.50277182
0.51594321
0.52523354
0.52461804
0.50120372
0.51372744
0.34639671
0.49546605
0.52300743
0.45910351
0.52296813
0.52440048
0.43198336
0.51305823
0.46465088
0.50937863
0.46335613
0.52212772
0.52367991
0.48836482
0.40198756
0.47316371
0.50924734
0.52268618
0.50218823
0.51894199
0.51855941
0.46477691
