# NTRAJ	1000
0.01670781
0.52386011
0.52386011
0.52386011
0.52386011
0.52386011
0.52386011
0.52386011
0.52386011
0.52386011
0.52386011
0.52386011
0.52386011
0.52386011
0.52386011
0.52386011
0.15115442
0.52386011
0.52386011
0.52386011
0.52386011
0.10821455
0.52386011
0.50125323
0.52386011
0.52386011
0.52386011
0.52386011
0.52386011
0.52386011
0.52386011
0.18256079
0.52386011
0.52386011
0.52386011
0.52386011
0.52386011
0.52386011
0.52386011
0.32043887
0.52386011
0.52386011
0.34356462
0.52386011
0.52386011
0.52386011
0.52386011
0.52386011
0.52386011
0.49344357
0.41167152
0.20305751
0.52386011
0.52386011
0.52386011
0.52386011
0.19658378
0.33405822
0.52386011
0.52386011
0.52386011
0.52386011
0.00088679
0.52386011
0.52386011
0.52386011
0.52386011
0.52386011
0.52386011
0.23987043
0.52386011
0.52386011
0.23391180
0.52386011
0.52386011
0.52386011
0.00082909
0.52386011
0.52386011
0.36163834
0.52386011
0.52386011
0.52386011
0.01121505
0.52386011
0.52386011
0.52386011
0.52386011
0.52386011
0.52386011
0.52386011
0.52082174
0.52386011
0.52386011
0.52386011
0.52386011
0.52386011
0.00113667
0.52386011
0.52386011
0.52386011
0.05655048
0.14392299
0.51141101
0.52386011
0.52386011
0.52386011
0.52386011
0.52386011
0.52386011
0.52386011
0.52386011
0.52386011
0.52386011
0.52386011
0.52386011
0.34909680
0.24404230
0.52386011
0.52386011
0.52386011
0.52386011
0.52386011
0.09520613
0.52386011
0.03815122
0.52386011
0.52386011
0.52386011
0.52386011
0.10617881
0.52386011
0.07905940
0.52386011
0.52386011
0.52386011
0.52386011
0.52386011
0.18430501
0.01286298
0.03120617
0.52386011
0.52386011
0.52386011
0.01599594
0.20482733
0.52386011
0.52386011
0.52386011
0.52386011
0.52386011
0.52386011
0.00723338
0.52386011
0.52386011
0.52386011
0.52386011
0.52386011
0.52386011
0.52386011
0.52386011
0.52386011
0.52386011
0.52386011
0.52386011
0.52386011
0.52386011
0.52386011
0.52386011
0.52386011
0.07183517
0.52386011
0.52386011
0.52386011
0.52386011
0.52386011
0.52386011
0.52386011
0.18663473
0.52386011
0.52386011
0.52386011
0.52386011
0.23510330
0.00172725
0.52386011
0.52386011
0.00304794
0.52386011
0.52386011
0.23093380
0.52386011
0.52386011
0.52386011
0.52386011
0.01329127
0.52386011
0.52386011
0.52386011
0.52386011
0.52386011
0.52386011
0.06487018
0.52386011
0.52386011
0.52386011
0.52386011
0.52386011
0.52386011
0.52386011
0.52386011
0.52386011
0.52386011
0.01623165
0.52386011
0.52386011
0.52386011
0.52386011
0.52386011
0.04238174
0.52386011
0.03610644
0.52386011
0.52386011
0.00691228
0.19306404
0.03280553
0.52386011
0.52386011
0.52386011
0.52386011
0.32272373
0.52386011
0.52386011
0.22855237
0.52386011
0.52386011
0.52386011
0.02262696
0.52386011
0.06919214
0.52386011
0.52386011
0.52386011
0.00047887
0.52386011
0.52386011
0.52386011
0.52386011
0.52386011
0.52386011
0.52386011
0.52386011
0.18955318
0.52386011
0.52386011
0.07722982
0.52386011
0.52386011
0.52386011
0.00243758
0.52386011
0.01767888
0.52386011
0.52386011
0.02515960
0.52386011
0.52386011
0.52386011
0.52386011
0.52386011
0.52386011
0.52386011
0.52386011
0.52386011
0.52386011
0.05334865
0.00197968
0.42477835
0.52386011
0.52386011
0.52386011
0.52386011
0.52386011
0.00584313
0.20128944
0.52386011
0.52386011
0.52386011
0.52386011
0.52386011
0.52386011
0.52386011
0.52386011
0.52386011
0.52386011
0.52386011
0.52386011
0.52386011
0.52386011
0.52386011
0.52386011
0.52386011
0.52386011
0.03152328
0.52386011
0.52386011
0.52386011
0.52386011
0.52386011
0.52386011
0.25476561
0.52386011
0.52386011
0.52386011
0.52386011
0.46826724
0.52386011
0.52386011
0.08891055
0.03152328
0.52386011
0.52386011
0.52386011
0.52386011
0.52386011
0.52386011
0.52386011
0.52386011
0.52386011
0.52386011
0.52386011
0.52386011
0.52386011
0.19775889
0.52386011
0.52386011
0.52386011
0.52386011
0.52386011
0.03780712
0.52386011
0.24463826
0.52386011
0.52386011
0.32614013
0.52386011
0.52386011
0.52386011
0.52386011
0.52386011
0.09422817
0.52386011
0.08416897
0.52386011
0.52386011
0.52386011
0.52386011
0.52386011
0.02345791
0.52386011
0.52386011
0.52386011
0.52386011
0.01004837
0.52386011
0.52386011
0.52386011
0.52386011
0.52386011
0.52386011
0.52386011
0.00541118
0.52386011
0.52386011
0.52386011
0.52386011
0.51517789
0.52386011
0.52386011
0.52386011
0.52386011
0.52386011
0.52386011
0.05454067
0.52386011
0.52386011
0.52386011
0.11232172
0.52386011
0.52386011
0.52386011
0.52386011
0.52386011
0.52386011
0.08136786
0.52386011
0.52386011
0.52386011
0.52386011
0.21785169
0.52386011
0.39750325
0.52386011
0.14502996
0.52386011
0.01767888
0.52386011
0.52386011
0.19952321
0.52386011
0.41969897
0.52386011
0.52386011
0.52386011
0.52386011
0.48830824
0.32784329
0.52386011
0.16871233
0.52386011
0.52386011
0.52386011
0.52386011
0.52386011
0.52386011
0.52386011
0.52386011
0.06572614
0.52386011
0.52386011
0.52386011
0.52386011
0.52386011
0.52386011
0.52386011
0.52386011
0.52386011
0.52386011
0.04567498
0.52386011
0.52386011
0.01023866
0.52386011
0.11387390
0.52386011
0.52386011
0.52386011
0.52386011
0.52386011
0.52386011
0.52386011
0.52386011
0.52386011
0.52386011
0.02100529
0.52386011
0.52386011
0.52386011
0.52386011
0.05255979
0.52386011
0.52386011
0.52386011
0.52386011
0.52386011
0.52386011
0.52386011
0.52386011
0.52386011
0.52386011
0.19717123
0.52386011
0.45838998
0.00253471
0.52386011
0.52386011
0.52386011
0.52386011
0.52386011
0.52386011
0.52386011
0.52386011
0.52386011
0.52386011
0.05060828
0.52386011
0.52386011
0.52386011
0.05295363
0.52386011
0.03026316
0.12544604
0.52386011
0.27080935
0.52386011
0.52386011
0.52386011
0.52386011
0.52386011
0.52386011
0.52386011
0.52386011
0.52386011
0.52386011
0.52386011
0.52386011
0.52386011
0.52386011
0.52386011
0.52386011
0.52386011
0.52386011
0.52386011
0.52386011
0.50985021
0.52386011
0.52386011
0.52386011
0.52386011
0.52386011
0.00082909
0.00107135
0.52386011
0.00000100
0.52386011
0.52386011
0.00967282
0.52386011
0.52386011
0.52386011
0.06875524
0.52386011
0.10923692
0.52386011
0.52386011
0.52386011
0.52386011
0.52386011
0.52386011
0.04202212
0.52386011
0.52386011
0.52386011
0.52386011
0.27317920
0.52386011
0.00569739
0.52386011
0.52386011
0.17445852
0.52386011
0.03378159
0.52386011
0.00555340
0.52386011
0.02180938
0.52386011
0.52386011
0.14061475
0.52386011
0.52386011
0.52386011
0.52386011
0.52386011
0.12172888
0.00613988
0.28499032
0.52386011
0.52386011
0.52386011
0.52386011
0.52386011
0.52386011
0.52386011
0.52386011
0.31929431
0.52386011
0.52386011
0.52386011
0.52386011
0.52386011
0.52386011
0.52386011
0.52386011
0.52386011
0.52386011
0.52386011
0.52386011
0.52386011
0.52386011
0.52386011
0.52386011
0.52386011
0.52386011
0.52386011
0.52386011
0.22914763
0.52386011
0.25655139
0.52386011
0.52386011
0.00019472
0.52386011
0.52386011
0.52386011
0.52386011
0.52386011
0.22082097
0.32614013
0.52386011
0.42569195
0.52386011
0.52386011
0.52386011
0.52386011
0.52386011
0.52386011
0.52386011
0.52386011
0.52386011
0.03780712
0.52386011
0.52386011
0.52386011
0.52386011
0.52386011
0.52386011
0.52386011
0.52386011
0.52386011
0.52386011
0.52386011
0.52386011
0.52386011
0.52386011
0.52386011
0.52637841
0.52386011
0.52386011
0.38740390
0.52386011
0.52386011
0.52386011
0.52386011
0.52386011
0.52386011
0.52386011
0.52386011
0.52386011
0.52386011
0.01599594
0.52386011
0.52386011
0.52386011
0.52386011
0.21429253
0.52386011
0.52386011
0.52386011
0.52386011
0.52386011
0.52386011
0.52386011
0.52386011
0.52386011
0.52386011
0.52386011
0.52386011
0.27791179
0.52386011
0.06065512
0.05817886
0.52386011
0.52386011
0.36432914
0.52386011
0.52386011
0.52386011
0.52386011
0.52386011
0.01817375
0.52386011
0.52386011
0.52386011
0.18780129
0.52386011
0.52386011
0.38995278
0.52386011
0.52386011
0.52386011
0.52386011
0.52386011
0.52386011
0.52386011
0.52386011
0.52386011
0.52386011
0.52386011
0.21133031
0.52386011
0.52386011
0.52386011
0.11543247
0.52386011
0.19775889
0.52386011
0.52386011
0.52386011
0.52386011
0.52386011
0.52386011
0.52386011
0.52386011
0.52386011
0.04059644
0.52386011
0.52386011
0.52386011
0.52386011
0.52386011
0.52386011
0.52386011
0.52386011
0.16756754
0.52386011
0.03712288
0.52386011
0.52386011
0.52386011
0.25417023
0.52386011
0.52386011
0.52386011
0.52386011
0.52386011
0.52386011
0.52386011
0.52386011
0.52386011
0.52386011
0.52386011
0.52386011
0.52386011
0.52386011
0.52386011
0.52386011
0.52386011
0.52386011
0.52386011
0.52386011
0.52386011
0.52386011
0.52386011
0.01286298
0.52386011
0.52386011
0.52386011
0.52386011
0.39650501
0.52386011
0.43465575
0.52386011
0.52386011
0.52386011
0.37126218
0.52386011
0.52386011
0.52386011
0.20659881
0.52386011
0.52386011
0.52386011
0.52386011
0.52386011
0.52386011
0.11647503
0.52386011
0.52386011
0.03543548
0.52386011
0.52386011
0.52386011
0.52386011
0.52386011
0.31929431
0.52386011
0.52386011
0.00043655
0.52386011
0.52386011
0.52386011
0.07541578
0.52386011
0.52386011
0.17158089
0.52386011
0.52386011
0.04419878
0.52386011
0.52386011
0.52386011
0.41782932
0.52386011
0.13787276
0.52386011
0.52386011
0.52386011
0.52386011
0.23927447
0.52386011
0.13081003
0.52386011
0.52386011
0.38174176
0.52386011
0.52386011
0.34467472
0.52386011
0.52386011
0.02208042
0.00127300
0.52386011
0.52386011
0.52386011
0.52386011
0.52386011
0.52386011
0.00472660
0.31872152
0.52386011
0.52386011
0.52386011
0.52386011
0.23272046
0.52386011
0.08605478
0.52386011
0.11180576
0.52386011
0.52386011
0.52386011
0.52386011
0.02603014
0.52386011
0.52386011
0.42569195
0.18197998
0.52386011
0.52386011
0.25297929
0.52386011
0.52386011
0.18314190
0.52386011
0.52386011
0.52386011
0.52386011
0.52386011
0.52386011
0.52386011
0.01461486
0.52386011
0.24940535
0.52386011
0.52386011
0.45994958
0.46789884
0.04530406
0.52386011
0.52386011
0.52386011
0.52386011
0.52386011
0.52386011
0.52386011
0.52386011
0.52386011
0.52386011
0.44749280
0.37966459
0.32784329
0.52386011
0.52386011
0.52386011
0.52386011
0.52386011
0.52386011
0.52386011
0.52386011
0.52386011
0.52386011
0.52386011
0.52386011
0.52386011
0.04567498
0.52386011
0.52386011
0.52386011
0.52386011
0.00156831
0.52386011
0.52386011
0.23331611
0.52386011
0.39600489
0.35184537
0.00326604
0.52386011
0.01004837
0.00164684
0.52386011
0.52386011
0.52386011
0.52386011
0.52386011
0.52386011
0.52386011
0.52386011
0.52386011
0.52386011
0.52386011
0.52386011
0.52386011
0.52386011
0.02021476
0.52386011
0.06745076
0.52386011
0.52386011
0.10164332
0.52386011
0.52386011
0.52386011
0.52386011
0.52386011
0.52386011
0.52386011
0.52386011
0.52386011
0.11647503
0.52386011
0.52386011
0.52386011
0.52386011
0.52386011
0.01995429
0.52386011
0.40830521
0.52386011
0.01265127
0.52386011
0.52386011
0.52386011
0.52386011
0.52386011
0.52386011
0.05454067
0.52386011
0.52386011
0.12973230
0.32043887
0.52386011
0.00197968
0.52386011
0.52386011
0.52386011
0.52386011
0.52386011
0.52386011
0.52386011
0.52386011
0.52386011
0.01719022
0.52386011
0.52386011
0.52386011
0.52386011
0.52386011
0.52386011
0.52386011
0.52386011
0.52386011
0.52386011
0.52386011
0.52386011
0.52386011
0.52386011
0.15339611
0.52386011
0.52386011
0.52386011
0.52386011
0.52386011
0.52386011
0.52386011
0.52386011
0.35784936
0.01161719
