# NTRAJ	1000
0.05655048
0.07677485
0.21725819
0.45574415
0.17938317
0.15236644
0.45878123
0.17938317
0.37020161
0.14302743
0.11475951
0.13003583
0.17938317
0.20483870
0.17938317
0.17938317
0.03405336
0.51739461
0.02619367
0.17938317
0.02127182
0.21076006
0.17938317
0.19306404
0.35846862
0.53227334
0.17938317
0.40830521
0.23093380
0.24105612
0.16487353
0.16685870
0.41202934
0.17938317
0.44749280
0.52825411
0.17938317
0.04493439
0.17938317
0.15189606
0.17938317
0.17938317
0.28734373
0.18543792
0.17938317
0.17938317
0.13568921
0.11097211
0.17064644
0.16944712
0.52442340
0.37019468
0.16575546
0.17938317
0.53253769
0.17938317
0.14163686
0.35129661
0.22988941
0.17938317
0.40490432
0.48547142
0.03933149
0.51078476
0.02468033
0.12884603
0.00613988
0.19800565
0.17938317
0.17513678
0.50964707
0.33715049
0.07461153
0.05867898
0.20718966
0.02208042
0.13144617
0.02458599
0.17938317
0.05992981
0.17938317
0.45442852
0.17938317
0.12845367
0.21588279
0.34633646
0.22754315
0.51375538
0.19342904
0.20267240
0.50409630
0.22617199
0.03650691
0.37653105
0.17938317
0.24110056
0.04944386
0.02294918
0.20439306
0.13286724
0.17938317
0.13131221
0.52402957
0.31986677
0.27610468
0.23062732
0.17000593
0.14332377
0.22426117
0.43961729
0.52987473
0.12501612
0.41023309
0.24618071
0.17938317
0.19808675
0.20368742
0.14543694
0.17938317
0.17938317
0.17938317
0.17938317
0.15944527
0.13401328
0.21941507
0.34744199
0.08183239
0.17938317
0.00215728
0.02798305
0.05454067
0.18191671
0.24030533
0.30255223
0.20909482
0.49910530
0.17938317
0.16956774
0.14067764
0.31750152
0.12964360
0.51557436
0.31387101
0.38995278
0.12871916
0.14228629
0.52773713
0.31008956
0.09607260
0.17938317
0.53197964
0.01062424
0.35676220
0.17938317
0.35239364
0.19072244
0.08700313
0.17938317
0.32443359
0.53191015
0.11023195
0.17938317
0.49255872
0.07493002
0.02481497
0.09816000
0.17938317
0.26487574
0.17938317
0.17938317
0.17792309
0.34240905
0.15995192
0.52015406
0.50939447
0.17938317
0.01842350
0.02363877
0.21238146
0.17938317
0.17938317
0.24096914
0.29438329
0.14470965
0.18312278
0.52815303
0.42921879
0.03636827
0.17938317
0.18801968
0.24101492
0.25417023
0.17938317
0.02293212
0.17938317
0.12856667
0.17938317
0.17938317
0.22865824
0.07997994
0.15441301
0.17938317
0.19403383
0.04752751
0.17938317
0.03089044
0.07095007
0.51758233
0.17938317
0.43197642
0.17938317
0.08837595
0.03128782
0.52469805
0.17938317
0.03982510
0.23817199
0.19045171
0.12728327
0.03410967
0.02307165
0.17709940
0.17938317
0.53202341
0.12823600
0.48009639
0.14465628
0.23783834
0.41405450
0.17938317
0.13904780
0.24157651
0.16174867
0.17938317
0.14418012
0.13303269
0.39117991
0.02303877
0.23396471
0.02629763
0.49015421
0.23971043
0.03026316
0.23760567
0.02325967
0.15552235
0.51525409
0.40097607
0.17938317
0.48984907
0.12894545
0.32386401
0.17938317
0.21992660
0.17938317
0.51477698
0.13273913
0.36913881
0.10821455
0.15059518
0.40294568
0.17938317
0.12881648
0.16613825
0.17938317
0.47413614
0.12872273
0.23201468
0.06444381
0.20305751
0.11856844
0.17938317
0.17938317
0.16249436
0.17938317
0.52763026
0.11283839
0.12804782
0.50116945
0.18605187
0.03388622
0.17938317
0.17938317
0.38842534
0.12818707
0.14200704
0.02583112
0.19124970
0.17938317
0.03248291
0.17938317
0.23971043
0.30839422
0.23626757
0.22511595
0.17938317
0.17938317
0.26487574
0.17938317
0.00294163
0.03553917
0.21212402
0.17938317
0.17938317
0.29672237
0.17938317
0.02290444
0.08294243
0.13027472
0.17938317
0.47648050
0.23943197
0.24168700
0.17938317
0.17951544
0.23748256
0.23289102
0.19965882
0.02484796
0.13356388
0.53139498
0.17938317
0.22355049
0.17938317
0.17938317
0.17938317
0.48145560
0.06127991
0.17938317
0.03849663
0.24175644
0.19620517
0.17938317
0.51291826
0.17761752
0.41202934
0.17938317
0.02310721
0.17938317
0.17938317
0.33236801
0.05817886
0.14548562
0.17938317
0.39998719
0.15143376
0.17938317
0.07095007
0.12577147
0.17938317
0.17938317
0.13394325
0.17938317
0.41736005
0.51010553
0.14340628
0.23490643
0.19988538
0.13951631
0.12916156
0.53026608
0.53105815
0.17938317
0.00841141
0.12839211
0.17938317
0.06615571
0.17938317
0.29379791
0.53144701
0.17938317
0.24046640
0.24344632
0.22216097
0.13163551
0.19763256
0.17938317
0.29321230
0.44372048
0.16528261
0.17139946
0.03029871
0.17938317
0.38854996
0.20364726
0.07837849
0.19423633
0.20760232
0.13525086
0.17938317
0.52695927
0.17938317
0.53074520
0.17938317
0.14793899
0.13302990
0.13679484
0.05695588
0.04244973
0.53054337
0.20364726
0.13679484
0.22216097
0.22355049
0.17174535
0.23808259
0.36798322
0.18651300
0.23206139
0.14186793
0.39500270
0.14029045
0.52563678
0.51233013
0.17938317
0.17938317
0.16878539
0.45482866
0.17938317
0.13947344
0.43509559
0.17938317
0.15965207
0.15916111
0.17725112
0.06393058
0.17938317
0.17938317
0.43377366
0.42886512
0.07493002
0.51233013
0.24182776
0.34133906
0.17938317
0.05649869
0.17938317
0.07406557
0.02509799
0.13058280
0.18373415
0.17938317
0.12840204
0.47154075
0.49293330
0.41782932
0.02933271
0.17938317
0.33832295
0.24116608
0.17938317
0.17938317
0.39065539
0.21241167
0.17938317
0.02800129
0.02343323
0.23624996
0.32471070
0.28440147
0.19451720
0.23079133
0.17938317
0.41104291
0.17938317
0.17938317
0.51270623
0.12897992
0.50776829
0.25002983
0.17938317
0.12785053
0.17938317
0.07287252
0.00164684
0.52442340
0.17938317
0.13250570
0.17938317
0.17220634
0.17938317
0.17938317
0.17938317
0.17938317
0.29613796
0.13091157
0.17938317
0.21998113
0.21998113
0.25067066
0.50848124
0.49226172
0.23423974
0.05055039
0.20018230
0.17938317
0.16756754
0.13351482
0.10893947
0.22281782
0.12597963
0.13385881
0.18092554
0.23391180
0.51998433
0.50893438
0.11335579
0.02345791
0.14180028
0.14802368
0.17938317
0.53256320
0.17938317
0.17938317
0.17938317
0.20872466
0.02299236
0.19109169
0.00113667
0.17938317
0.09865520
0.00019472
0.12803557
0.17938317
0.07913260
0.17938317
0.35733721
0.42313728
0.17938317
0.17938317
0.29438329
0.13214880
0.02391674
0.13502617
0.29379791
0.19064089
0.47449491
0.17938317
0.17938317
0.15589648
0.13034187
0.17938317
0.51604848
0.17938317
0.17938317
0.17048081
0.17938317
0.02899727
0.53047376
0.17938317
0.41787947
0.13102892
0.09236885
0.06875524
0.16324598
0.11786660
0.12906163
0.24142894
0.34744199
0.03614352
0.24187351
0.21453039
0.17938317
0.23588528
0.01623165
0.34909680
0.18821241
0.01576179
0.17938317
0.17938317
0.20863200
0.15503514
0.00756138
0.45574415
0.18396875
0.19707004
0.00066746
0.17938317
0.17938317
0.17938317
0.17938317
0.13239293
0.17938317
0.17938317
0.21109246
0.35790323
0.46484020
0.44742344
0.16153673
0.07905940
0.07429375
0.17938317
0.02686525
0.41500261
0.02340623
0.17938317
0.52613580
0.14422812
0.21903907
0.38216413
0.53105815
0.21760702
0.26534693
0.17938317
0.17938317
0.02899727
0.17938317
0.20018230
0.23743052
0.52237033
0.17796414
0.23988345
0.17938317
0.17938317
0.23596943
0.17938317
0.07038211
0.17938317
0.17938317
0.17938317
0.06831937
0.13006685
0.18092554
0.17938317
0.17938317
0.17938317
0.07139211
0.46094847
0.17938317
0.08044163
0.17938317
0.03884335
0.17938317
0.17938317
0.17938317
0.26915336
0.12918145
0.17476903
0.12863715
0.17938317
0.15800655
0.16597645
0.40782147
0.17938317
0.15903354
0.24940535
0.08581055
0.17938317
0.14110299
0.24106238
0.06451532
0.12871916
0.34799407
0.20224846
0.52815401
0.21263794
0.46110983
0.02912711
0.06961358
0.17938317
0.05596243
0.03020779
0.17938317
0.00599063
0.17938317
0.23103244
0.43858506
0.17938317
0.11961924
0.05623012
0.17938317
0.53249325
0.46491825
0.24081555
0.17938317
0.19740654
0.05374483
0.23886746
0.17209197
0.14768594
0.17938317
0.28864356
0.02292250
0.03013808
0.02590581
0.08795506
0.17938317
0.36860658
0.11491224
0.17938317
0.00156831
0.17938317
0.44498554
0.12951105
0.17013774
0.15690595
0.49964858
0.17938317
0.02426662
0.11060189
0.47751460
0.17938317
0.26962361
0.24682271
0.13547814
0.17938317
0.14172917
0.04657421
0.17938317
0.17938317
0.14718445
0.17938317
0.17938317
0.44624299
0.15209881
0.17938317
0.13024847
0.17158089
0.17938317
0.24021064
0.17938317
0.10783458
0.16300406
0.17938317
0.17938317
0.13938564
0.17938317
0.26661685
0.17938317
0.17938317
0.07768577
0.14626768
0.17938317
0.13719157
0.33362004
0.24188796
0.05529710
0.17938317
0.22158667
0.17938317
0.17938317
0.03312952
0.17938317
0.34877367
0.17938317
0.44873491
0.50045564
0.17938317
0.46264414
0.13297268
0.53164337
0.13950444
0.06599124
0.17938317
0.03936700
0.12854304
0.15407189
0.07061896
0.23783834
0.09946724
0.19540959
0.23886746
0.22493678
0.17938317
0.05965035
0.40097607
0.13150964
0.23497146
0.38323560
0.24821373
0.14242642
0.12951105
0.19764632
0.13966880
0.05216713
0.00066746
0.07053638
0.21131537
0.17938317
0.02180938
0.12991365
0.17938317
0.17938317
0.48145560
0.17938317
0.50870271
0.43694990
0.23266829
0.17938317
0.23198420
0.26368765
0.17938317
0.17938317
0.13261217
0.44784838
0.39741607
0.13969381
0.02325967
0.17938317
0.13048516
0.53239106
0.11335579
0.08183239
0.16098201
0.00841141
0.26071571
0.52805079
0.50333365
0.23516473
0.17938317
0.50481590
0.17938317
0.13661174
0.39500270
0.46636939
0.23864022
0.03781221
0.16269434
0.04717125
0.51375538
0.50434839
0.22901161
0.12803668
0.44790769
0.17325249
0.17583127
0.44742344
0.46015843
0.43110817
0.12813935
0.12822218
0.17938317
0.26851966
0.14993858
0.13081003
0.14451670
0.14447622
0.03347317
0.17938317
0.37914381
0.22564893
0.30900455
0.45281920
0.04799844
0.12931949
0.17938317
0.17938317
0.16177843
0.22498225
0.05129865
0.17938317
0.23143570
0.49558703
0.39274904
0.14058728
0.39750325
0.17987458
0.09520613
0.17938317
0.36072394
0.53100682
0.17938317
0.03378159
0.17938317
0.28086434
0.17938317
0.30349590
0.16542774
0.04799844
0.13055823
0.17938317
0.53033933
0.17938317
0.17938317
0.17938317
0.17618542
0.22813975
0.13404122
0.52178934
0.08941084
0.16406186
0.15727275
0.15254807
0.47785736
0.17938317
0.03956604
0.23798625
0.52648958
0.00599063
0.17938317
0.17938317
0.17938317
0.10014565
0.17938317
0.15564527
0.14528203
0.26661685
0.09618744
0.17938317
0.17938317
0.17938317
0.36700661
0.02313776
0.22953307
0.48412413
0.17938317
0.23915312
0.52428433
0.12808442
0.20483870
0.12839211
0.12804142
0.17938317
0.43597284
0.52672677
0.17938317
0.44329712
0.13179099
0.17938317
0.38696322
0.17938317
0.26368765
0.17938317
0.17938317
0.23434696
0.01842350
0.12896603
0.52845278
0.35839218
0.48320919
0.02886861
0.13447609
0.04059644
0.38323560
0.19692647
0.07589866
0.17938317
0.17938317
0.15143376
0.23830761
0.24642609
0.42782825
0.50985021
0.20450311
0.08747865
0.22225609
0.20548632
0.04310477
0.22379285
0.16003355
0.17938317
0.12853141
0.17938317
0.00206755
0.02447629
0.10657871
0.17938317
0.16476640
0.52109483
0.17938317
0.22020571
0.13653176
0.53202341
0.20209198
0.12804782
0.17938317
0.17938317
0.46055394
0.03225483
0.17938317
0.53256320
0.14002549
0.46900734
0.13081003
0.24156707
0.06170096
0.02730491
0.43244451
0.23927446
0.12908733
0.14411625
0.30288169
0.07108851
0.38893512
0.17938317
0.48450785
0.17938317
0.52784284
0.09149497
0.13830576
0.47662618
0.17938317
0.07632084
0.00707196
0.05055039
0.17938317
0.03227530
0.17938317
0.15524659
0.06170096
