# NTRAJ	1000
0.12122603
0.06490039
0.33500806
0.35851746
0.09355479
0.39032559
0.00740816
0.12995200
0.44775568
0.39330432
0.43805146
0.14892010
0.10802159
0.41805144
0.03826531
0.07482336
0.43123121
0.40666283
0.35388972
0.00685196
0.03162227
0.03742693
0.40500225
0.07891214
0.12168291
0.01108494
0.19838202
0.35226595
0.13024449
0.48761981
0.53390203
0.00122856
0.00333624
0.45011540
0.05804143
0.03698974
0.22069411
0.33723407
0.28806312
0.45549491
0.02152830
0.29047762
0.45058557
0.00590500
0.43336731
0.32381996
0.21648193
0.00443060
0.14817456
0.11575187
0.51308109
0.00548392
0.46121875
0.00000082
0.15640002
0.47113027
0.35564274
0.22825939
0.42549506
0.22652915
0.03880093
0.02788064
0.47036026
0.28279440
0.00125249
0.30398351
0.45781075
0.11792834
0.14647100
0.38072084
0.08316860
0.02661100
0.46657218
0.40691047
0.45298480
0.07438596
0.37180923
0.34256880
0.19536444
0.40190569
0.01141696
0.50530374
0.01071024
0.46108932
0.04374077
0.00636598
0.50998458
0.39688615
0.05612502
0.10224263
0.47814105
0.01580156
0.30689988
0.02296979
0.18802898
0.36533720
0.03533639
0.45692544
0.28804384
0.44943748
0.38669879
0.06104149
0.39407672
0.36992603
0.42228856
0.43281356
0.10798487
0.01268356
0.40394035
0.42520481
0.40732793
0.51564065
0.07775959
0.00589626
0.47597706
0.13898361
0.23115561
0.47729021
0.38142040
0.00417293
0.00127070
0.45070504
0.46548347
0.05069499
0.03444071
0.39218415
0.42515582
0.02139412
0.16242593
0.42660685
0.12793975
0.00007555
0.43628996
0.02311778
0.45912264
0.39433650
0.40272802
0.06259251
0.41202898
0.35731100
0.37175429
0.34441568
0.10056660
0.49923951
0.43848366
0.38415659
0.35697126
0.11395222
0.00593317
0.00374908
0.11471704
0.02890112
0.38588199
0.01874248
0.26920738
0.50106906
0.01290583
0.11795543
0.01866966
0.55195711
0.09521688
0.29900851
0.14673216
0.49404014
0.39361682
0.22161559
0.40242847
0.05138492
0.02602023
0.16662296
0.37777206
0.49821341
0.28566957
0.08409782
0.36813481
0.07616962
0.43712647
0.22787551
0.36199716
0.38093361
0.43696091
0.20158935
0.48533939
0.42625817
0.42176326
0.00114872
0.44542492
0.40346254
0.33235403
0.48067517
0.09053262
0.08872089
0.12763562
0.46812877
0.53413067
0.42439795
0.53535755
0.02008239
0.31170072
0.35292558
0.24366371
0.37667345
0.00005112
0.35619429
0.47703302
0.01229392
0.48140722
0.05478245
0.50278567
0.42011734
0.40109697
0.02318960
0.00144080
0.02066454
0.47764503
0.43019417
0.10013254
0.24652516
0.41188456
0.22455315
0.44474741
0.00170483
0.19604427
0.03730789
0.01799685
0.00032323
0.04646727
0.01481665
0.01051431
0.06796999
0.04364925
0.15452964
0.37877269
0.12258003
0.31873081
0.00801578
0.06999071
0.37664804
0.38366134
0.00715034
0.40992775
0.35819129
0.11985990
0.38209123
0.00256258
0.39170068
0.13992716
0.01859205
0.46787246
0.37635787
0.16136415
0.00000571
0.40935674
0.46567818
0.00457897
0.00373119
0.34650003
0.40308107
0.35039337
0.14217045
0.45676055
0.04269796
0.36495684
0.42097791
0.50119725
0.02805413
0.04496617
0.03701781
0.38548520
0.01301884
0.36806015
0.51620347
0.25195717
0.37569327
0.32568363
0.41934996
0.38334142
0.55313863
0.11400061
0.17269409
0.04892263
0.43863631
0.33705904
0.00393577
0.44303210
0.45702742
0.32136889
0.15445582
0.45189992
0.21339239
0.01199871
0.47480741
0.46175997
0.03151792
0.37122068
0.00214381
0.44206079
0.02293026
0.01929007
0.30639639
0.32475719
0.50843237
0.07232631
0.05683141
0.02090726
0.00229424
0.34877196
0.45878099
0.51939919
0.47486045
0.45120633
0.47327498
0.45144569
0.16669279
0.23684280
0.50645756
0.04635625
0.14772908
0.43245869
0.07493192
0.05617349
0.30976904
0.05285582
0.02676629
0.24479580
0.09018752
0.03053528
0.01831389
0.37179269
0.45775903
0.27437316
0.48366581
0.06630811
0.05158771
0.43971648
0.16385677
0.00238619
0.36752559
0.56435500
0.30972166
0.35916969
0.05281000
0.26608666
0.00091803
0.27368457
0.00117285
0.00325942
0.37412591
0.46417554
0.18744278
0.00394780
0.05151311
0.12862668
0.38254479
0.00299888
0.49059138
0.16670931
0.05937289
0.54171907
0.36922979
0.42973970
0.08109040
0.00076956
0.34331581
0.41354912
0.02650437
0.58247115
0.35936498
0.00018214
0.26739855
0.15284844
0.41601035
0.15804113
0.43800509
0.34057324
0.01403689
0.03943822
0.00463649
0.01544713
0.32620159
0.39138728
0.18085251
0.18451230
0.06475171
0.02918851
0.24470503
0.05651323
0.22133817
0.37891076
0.16221706
0.47218287
0.40985416
0.01265549
0.06058513
0.07278638
0.06957775
0.48144557
0.39976186
0.01967622
0.35408317
0.08762361
0.31682614
0.00821435
0.39334586
0.33014781
0.43649213
0.20308551
0.37369067
0.53416295
0.49685104
0.39573447
0.47336215
0.05174507
0.06210436
0.15067515
0.28134575
0.00000121
0.34926061
0.24796361
0.19758651
0.39260393
0.41804824
0.35430335
0.12107434
0.32423468
0.12772745
0.42541515
0.32359822
0.00061922
0.14149188
0.44390266
0.41539719
0.43281790
0.05160186
0.01204107
0.03282397
0.43330737
0.51846287
0.09017084
0.46699642
0.41510744
0.60342667
0.45841573
0.40716785
0.02168122
0.29073766
0.47187194
0.01456035
0.03776147
0.08562005
0.02896354
0.33456140
0.00179434
0.01679936
0.33286934
0.39722520
0.06138600
0.30559468
0.30099240
0.01862117
0.27910118
0.09387236
0.08829894
0.07203282
0.31767412
0.42360011
0.04271634
0.08781636
0.40761206
0.24422581
0.00646401
0.02215166
0.34270640
0.00180322
0.28863788
0.02072167
0.27483065
0.34133973
0.00088331
0.49775438
0.02457858
0.49294884
0.00427216
0.38928047
0.31186664
0.22929210
0.17071295
0.48062525
0.02603026
0.19350502
0.49153146
0.00842928
0.42552593
0.01055962
0.00367377
0.27702496
0.23545604
0.00202111
0.09399982
0.01661157
0.06407642
0.07664193
0.45177885
0.41565461
0.04661614
0.35556401
0.12790698
0.02010646
0.28861412
0.51063732
0.35334647
0.47690779
0.39676564
0.47693894
0.05053131
0.07324557
0.23574405
0.00982015
0.20643059
0.37158461
0.42728558
0.00101352
0.21198377
0.09599878
0.42207562
0.02112326
0.09218202
0.45685933
0.09176520
0.32500902
0.00813398
0.22630607
0.00230087
0.19075000
0.47500282
0.39494993
0.48620298
0.27566031
0.02907882
0.00127945
0.37647027
0.29597971
0.01461431
0.52092644
0.15483925
0.46774263
0.47295898
0.40642124
0.24614491
0.52051153
0.53690899
0.35014054
0.10281104
0.29581815
0.35304650
0.02621431
0.15626166
0.44984518
0.29961272
0.45513184
0.10411097
0.38710508
0.22401618
0.33726213
0.02018521
0.00074879
0.43709485
0.42206425
0.14852495
0.08646245
0.54447032
0.12791161
0.52758440
0.52250635
0.42045583
0.40892615
0.01207584
0.29347862
0.28305566
0.07533740
0.22236330
0.41553690
0.01394083
0.00060970
0.17503002
0.13383082
0.41185115
0.00550417
0.20937524
0.39477773
0.00018933
0.50066234
0.12439829
0.22068532
0.42277652
0.09719227
0.41158895
0.01612862
0.40478697
0.08772483
0.44823408
0.17971871
0.20990084
0.16290728
0.00422107
0.36599820
0.38527526
0.00194889
0.00006347
0.00309237
0.07176110
0.43341819
0.11991195
0.37263015
0.00115376
0.04681637
0.47014825
0.20689328
0.33081124
0.35147187
0.00055932
0.33021116
0.06458089
0.00000023
0.47948968
0.02702428
0.08014938
0.41263686
0.31936037
0.02025958
0.03491454
0.32836912
0.17284866
0.01885235
0.09641489
0.30537232
0.52257029
0.13604240
0.06536677
0.38077841
0.42509111
0.02037488
0.17941376
0.28582140
0.37453436
0.36282490
0.03095322
0.42359800
0.46858615
0.07995836
0.04247981
0.13125965
0.41328852
0.36637422
0.18606192
0.01694780
0.46856167
0.00722354
0.30611904
0.01343638
0.11441686
0.23355973
0.00676657
0.37450607
0.01924486
0.00063260
0.05975799
0.46885194
0.04350225
0.10850518
0.14992190
0.00103945
0.03916365
0.39501609
0.44298253
0.30357078
0.04013420
0.48734836
0.38334508
0.30968153
0.45209316
0.03289701
0.46392501
0.15531640
0.32383046
0.14732792
0.05196444
0.36927998
0.33278307
0.10565937
0.00288831
0.33999440
0.31414941
0.47193025
0.51476142
0.16282860
0.01709663
0.37175758
0.00027069
0.36527151
0.10148425
0.01849072
0.41269128
0.02570654
0.35598240
0.03896871
0.21206851
0.54733242
0.40605507
0.08465327
0.34662554
0.18539643
0.36225266
0.06810332
0.38385600
0.29616608
0.00719467
0.10901878
0.48476742
0.05721611
0.02238570
0.40940149
0.10744993
0.40821840
0.09864929
0.47079361
0.01326500
0.28023298
0.10153176
0.36676126
0.47240550
0.02286794
0.00146379
0.43588121
0.00028872
0.40603458
0.04610978
0.10524505
0.27015233
0.09930507
0.35057636
0.39692583
0.31640604
0.35164671
0.22265561
0.36958753
0.25941754
0.01064938
0.42195850
0.22653956
0.49019930
0.00000195
0.17577309
0.07986181
0.27692430
0.02409624
0.00949947
0.36622098
0.51274281
0.00438113
0.51081635
0.06893349
0.40675005
0.00171162
0.01155365
0.28716838
0.01551488
0.33710133
0.09973579
0.45647567
0.01873875
0.24746764
0.50372822
0.42553319
0.24598390
0.20960454
0.01748941
0.04295273
0.50092995
0.02487001
0.36422595
0.06867438
0.44965674
0.33132279
0.21991824
0.45697795
0.41176980
0.00508119
0.01376443
0.50345257
0.05390093
0.00119344
0.40835104
0.02130737
0.28063368
0.10474886
0.21296013
0.01262726
0.17667943
0.28742641
0.03270632
0.42843591
0.44626861
0.39916579
0.48288831
0.50243795
0.10916215
0.36869924
0.00651316
0.36669603
0.00468353
0.23735357
0.01379590
0.29809810
0.36704218
0.01097830
0.38480827
0.14589461
0.19372907
0.20357453
0.38129290
0.47012469
0.11935097
0.44599534
0.31285470
0.44571435
0.42939924
0.44955391
0.47506210
0.14804098
0.35451849
0.48576576
0.37533153
0.18078963
0.03011778
0.36692536
0.03224230
0.00372702
0.47427282
0.30445487
0.41651012
0.00644686
0.37475495
0.17684269
0.01443422
0.26413733
0.03544532
0.35702983
0.33048405
0.33006801
0.03891386
0.47422012
0.03434576
0.01831510
0.42208487
0.10619383
0.32510779
0.38237339
0.39437340
0.48153971
0.52711134
0.34016863
0.00572522
0.23293536
0.14704223
0.44741928
0.35498385
0.43891314
0.43351106
0.43924787
0.04972661
0.40580673
0.02258958
0.00441856
0.45189115
0.00010409
0.32396205
0.51057590
0.21339851
0.04887218
0.41853665
0.49943351
0.36941590
0.36122864
0.20793770
0.39974782
0.30221158
0.30813723
0.37644822
0.30298197
0.44388803
0.02215845
0.19193077
0.43148860
0.37635697
0.26356597
0.18612860
0.29467468
0.01386288
0.40236152
0.42356449
0.41906578
0.37977150
0.48088427
0.00425353
0.44614690
0.11302019
0.03255379
0.05295844
0.51005150
0.46100047
0.04796443
0.47351571
0.27967574
0.32629511
0.04001050
0.40614316
0.19755926
0.47117457
0.02787186
0.31095802
0.35322013
0.04192728
0.45311431
0.28508203
0.45799504
0.43119440
0.31172549
0.52743622
0.08379695
0.06268294
0.05621106
0.03657679
0.00016253
0.01846268
0.38362017
0.45844525
0.14359083
0.43689206
0.12902313
0.22516821
0.21017128
0.02779452
0.48016569
0.36799552
0.50491889
0.00039453
0.19599077
0.14166017
0.11844593
0.11963863
0.20752172
0.00146673
0.16051448
0.04534275
0.04376326
0.18135979
0.03759437
0.00635276
0.01259344
0.14530022
0.41082617
0.45377391
0.10997691
0.22869273
0.22402799
0.48002435
0.01061650
0.08333184
0.31547809
0.44592255
0.06723512
0.43592814
0.40320012
0.37487996
0.00287867
0.02718125
0.24341607
0.16134171
0.22578215
0.00746732
0.04531803
0.38978012
0.24550734
0.16777067
0.00893491
0.05544579
0.45336565
0.01775467
0.47202488
0.62495213
0.00072807
0.35971550
0.01866392
0.32962689
0.33624688
0.45974154
0.00878698
0.03808822
0.28979805
