# NTRAJ	1000
0.97482382
0.99874206
0.89184339
0.95846996
0.99007020
0.43358646
0.95676470
0.95620918
0.80256515
0.31367419
0.98794258
0.77657378
0.98633528
0.98485860
0.49573423
0.96312489
0.95130621
0.99961714
0.97744582
0.80759295
0.98146891
0.95870783
0.98811079
0.96860644
0.99875326
0.65763684
0.97558619
0.99897621
0.99449247
0.99875596
0.95130705
0.81050502
0.96822136
0.98315637
0.99441761
0.99000677
0.83662017
0.99752819
0.96831532
0.99941555
0.99564150
0.97356785
0.96355266
0.99994547
0.65010404
0.99460873
0.96268816
0.96362512
0.90347145
0.99961512
0.94497649
0.96025339
0.99554730
0.98553657
0.99051324
0.51697307
0.99954343
0.96387126
0.52675877
0.99079752
0.97510663
0.92198797
0.96553589
0.96817042
0.98622797
0.90085789
0.83424819
0.95134980
0.60715551
0.98667269
0.98727627
0.98301520
0.99449438
0.99914923
0.94382153
0.62463123
0.98886974
0.93657882
0.96491703
0.98194000
0.99166504
0.94412528
0.94696971
0.98425020
0.96273196
0.97695731
0.99559402
0.81573288
0.99916805
0.97624042
0.99760267
0.98028353
0.93847747
0.85331444
0.99824092
0.80424606
0.95240504
0.91974775
0.98876920
0.90782816
0.98693057
0.96401568
0.98616960
0.94851230
0.98922087
0.71924721
0.97983566
0.93211468
0.74866544
0.94201418
0.96701690
0.99422003
0.98313271
0.97269565
0.84482074
0.89263872
0.90721487
0.99382033
0.97909014
0.99750522
0.47440445
0.90081476
0.98515095
0.99204963
0.99975670
0.90430567
0.98749107
0.99954208
0.86245001
0.99644299
0.81788095
0.97921387
0.99792511
0.93424542
0.98121766
0.50902927
0.96457733
0.99461365
0.87755559
0.94515144
0.99676305
0.98408942
0.98480347
0.98985612
0.99583655
0.95713918
0.96649334
0.98166182
0.84677956
0.97152432
0.27651248
0.96964177
0.99337269
0.75305270
0.98754343
0.96395186
0.99346001
0.88429224
0.99140901
0.96725355
0.99292318
0.99722065
0.15437020
0.98801560
0.99995120
0.82283059
0.99896483
0.95793356
0.92151229
0.98636190
0.81971024
0.97847201
0.49594766
0.94107745
0.99656547
0.95726259
0.99821712
0.96154151
0.91124666
0.96672716
0.83525325
0.99944956
0.96983709
0.85880855
0.88193826
0.98928970
0.86398288
0.99480126
0.99806859
0.97238879
0.99671874
0.99809681
0.98012625
0.90970615
0.99300254
0.44138003
0.97147787
0.75989151
0.97952646
0.73160984
0.23682702
0.99541706
0.90347976
0.85948327
0.93437561
0.99627610
0.92028427
0.99303107
0.98876690
0.87437270
0.91648654
0.95469968
0.99953017
0.99982153
0.99959208
0.98743141
0.97509772
0.98955055
0.87412190
0.91997371
0.98601420
0.97336397
0.99115664
0.98946051
0.96387783
0.98211036
0.95945253
0.94640152
0.95663507
0.99764078
0.93930339
0.99428448
0.92387106
0.98547860
0.95028448
0.99681312
0.99506428
0.97510503
0.97788776
0.98274725
0.98742527
0.95036022
0.93454315
0.94059221
0.92586202
0.97817990
0.98574135
0.86230339
0.90445931
0.86247220
0.65905911
0.97957579
0.99863583
0.87027494
0.99027499
0.94148858
0.26545190
0.97911322
0.64428974
0.92732518
0.99326425
0.62854303
0.97807859
0.82717462
0.99856873
0.85082970
0.98846767
0.98702478
0.94263225
0.88589841
0.98662786
0.98624273
0.86679410
0.99376890
0.93401312
0.98386312
0.94735236
0.82932388
0.95130833
0.99768363
0.98788918
0.99658788
0.99347034
0.97646901
0.87218444
0.93990444
0.98103308
0.99673608
0.81926703
0.99645964
0.79868696
0.99863409
0.97994904
0.95253971
0.97157726
0.71838152
0.96606869
0.71229657
0.98162046
0.92418079
0.96908432
0.64657535
0.77028694
0.83506433
0.88953545
0.99325990
0.99900259
0.92958481
0.98762058
0.99388100
0.91668710
0.99877127
0.92320883
0.99661892
0.99804296
0.94362249
0.99453796
0.99084934
0.99167163
0.83743261
0.97539321
0.92605189
0.99868110
0.99956253
0.99472989
0.97015111
0.97750141
0.99850380
0.98986923
0.99571483
0.95188697
0.98432104
0.99660256
0.99897756
0.97885469
0.97800213
0.97767871
0.99934840
0.96863944
0.99955221
0.87676221
0.99411106
0.99257011
0.96977426
0.97375933
0.96782065
0.99288843
0.88456291
0.95757772
0.99792199
0.97084345
0.98723021
0.98317897
0.93752548
0.93129305
0.98538157
0.96269248
0.98295287
0.99862064
0.96017896
0.95914089
0.99121761
0.99418434
0.98786813
0.81368762
0.90245756
0.99315981
0.98473888
0.87669594
0.83836937
0.99751370
0.99762605
0.99914301
0.99784963
0.90936057
0.98930126
0.98287442
0.85405529
0.97671090
0.97698612
0.99815342
0.97756770
0.99708847
0.93023773
0.94664304
0.95295959
0.99993087
0.93393333
0.96887741
0.39261683
0.96244448
0.95314973
0.92490134
0.98303624
0.97299209
0.99678064
0.92010926
0.91441667
0.99771141
0.98371811
0.86928562
0.99161988
0.98895883
0.98344143
0.97016495
0.99380130
0.91465158
0.99027688
0.92248913
0.88036417
0.96392524
0.82523191
0.87627028
0.95189672
0.99128238
0.92089875
0.93801044
0.99865593
0.99825010
0.68167666
0.50618947
0.99489087
0.85542485
0.99293502
0.96159256
0.98883875
0.99423048
0.96910652
0.90785157
0.96591314
0.83418305
0.83636251
0.96874394
0.97211940
0.93123860
0.12901019
0.91226646
0.83666729
0.99501560
0.95115659
0.98333929
0.93156878
0.95571473
0.99226964
0.75507127
0.88527255
0.99853042
0.99116680
0.96074176
0.97845535
0.98471428
0.93348980
0.97169677
0.94903961
0.93115387
0.98530058
0.88408109
0.81727162
0.81094126
0.42538652
0.95550063
0.93482475
0.99409319
0.46828954
0.96534369
0.99417954
0.85503510
0.41147083
0.99951142
0.91424851
0.96616138
0.99580568
0.98328040
0.93037771
0.93680167
0.30988629
0.87108854
0.78871723
0.99415033
0.99935239
0.99226423
0.98041540
0.99599551
0.99450875
0.92859807
0.99697229
0.99645406
0.97572844
0.94675882
0.98286953
0.95268501
0.97168198
0.99449449
0.96982334
0.96302212
0.99208400
0.99138668
0.93910833
0.87841089
0.96803734
0.93756554
0.98729459
0.90634159
0.99270037
0.97955306
0.78167017
0.86053996
0.95676172
0.93873821
0.98882837
0.99914617
0.75775799
0.90305999
0.99543326
0.94442427
0.99953718
0.86660720
0.88262258
0.99543059
0.99356964
0.40266203
0.73025922
0.90675462
0.97800695
0.96659184
0.99697212
0.89595117
0.99466664
0.94429363
0.95836744
0.91337523
0.99781651
0.99812409
0.99797373
0.97989562
0.98983920
0.89932370
0.99621846
0.96319485
0.93662362
0.99144285
0.99914659
0.98499997
0.99667290
0.84225200
0.97803222
0.85459174
0.98760698
0.97282097
0.99849318
0.76221161
0.98634686
0.93906209
0.98864792
0.95241463
0.95233515
0.99962025
0.97908520
0.89990226
0.99675208
0.94742751
0.99931641
0.90159085
0.98188817
0.95064069
0.99750862
0.65858245
0.99668158
0.97962689
0.97961048
0.99037872
0.96356807
0.93177511
0.81721222
0.96557654
0.94389656
0.97963372
0.97187261
0.47478221
0.98713675
0.96309086
0.93645239
0.98008813
0.99859599
0.96109200
0.98223919
0.94906726
0.99982553
0.99870225
0.61566952
0.78016791
0.99832889
0.86963006
0.99433714
0.99381978
0.99449168
0.22608208
0.99785915
0.96892151
0.90703688
0.98690801
0.98926739
0.99711519
0.86977684
0.96716827
0.92112232
0.95560012
0.90759589
0.80082558
0.96397695
0.98039441
0.87815167
0.95476065
0.99874661
0.94252593
0.88250752
0.99838498
0.87328476
0.13079263
0.90480153
0.99779676
0.76705603
0.98467948
0.98539920
0.98577373
0.87819765
0.99734371
0.94562064
0.99774013
0.61792755
0.99700372
0.98452456
0.91618748
0.99882306
0.99388061
0.98890336
0.98728158
0.84039818
0.99988038
0.97498679
0.94364788
0.94240588
0.99969337
0.99704414
0.96805080
0.96686370
0.96324793
0.92560794
0.82023965
0.89127925
0.59884828
0.98474874
0.94559579
0.98903918
0.91660846
0.93811935
0.91038907
0.91712140
0.86891702
0.95875337
0.99589302
0.99795804
0.92612234
0.68877414
0.99025267
0.97227259
0.53874403
0.98717610
0.99741474
0.93255429
0.98947952
0.95108249
0.90179129
0.99688934
0.89318881
0.98675029
0.91975534
0.89119330
0.99796428
0.98739314
0.99344304
0.88473064
0.98036605
0.99932262
0.91582926
0.99777640
0.97098312
0.96413559
0.99979330
0.89916755
0.96027073
0.99591835
0.99835799
0.81100273
0.98508257
0.99120740
0.96545342
0.96013499
0.39119607
0.99495226
0.98793456
0.76416032
0.96222683
0.98754896
0.98886639
0.98218206
0.99659966
0.98279665
0.90989678
0.98903161
0.79521851
0.99339684
0.87683475
0.93849907
0.98161458
0.87054258
0.70425815
0.91751992
0.98405065
0.99618923
0.69203335
0.99875278
0.99848070
0.50403755
0.59370451
0.43632062
0.96974262
0.82904458
0.73120172
0.98886566
0.70602618
0.99745411
0.99871680
0.99834887
0.76833204
0.98337287
0.94746494
0.86654917
0.78582231
0.95646544
0.98836909
0.98439417
0.99923630
0.98019670
0.94543189
0.99044413
0.99865391
0.91751286
0.31930150
0.99591147
0.72312853
0.99542949
0.81187737
0.95319220
0.97788937
0.94139172
0.98921412
0.97495337
0.94109473
0.87926741
0.98011141
0.95630890
0.99374523
0.99907618
0.88677106
0.99838800
0.98881516
0.94087851
0.47170734
0.99964866
0.97194865
0.93346824
0.76951912
0.95514934
0.89792799
0.99143344
0.66818979
0.94674977
0.73256728
0.98575265
0.99949389
0.99738329
0.94052600
0.85165085
0.99209943
0.54486892
0.89822086
0.79482586
0.88992556
0.99824027
0.95894807
0.90536407
0.97008721
0.74433609
0.97361498
0.97939686
0.99278647
0.99301324
0.40379130
0.94597583
0.71740973
0.99993978
0.89185078
0.87490625
0.96245171
0.97514561
0.87504891
0.94609065
0.86896668
0.99596970
0.94223625
0.96150013
0.97406001
0.90158353
0.99474548
0.99813787
0.99774544
0.89310877
0.99088219
0.98275591
0.99753877
0.94133145
0.97956995
0.98875488
0.96290646
0.69449944
0.84541073
0.98152484
0.89831454
0.99823525
0.98083383
0.95255438
0.98357345
0.96842800
0.98601182
0.96992325
0.99882019
0.99956828
0.93842463
0.84449357
0.74231289
0.98210846
0.95471211
0.97968643
0.93949931
0.99062288
0.96090002
0.91666479
0.99177919
0.69226020
0.99196890
0.87280936
0.99587642
0.99810213
0.90602821
0.99898908
0.91722924
0.95990169
0.95587939
0.98015713
0.98727139
0.96546854
0.87851435
0.64222685
0.99580839
0.97734278
0.99795789
0.99481518
0.95586301
0.99341127
0.94429595
0.99837621
0.88245360
0.97313957
0.67322428
0.97333486
0.99814430
0.93345545
0.79262169
0.95817996
0.96020734
0.99315667
0.98484984
0.83487334
0.99344497
0.87706085
0.99142610
0.85180755
0.90573412
0.94890252
0.99977249
0.99801465
0.93848957
0.94360141
0.83661568
0.99244880
0.98873320
0.99480248
0.95640697
0.93680525
0.94146189
0.75070671
0.89633812
0.99212924
0.97932441
0.91404346
0.99518281
0.98667401
0.89603294
0.99025059
0.48115285
0.96978741
0.99759770
0.97883613
0.92026605
0.82699150
0.91081801
0.99826268
0.98964761
0.97376707
0.97462777
0.96662647
0.99566184
0.99710870
0.95813066
0.99851264
0.93856248
0.98354455
0.96788646
0.66527280
0.85607766
0.89749227
0.98525345
0.91486444
0.99900071
0.94336685
0.71330893
0.94971012
0.98721082
0.94046627
0.99229954
0.97283863
0.94672920
0.99661508
0.98239161
0.99456323
0.96397136
0.96994629
0.91647256
0.83938933
0.98955497
0.95935512
0.78644163
0.87074429
0.99987411
0.90298577
0.96313599
0.94458820
0.96984361
0.99921290
0.97667562
0.97712926
0.99313296
0.99933324
0.90624652
0.97495523
0.96056523
0.97476681
0.94152320
0.97547809
0.95787835
0.99982764
0.97169228
0.99866024
0.98492166
0.86228734
0.97807267
0.97151837
0.93677087
0.91703259
0.92452518
0.99617583
0.31247475
0.51269171
0.91207678
0.99870427
0.80731577
0.99247526
0.97595168
0.99635157
0.85702390
0.55097268
0.97691501
0.96583426
0.96823811
0.97816379
0.52854861
0.98630895
0.98036806
0.96876734
