# NTRAJ	1000
0.00493929
0.44622072
0.66561536
0.38739339
0.15068288
0.16529029
0.49197819
0.00888404
0.17294164
0.44622072
0.14862671
0.44622072
0.10697978
0.32337908
0.67678762
0.66329293
0.28851580
0.31559677
0.18396365
0.50188090
0.05726657
0.10168996
0.06478127
0.51478555
0.13289850
0.41155860
0.33687303
0.09125777
0.40124103
0.61475244
0.45156822
0.44622072
0.10364945
0.02957517
0.00025104
0.01729270
0.44622072
0.44622072
0.01980473
0.19996250
0.29793503
0.16067643
0.44622072
0.07676520
0.34475586
0.57755309
0.00069483
0.09704425
0.44622072
0.00098415
0.44622072
0.55280848
0.09988702
0.38205410
0.61261763
0.25771509
0.48192328
0.57029994
0.44622072
0.44622072
0.01541453
0.59315295
0.01089400
0.59952958
0.32011294
0.16624578
0.26627197
0.44622072
0.00098415
0.32275723
0.63770539
0.58254554
0.46164588
0.44622072
0.00170527
0.44622072
0.12977520
0.59952958
0.04925685
0.18108633
0.03830543
0.44622072
0.06656018
0.44622072
0.21020386
0.44622072
0.00086716
0.10500973
0.38434331
0.00054098
0.44622072
0.00025104
0.67507809
0.44622072
0.44622072
0.27780684
0.44622072
0.58421082
0.02480909
0.56365948
0.00183269
0.64385240
0.25263521
0.18332415
0.10758715
0.03971463
0.25961832
0.44622072
0.44622072
0.06546400
0.02925522
0.15813424
0.23129843
0.07933334
0.01410362
0.19356122
0.66422169
0.02893651
0.03760712
0.12837255
0.65664495
0.37915239
0.44622072
0.37364794
0.22283543
0.35969465
0.65340340
0.15147431
0.09719349
0.44622072
0.29871868
0.44622072
0.16672363
0.28143295
0.17613408
0.29762151
0.00018193
0.03032650
0.23241531
0.32788369
0.00312859
0.13415014
0.44622072
0.29871868
0.44622072
0.01192561
0.44622072
0.02110984
0.24086415
0.30826316
0.07818958
0.15289968
0.66980017
0.44622072
0.31668750
0.02167889
0.17246297
0.62559810
0.44622072
0.31855640
0.44622072
0.22507199
0.12061509
0.07563004
0.37517781
0.32213525
0.49107788
0.12946335
0.20428349
0.44622072
0.08134378
0.03195865
0.11323082
0.00540954
0.12697173
0.44622072
0.35877260
0.26832895
0.17214389
0.44622072
0.44622072
0.02809272
0.44622072
0.44622072
0.02401178
0.14641499
0.44622072
0.06260912
0.23767755
0.13196062
0.27559770
0.44622072
0.52664547
0.35123276
0.03645277
0.44622072
0.41610295
0.25056966
0.63019076
0.44622072
0.35415846
0.44622072
0.30732568
0.01634285
0.21164365
0.09347528
0.50788261
0.00057770
0.11063220
0.57211231
0.55808106
0.44622072
0.23321295
0.32337908
0.37058618
0.07210847
0.28269326
0.07337165
0.41791947
0.21084379
0.45051463
0.12107876
0.07876099
0.62223398
0.27196525
0.33671826
0.44622072
0.44622072
0.40032946
0.42940896
0.22810616
0.13008715
0.15797544
0.07563004
0.14783649
0.58027563
0.06766096
0.08452503
0.01162689
0.44622072
0.42880487
0.10606977
0.68706505
0.02746579
0.00317029
0.00132129
0.67834257
0.44622072
0.44622072
0.03239890
0.04137941
0.24118270
0.30951268
0.17469720
0.22011871
0.00448835
0.19052118
0.28111779
0.26294666
0.22155709
0.64631445
0.09928731
0.12293578
0.07168859
0.27733358
0.15004997
0.44622072
0.70960945
0.06179960
0.20140286
0.13932624
0.24452610
0.44622072
0.00227646
0.36199863
0.51868799
0.17980792
0.02017435
0.44750358
0.35754280
0.01668578
0.44622072
0.50323125
0.14373321
0.07309049
0.03565189
0.07099010
0.03772321
0.00206604
0.19548149
0.05792726
0.09451362
0.20828394
0.55883462
0.44622072
0.14578359
0.17932859
0.44622072
0.09823939
0.09392002
0.61444739
0.44622072
0.08714697
0.61887302
0.15797544
0.31933477
0.04963625
0.50068059
0.44622072
0.44622072
0.44622072
0.30841938
0.44622072
0.66840460
0.21452275
0.44622072
0.70333057
0.03384400
0.07071117
0.00434238
0.61429488
0.44622072
0.13948341
0.44622072
0.44622072
0.11323082
0.61627804
0.44622072
0.38876512
0.09347528
0.44622072
0.00199803
0.44622072
0.06724763
0.44622072
0.14310285
0.02480909
0.37425997
0.00021512
0.57770430
0.07252895
0.11753026
0.65510094
0.64862433
0.45156822
0.61063640
0.44622072
0.44622072
0.03273045
0.47381592
0.44622072
0.16035852
0.52694583
0.00284387
0.26183755
0.70458533
0.50953319
0.04887831
0.07833234
0.13508972
0.01426490
0.00186522
0.57014893
0.44622072
0.70693939
0.10606977
0.48717628
0.30857559
0.43514463
0.44622072
0.15908726
0.35492794
0.05014347
0.14846863
0.33811087
0.44622072
0.17102731
0.44622072
0.00007663
0.03865617
0.21500253
0.31325818
0.70144937
0.18716191
0.23943044
0.09674588
0.44343670
0.00741656
0.17230343
0.03702845
0.44622072
0.22826581
0.26025252
0.25993544
0.44622072
0.08062449
0.35246496
0.44622072
0.47396609
0.44622072
0.09764148
0.00915086
0.25311173
0.51808757
0.07071117
0.44622072
0.25406459
0.12790540
0.00020375
0.56879007
0.01549802
0.05859003
0.44117628
0.08787822
0.36015557
0.05373591
0.01549802
0.38419074
0.04125977
0.01378332
0.44622072
0.09838897
0.32229075
0.06112715
0.10485844
0.44622072
0.13759863
0.12993116
0.00276484
0.44622072
0.32384538
0.36169153
0.04125977
0.44622072
0.08005007
0.44622072
0.24898008
0.44622072
0.00001020
0.44622072
0.44622072
0.00118603
0.17852978
0.18572255
0.11430347
0.07365306
0.18252485
0.05231598
0.64693025
0.42442321
0.20140286
0.05027051
0.04149916
0.64354477
0.07704960
0.44622072
0.17038941
0.29526913
0.07071117
0.01844242
0.44622072
0.08641698
0.12946335
0.30904417
0.44622072
0.05805965
0.23081970
0.19948238
0.44622072
0.17916882
0.28332323
0.00804049
0.48807669
0.41882748
0.04875233
0.17821029
0.44622072
0.22331475
0.14562577
0.37380096
0.39637701
0.00693333
0.20156290
0.44622072
0.69440510
0.38891750
0.26310508
0.44622072
0.08993229
0.44622072
0.44622072
0.25739779
0.20316326
0.44012115
0.30966884
0.31886777
0.13039918
0.11553119
0.44622072
0.44622072
0.44622072
0.04950969
0.44622072
0.21915964
0.44622072
0.06045667
0.44622072
0.44622072
0.02008170
0.14168550
0.06193432
0.69409239
0.29244392
0.19228114
0.44622072
0.44622072
0.05832467
0.19532146
0.16783890
0.44622072
0.17677282
0.11261855
0.05805965
0.44622072
0.04551157
0.38754583
0.33098644
0.30388578
0.00723368
0.44622072
0.44622072
0.66716462
0.67803151
0.00355694
0.58633111
0.09943718
0.02110984
0.44622072
0.02788318
0.58966495
0.66623497
0.38876512
0.44622072
0.22587059
0.20044262
0.44622072
0.11922555
0.05925486
0.01533123
0.16863573
0.58602815
0.04343005
0.00373531
0.44622072
0.42381856
0.00033100
0.03633799
0.03542417
0.00176844
0.32772847
0.02254319
0.44622072
0.22890438
0.44622072
0.44622072
0.00189802
0.09007938
0.04699888
0.06876626
0.22523172
0.25263521
0.44622072
0.19676174
0.40700973
0.02470890
0.00213512
0.06973705
0.20252312
0.42276026
0.44622072
0.06835125
0.42472551
0.04221998
0.44622072
0.44622072
0.04812387
0.53175254
0.14878479
0.04824937
0.17214389
0.44931036
0.44622072
0.00091310
0.52829754
0.19228114
0.63248938
0.44622072
0.01625756
0.44622072
0.04465080
0.22619001
0.09392002
0.28898743
0.44622072
0.52634512
0.04762288
0.27528199
0.24054559
0.02092144
0.52304161
0.31403791
0.59573282
0.00088999
0.36568169
0.00001020
0.30998112
0.02500992
0.44622072
0.38617366
0.29903208
0.12557281
0.44622072
0.44622072
0.18604239
0.23656176
0.02788318
0.11369034
0.43710555
0.27969922
0.58708859
0.34815017
0.44622072
0.22810616
0.21883993
0.44622072
0.36583506
0.25755644
0.41867615
0.01053509
0.00140578
0.20428349
0.12728287
0.06450870
0.62253968
0.06045667
0.00098415
0.03783942
0.04125977
0.42820072
0.42260905
0.16815761
0.33640871
0.49047766
0.00180043
0.50848282
0.29526913
0.09823939
0.40002556
0.44622072
0.65803521
0.67569962
0.21500253
0.05608267
0.20924393
0.44622072
0.06233897
0.05859003
0.05978819
0.06573761
0.49617944
0.00059649
0.00567904
0.38296996
0.44622072
0.44622072
0.44622072
0.30873179
0.09466213
0.28379563
0.35692773
0.44622072
0.61398987
0.44622072
0.24357109
0.07015412
0.68566153
0.07676520
0.02936173
0.06587452
0.31138601
0.30059863
0.25120533
0.14546798
0.07280959
0.44622072
0.33005595
0.00000000
0.01330853
0.25961832
0.35692773
0.44622072
0.64000917
0.44622072
0.44622072
0.05582052
0.44622072
0.44622072
0.55943753
0.17294164
0.14326042
0.00018193
0.07833234
0.07761911
0.44622072
0.32104648
0.02082749
0.33393114
0.44622072
0.36460788
0.22251587
0.44622072
0.16991105
0.59573282
0.10910799
0.41610295
0.20428349
0.03983280
0.04774798
0.26880346
0.00152229
0.43227751
0.44622072
0.41549729
0.00186522
0.18028729
0.02663786
0.28190562
0.44622072
0.44622072
0.35169489
0.12154266
0.48987743
0.10910799
0.21500253
0.44622072
0.08134378
0.62070588
0.00000144
0.44622072
0.63709132
0.49647952
0.27354506
0.33919358
0.14546798
0.17884929
0.10773908
0.44622072
0.44622072
0.00453749
0.33609912
0.35615873
0.02054659
0.63540321
0.20476358
0.12728287
0.44622072
0.35907998
0.45337404
0.14058403
0.41610295
0.37640123
0.44622072
0.27275525
0.13806958
0.52048936
0.44569637
0.17645344
0.19532146
0.06642290
0.43906585
0.13180438
0.38906988
0.63908747
0.11445683
0.44622072
0.09199579
0.66220973
0.10880355
0.07577172
0.13681407
0.34599058
0.20140286
0.00772579
0.27654466
0.44622072
0.00167409
0.11876286
0.44622072
0.44622072
0.00196442
0.19164113
0.50443157
0.01591819
0.44622072
0.26975230
0.02936173
0.00509391
0.66313817
0.49182814
0.58663409
0.62376273
0.58163745
0.14026948
0.01524810
0.04379516
0.44622072
0.04066323
0.44622072
0.19644167
0.20876394
0.23974908
0.00093650
0.02612510
0.16019958
0.39120254
0.11200679
0.44900926
0.00014192
0.30357287
0.00288378
0.04090151
0.27969922
0.02244653
0.27196525
0.00443945
0.44622072
0.00052306
0.70489911
0.44622072
0.44622072
0.00002291
0.21820047
0.00391767
0.25898402
0.44622072
0.34815017
0.20284319
0.31310221
0.24245666
0.33238165
0.45548034
0.05360637
0.28851580
0.08846412
0.26706326
0.08033717
0.50938314
0.06233897
0.67585503
0.00027650
0.00054098
0.44622072
0.05386553
0.10455597
0.24229743
0.68909350
0.00077870
0.00234871
0.22443305
0.00043787
0.44622072
0.18204531
0.06342140
0.26801257
0.66778455
0.48912713
0.44622072
0.39196392
0.04625339
0.44622072
0.09510794
0.12541750
0.66778455
0.35923366
0.24118270
0.29134454
0.04575843
0.00013269
0.03328563
0.44622072
0.17405874
0.04862644
0.44622072
0.12030611
0.01245595
0.65927152
0.44622072
0.04102082
0.13321129
0.15400899
0.36736841
0.44622072
0.11984285
0.14910100
0.51898821
0.30122502
0.69487421
0.44622072
0.44622072
0.15527749
0.04246112
0.27575555
0.25279405
0.56275454
0.04114024
0.57165916
0.44622072
0.49137798
0.44622072
0.03679782
0.08656288
0.00123930
0.01998921
0.62728137
0.44622072
0.56471542
0.08685482
0.15845187
0.60348190
0.58496796
0.18524281
0.60515519
0.44622072
0.16210751
0.49047766
0.24595823
0.44622072
0.29997211
0.25056966
0.00061558
0.36951393
0.14831058
0.12899573
0.00791396
0.60576384
0.54347759
0.09066819
0.29464153
0.14452151
0.42200419
0.07591346
0.10986968
0.44622072
0.31715483
0.44622072
0.44622072
0.02861904
0.15622935
0.39089795
0.00183269
0.44622072
0.11200679
0.44622072
0.52289147
0.23879310
0.44622072
0.44622072
0.27054281
0.44622072
0.49512915
0.32384538
0.13493307
0.44622072
0.09199579
0.29432768
0.11476364
0.13274213
0.61063640
0.15749911
0.44622072
0.07904705
0.17437796
0.35785030
0.03783942
0.31762209
0.05477540
0.27559770
0.44509386
0.09199579
0.07961986
0.23943044
0.49797991
0.00535635
0.57181020
0.67538884
0.11032709
0.10214158
0.00007663
0.28174807
0.08905080
