# NTRAJ	1000
0.99980959
0.99934077
0.99966573
0.99974146
0.99999983
0.99993939
0.99999901
0.99999674
0.99997254
0.99999792
0.99865286
0.99983954
0.99999527
0.99993085
0.99999722
0.99999388
0.99999175
0.99963289
0.99999380
0.99995218
0.99999964
0.99775781
0.99972070
0.99999961
0.99914281
0.99999045
0.99999997
0.99763683
0.99999696
0.99999756
0.99986314
0.99992932
0.99999154
0.99996586
0.99866248
0.99999558
0.89255109
0.99999368
0.99914353
0.99998658
0.99341926
0.99997975
0.99999986
0.99992703
0.99998976
0.99920163
0.99999997
0.99925022
0.99989343
0.99994935
0.99996828
0.97034552
0.99995578
0.99776342
0.99981046
0.99996464
0.99999692
0.99999140
0.99994092
0.99998521
0.99929002
0.99994996
0.99999128
0.99998050
0.99999974
0.99998195
0.99992450
0.99830681
0.99999481
0.99869696
0.99996366
0.99999775
0.99999988
0.99787331
0.99702880
0.99979293
0.99999633
0.99999205
0.99458848
0.99988107
0.99986110
0.99515288
0.99064260
0.99997233
0.99999775
0.99999966
0.99996657
0.99996106
0.99999709
0.99997648
0.99999490
0.99887735
0.99783931
0.99917905
0.99998420
0.99998900
0.99993733
0.99402410
0.99854441
0.99998306
0.99999169
0.99999662
0.99997881
0.99963277
0.99411243
0.99997787
0.99971803
0.99919884
0.99999311
0.99979064
0.99999319
0.99999851
0.99997829
0.99994854
0.99989531
0.99999718
0.99741263
0.98672903
0.99999946
0.99999588
0.99999656
0.99994136
0.99996506
0.99999182
0.99988862
0.99995972
0.99999682
0.99999987
0.99936813
0.99905150
0.99963203
0.99910856
0.99988529
0.99999945
0.99999868
0.99941094
0.99999623
0.99991576
0.99999836
0.99840760
0.98464776
0.98995101
0.99995011
0.99999093
0.99999993
0.99999929
0.99968210
0.99992929
0.99904696
0.99985410
0.99558758
0.99994860
0.99835760
0.99996214
0.99999977
0.99994367
0.99999586
0.99331745
0.99997996
0.99995061
0.99998357
0.99999930
0.99998534
0.99999832
0.99985226
0.99999170
0.99990288
0.99999280
0.99999299
0.99990202
0.99996469
0.99968393
0.99998472
0.99997918
0.99912067
0.99999500
0.99992722
0.99999942
0.99999995
0.99996190
0.99993162
0.99969602
0.99999323
0.99999912
0.99992786
0.99991307
0.99955966
0.99670280
0.99999040
0.99999539
0.99975293
0.99985150
0.94097602
0.99873738
0.99999149
0.99993689
0.99966373
0.99997145
0.99999921
0.99998723
0.99999989
0.99999839
0.99932245
0.99999893
0.99988232
0.99999898
0.99968049
0.99805816
0.99999984
0.99965223
0.99593958
0.99999023
0.96196574
0.99999950
0.99930874
0.99989320
0.99999986
0.99906712
0.99623457
0.99972065
0.99998860
0.99997605
0.99997123
0.99999204
0.99995093
0.99999520
0.99999986
0.99988387
0.99999938
0.99969691
0.99996672
0.99932949
0.99939837
0.99914334
0.99877910
0.99998745
0.99961502
0.99965874
0.99999513
0.99999976
0.99992165
0.99999569
0.99999959
0.99996235
0.99999733
0.99992676
0.99999967
0.99999315
0.99999990
0.99979724
0.99999888
0.99998067
0.99998876
0.99950358
0.90196331
0.99997391
0.99999516
0.98919270
0.99833299
0.99997033
0.99999325
0.99998505
0.99999902
0.99999160
0.99996260
0.98135713
0.99998412
0.99995356
0.99992707
0.97475310
0.99789452
0.99997114
0.99806126
0.99997999
0.99998467
0.99875127
0.99999608
0.99579335
0.99929429
0.99997981
0.99996957
0.99999591
0.99992149
0.96476428
0.99965779
0.98684264
0.99990079
0.99999801
0.99997077
0.99999812
0.99996576
0.99999039
0.99979738
0.99995617
0.99999396
0.99999595
0.99576789
0.99999871
0.99795051
0.99999682
0.99925436
0.99999847
0.99999780
0.99959618
0.99841508
0.99999891
0.99999764
0.99990940
0.99969204
0.99999994
0.99999973
0.99999693
0.99962627
0.99932210
0.99999785
0.99999535
0.99990234
0.99998680
0.99619115
0.99977529
0.99997343
0.99834718
0.99998396
0.99998215
0.99999488
0.99997786
0.99999030
0.99999167
0.99888193
0.99999935
0.99999984
0.99998218
0.99999843
0.99999565
0.97214263
0.99999450
0.99999332
0.99980798
0.99956374
0.99587348
0.99997576
0.99979901
0.99936983
0.99549665
0.99999393
0.99993965
0.99999822
0.99999959
0.99999898
0.99999984
0.99997703
0.99999608
0.99999874
0.99997731
0.99999736
0.99989038
0.99997912
0.99994711
0.99999166
0.99988407
0.99998602
0.99996257
0.99353204
0.99999178
0.99951376
0.99987333
0.99998557
0.99999444
0.99995634
0.99819755
0.99997538
0.99984598
0.99999895
0.99969542
0.99999213
0.99998374
0.99995515
0.99979960
0.99999826
0.99995264
0.99988952
0.99999262
0.99997285
0.99999811
0.99999854
0.99999991
0.99999850
0.99997593
0.99993830
0.99999502
0.99956893
0.99998668
0.99986560
0.99950770
0.99992665
0.99999882
0.99996320
0.99999989
0.99885296
0.99989913
0.99965435
0.99996164
0.99985361
0.99994769
0.99998099
0.99992464
0.99999555
0.99992464
0.99982142
0.99996682
0.99999995
0.99999483
0.99997614
0.99978756
0.99996556
0.99994715
0.99999203
0.99999012
0.99972540
0.99959807
0.99999934
0.99956346
0.99999678
0.99996724
0.99999801
0.99999939
0.99971020
0.99999372
0.99964242
0.99998425
0.99999412
0.99997515
0.99994273
0.99987576
0.99999484
0.99999706
0.99999978
0.99979130
0.99999718
0.99999997
0.99880205
0.99990965
0.99955489
0.99994816
0.99819649
0.99977017
0.99989445
0.99999724
0.99986757
0.99955644
0.96635569
0.99999835
0.99999702
0.99999895
0.97966396
0.99895976
0.99990786
0.99999999
0.99988341
0.99985632
0.99998401
0.99999269
0.93931385
0.99998996
0.99942853
0.99998832
0.99985959
0.99877029
0.99999720
0.99998066
0.99995939
0.99996444
0.99994963
0.99995431
0.99999615
0.99999876
0.99998250
0.99825343
0.99997948
0.99999547
0.99851574
0.99999918
0.99991862
0.99955805
0.99998547
0.99998504
0.99999970
0.99999846
0.99998476
0.99999904
0.99982642
0.99995394
0.99999899
0.99996442
0.99999813
0.99999885
0.99596441
0.99987983
0.99999951
0.99995134
0.99986355
0.99995183
0.78183234
0.99999431
0.99989926
0.99985443
0.99986260
0.99995414
0.99993848
0.99999992
0.99997451
0.99996763
0.99992911
0.99348561
0.99997347
0.99999873
0.99996012
0.99902431
0.99859477
0.99989199
0.99997914
0.99999999
0.99989143
0.96231662
0.99941521
0.99991614
0.99998233
0.99998476
0.99996561
0.99990569
0.99896375
0.99989573
0.99999956
0.99999957
0.99192052
0.99999523
0.99949011
0.99999963
0.99985973
0.99983995
0.99999394
0.99999054
0.99995929
0.99997396
0.99989351
0.99999868
0.99996766
0.99995599
0.99999412
0.99999850
0.99999620
0.99767925
0.99981864
0.99999990
0.99999372
0.99998817
0.99999776
0.99410860
0.99987164
0.99998560
0.99998236
0.99992488
0.99998722
0.99999193
0.99989834
0.99999788
0.99999595
0.99284697
0.99991724
0.99808197
0.99995347
0.99997930
0.99999677
0.99999924
0.99998077
0.99999801
0.99997442
0.99991250
0.99999913
0.99998403
0.99998993
0.99997841
0.99998930
0.99999887
0.99994354
0.99999491
0.99607955
0.99998890
0.99996428
0.99983330
0.99980186
0.99970446
0.99963688
0.99998203
0.99999892
0.99987932
0.99993378
0.99994927
0.99999829
0.99609983
0.99975956
0.99282652
0.99989764
0.99835383
0.99999614
0.99999866
0.99932850
0.99993294
0.99999023
0.99999899
0.99998266
0.99997760
0.99164441
0.99986893
0.99999074
0.99978514
0.99999496
0.99753785
0.99938457
0.99009021
0.99999999
0.99999426
0.99998525
0.99986998
0.99995873
0.99998369
0.99949822
0.99999972
0.99971136
0.99999286
0.99999080
0.99979432
0.99999984
0.99990363
0.99999332
0.99993513
0.99993601
0.99999994
0.99924352
0.99999247
0.99999825
0.99999086
0.99989450
0.99870498
0.99700026
0.99999947
0.99997953
0.99999945
0.99899407
0.99998992
0.99993281
0.99999973
0.99988154
0.99986710
0.99991551
0.99999793
0.99985468
0.99988236
0.99991588
0.99990286
0.99999472
0.99999982
0.99994346
0.99995363
0.99997704
0.99994000
0.99999745
0.99998818
0.99999998
0.99997269
0.99998113
0.99999966
0.99999161
0.99995802
0.99939453
0.99923217
0.99995798
0.99999991
0.99853084
0.99992251
0.99999456
0.99996825
0.99999291
0.99999700
0.99998883
0.99978653
0.99679402
0.99999979
0.99973461
0.99975173
0.99933091
0.99997841
0.99996872
0.99979624
0.99982538
0.99999025
0.99994116
0.99676829
0.99996798
0.99999622
0.99999791
0.99999982
0.99999350
0.99999968
0.99998884
0.99999647
0.99986256
0.99999963
0.99999998
0.99999738
0.99996180
0.99986327
0.99988832
0.99998688
0.99999185
0.99999945
0.99993435
0.99998689
0.99999988
0.99999235
0.99994127
0.99999929
0.99993743
0.98880070
0.99999944
0.99991823
0.97967915
0.99999895
0.99991434
0.99455478
0.99998939
0.99993547
0.99958644
0.99999732
0.98755996
0.99998906
0.99805584
0.99723150
0.99986046
0.99952869
0.99999432
0.99999662
0.99998839
0.99999915
0.99998596
0.99995358
0.99960503
0.99999483
0.99998515
0.99772707
0.99999423
0.97412447
0.99999116
0.99832393
0.99999944
0.99993831
0.99961441
0.99982091
0.99901214
0.99947943
0.99621107
0.99999960
0.99984219
0.99999237
0.99997151
0.99969413
0.99976901
0.99976540
0.99973871
0.99999633
0.99999923
0.99999676
0.99999576
0.99975538
0.99999218
0.99994730
0.99990295
0.99996283
0.99996559
0.99999967
0.99999334
0.99355069
0.99997996
0.99999587
0.99998727
0.96546855
0.99958854
0.99997621
0.99996704
0.99995254
0.99998668
0.99998340
0.99969146
0.99991082
0.99999239
0.99958999
0.99999890
0.99999921
0.99999185
0.99999551
0.99999637
0.99952425
0.99968144
0.99993141
0.99998254
0.99996069
0.99996977
0.99999813
0.99997563
0.99975905
0.99975036
0.99999889
0.99999391
0.99999612
0.99926663
0.99999858
0.99982949
0.99999995
0.99781770
0.99999999
0.99986682
0.99999143
0.99893332
0.99865514
0.99990297
0.98706686
0.99999865
0.99993919
0.99999998
0.99999839
0.99997361
0.99995624
0.99999717
0.99999465
0.99996954
0.99999592
0.97538663
0.99997155
0.99044577
0.99999873
0.99919626
0.99990436
0.99781507
0.99986642
0.99999473
0.99997581
0.99919872
0.99992580
0.99644404
0.99972158
0.99926697
0.99999903
0.99996018
0.99999821
0.99999712
0.99999967
0.99985101
0.99995522
0.99998917
0.99999849
0.99990600
0.99918303
0.99997698
0.99992996
0.99997240
0.99679293
0.99995667
0.99999344
0.98561696
0.99698639
0.99992759
0.99954928
0.99994222
0.99999402
0.99996577
0.99998706
0.99967919
0.99998464
0.99999004
0.99996256
0.99999930
0.99999386
0.99991232
0.99999945
0.98607585
0.99999281
0.99999915
0.99962588
0.99988172
0.99977986
0.99939240
0.99943451
0.99992681
0.99969941
0.99995375
0.99999403
0.99894158
0.99999099
0.99654501
0.99846641
0.99998686
0.99999926
0.99999921
0.99991218
0.99996905
0.99904017
0.99999283
0.99999441
0.99999392
0.99995169
0.99993628
0.99999781
0.99999955
0.99988637
0.99999753
0.99976251
0.99999113
0.99996461
0.99999621
0.99664712
0.99999815
0.99958912
0.99999859
0.99999987
0.99989725
0.99967212
0.99992656
0.99998991
0.99993923
0.99671401
0.99999552
0.99897956
0.99999985
0.99999255
0.99999640
0.99900386
0.99999979
0.99997463
0.99998634
0.99998919
0.99999716
0.99996481
0.99999165
0.99990801
0.99999365
0.99909849
0.99996773
0.99999689
0.99999601
0.99997519
0.99999959
0.99986180
0.99939832
0.99834869
0.99918525
0.99999619
0.99999474
0.99998394
0.99931523
0.99945649
0.99997525
0.99999916
0.99963318
0.99999594
0.99997517
0.99999706
0.99972679
0.99999643
0.99999762
0.99999996
0.99999658
0.99998919
0.99998977
0.99999952
0.99996105
0.95066269
0.99741727
0.99999967
0.99998638
0.99933906
0.99999453
0.99998369
0.99999791
0.99992421
0.99999715
0.99999407
0.99997540
0.99990817
0.99999795
0.99958171
0.99647209
0.99999701
0.99999149
0.99992611
0.99996850
0.99997684
0.99928139
0.99999581
0.99979240
0.99985255
