# NTRAJ	1000
0.11702989
0.03633292
0.08484612
0.10521664
0.11429025
0.14780878
0.11025265
0.00358474
0.11808139
0.20401047
0.10385783
0.00191139
0.13749861
0.18661556
0.09988062
0.06502419
0.00003824
0.10758769
0.13604763
0.10430024
0.06041608
0.15568606
0.00361085
0.05454135
0.17050504
0.11072050
0.01440694
0.01268284
0.18322681
0.06368858
0.03368147
0.05238021
0.03978926
0.00000281
0.20538421
0.03752513
0.00012283
0.01096341
0.09349476
0.09447389
0.10643702
0.08677346
0.20504593
0.12294353
0.04197191
0.01993272
0.08391588
0.05103824
0.00124203
0.12000144
0.07712355
0.04011085
0.00039733
0.12285504
0.08094348
0.17514574
0.20105927
0.13220245
0.13025738
0.05159381
0.12885758
0.01387342
0.06132357
0.11823125
0.04887443
0.12131547
0.01254139
0.14548056
0.18165314
0.03856128
0.03087769
0.11195001
0.05600205
0.00320894
0.01334200
0.02492235
0.00163632
0.14967073
0.11690206
0.00479471
0.07025182
0.00195099
0.06735543
0.04200741
0.16920679
0.04997970
0.10463258
0.00127130
0.09848949
0.19305606
0.10485616
0.00409287
0.11365156
0.03662023
0.08051378
0.03576686
0.15946058
0.17259934
0.05540115
0.00100820
0.10448329
0.02940647
0.07861430
0.13079454
0.01405721
0.01153533
0.08602872
0.21308448
0.11503925
0.00523569
0.17305779
0.09206739
0.04452896
0.08834343
0.11280595
0.10754614
0.02765741
0.12960028
0.10267282
0.20027958
0.03962438
0.07115721
0.00791045
0.03103987
0.13334269
0.20082629
0.04175268
0.03641032
0.16822498
0.13822535
0.08572683
0.12026263
0.00181511
0.19617045
0.11818021
0.00300718
0.15649261
0.11729131
0.06357354
0.13073769
0.14454160
0.06354361
0.17596836
0.06062412
0.03328821
0.04972919
0.09179913
0.00139920
0.10645881
0.19554219
0.03603114
0.10051587
0.00068717
0.02637481
0.04359455
0.18040245
0.03341220
0.05993362
0.09796405
0.09072578
0.19782464
0.10530722
0.19660780
0.17653077
0.17804692
0.20308922
0.00824502
0.08766534
0.01398333
0.04426714
0.00696703
0.06102951
0.05439359
0.01848160
0.08954862
0.02248524
0.07440163
0.17920112
0.00164019
0.12064939
0.10792305
0.00019938
0.10149753
0.18821070
0.01269871
0.00021710
0.01530514
0.08666386
0.03616947
0.06815669
0.10756773
0.06714926
0.00206463
0.04805948
0.00171164
0.09058731
0.02371941
0.02985833
0.13480393
0.05869380
0.08411983
0.04650486
0.11779722
0.17026550
0.04306806
0.02967092
0.09927793
0.19050838
0.11061923
0.10638967
0.10689557
0.11169489
0.10826267
0.05471215
0.01537723
0.02146291
0.04029283
0.19718368
0.12370915
0.07852845
0.16733046
0.20176373
0.04411830
0.08114504
0.10678830
0.07192551
0.00808866
0.00057886
0.08037901
0.00569347
0.06935785
0.12839160
0.08156250
0.01533049
0.07491893
0.00851575
0.19360067
0.09830189
0.07936125
0.11621939
0.03102509
0.11990583
0.18229730
0.07288119
0.12462308
0.11986536
0.02904217
0.03181508
0.06515377
0.11285796
0.17411839
0.06294959
0.05471185
0.01872301
0.01328450
0.05817106
0.11639615
0.05179484
0.02444838
0.03565480
0.00103899
0.11874282
0.10405608
0.00410817
0.07803894
0.00034444
0.01299309
0.19755425
0.12759209
0.11888196
0.00164873
0.18614749
0.11238524
0.09553090
0.03284648
0.10917078
0.09202573
0.05968102
0.17126270
0.06124725
0.07881166
0.18776282
0.10180969
0.11168903
0.04945929
0.09013108
0.01662854
0.18679851
0.03404884
0.11238285
0.03139020
0.08524897
0.00433335
0.10779952
0.03995563
0.12438246
0.18833525
0.00869682
0.08983700
0.00011276
0.00391179
0.12583596
0.13338815
0.09399714
0.00359283
0.15012910
0.03869625
0.20638323
0.08993743
0.00024367
0.13290520
0.00629411
0.20425288
0.11606287
0.08592868
0.19026054
0.05094607
0.00907898
0.00118651
0.00026106
0.11441458
0.16651964
0.00560794
0.01936687
0.03618702
0.09292225
0.22228313
0.05650024
0.08846404
0.01203796
0.05517781
0.14175651
0.13478906
0.04475874
0.07097311
0.04727952
0.06121995
0.07488031
0.10127419
0.08316557
0.04196433
0.00062485
0.02483565
0.07483491
0.01622438
0.14518468
0.06735072
0.02417095
0.03130355
0.15563560
0.10661036
0.01114468
0.01728745
0.18414611
0.00002129
0.06216361
0.09330425
0.01012274
0.10320888
0.18391976
0.07500216
0.10674517
0.12450362
0.11741516
0.02892138
0.10821122
0.02554104
0.19323182
0.17104819
0.11536336
0.02156422
0.20154015
0.04150158
0.14300817
0.00947668
0.12089537
0.09493134
0.14557518
0.01508756
0.19317729
0.19647246
0.12568041
0.00940427
0.14025755
0.00012193
0.18384929
0.01499484
0.12573340
0.15546150
0.00539448
0.02095135
0.18474979
0.02121687
0.13841410
0.20326567
0.11268870
0.03138474
0.11687640
0.02918849
0.10234967
0.01568296
0.03003188
0.11983483
0.10585850
0.01194895
0.17888168
0.14985706
0.10014336
0.17028202
0.05208770
0.12986993
0.18416008
0.06640768
0.08314405
0.15353750
0.03679571
0.09102704
0.16813640
0.10670163
0.06524288
0.07902204
0.13262885
0.14532723
0.20388138
0.11961160
0.19237318
0.00131804
0.11649507
0.03054423
0.14804839
0.13727438
0.04071355
0.01172535
0.11273663
0.05158046
0.19882103
0.00777190
0.00273391
0.12469145
0.20387250
0.00111250
0.00012710
0.21529908
0.15989851
0.11583691
0.07577958
0.10044161
0.08368536
0.11278349
0.09960206
0.04273142
0.08283584
0.12175233
0.02610028
0.15999672
0.08901133
0.00028892
0.18645758
0.09793777
0.09801119
0.13687226
0.12380089
0.02226906
0.09938693
0.19310603
0.10566429
0.18233804
0.07217244
0.06995576
0.01804949
0.06427369
0.12972390
0.02338760
0.10993873
0.18452050
0.18427516
0.02458067
0.01001590
0.06887049
0.00356225
0.11179831
0.06021753
0.13810770
0.05192930
0.16425770
0.17364426
0.00038419
0.00032242
0.05062519
0.04515813
0.01314129
0.18210587
0.02473236
0.04042800
0.13313360
0.13643076
0.00283753
0.19293217
0.00460155
0.01741775
0.18751560
0.13999584
0.02997409
0.00256636
0.00216621
0.08672088
0.12736571
0.18559557
0.09989121
0.06020034
0.05456829
0.09768205
0.10236428
0.18559324
0.00009192
0.03002127
0.03766826
0.19098676
0.06574821
0.19502769
0.08747908
0.00318505
0.00180258
0.00860614
0.19646599
0.10933303
0.03856676
0.00839511
0.15752964
0.05702866
0.11721824
0.18947139
0.02775372
0.19232785
0.14991670
0.13968959
0.02135262
0.05899544
0.14878726
0.00180845
0.12720298
0.00002197
0.12507842
0.02955917
0.00441359
0.12016273
0.07372674
0.09446899
0.14645450
0.02277243
0.15728261
0.09248882
0.00011900
0.19211845
0.00474873
0.04629089
0.10100815
0.11352790
0.16808155
0.08356570
0.05687545
0.11079079
0.00205570
0.12335993
0.21089274
0.12912083
0.00039748
0.05269794
0.18791400
0.06441982
0.08902546
0.04863968
0.13262057
0.13232709
0.03979364
0.00465224
0.16241517
0.12377309
0.09978994
0.04802409
0.17528036
0.00069121
0.03946019
0.14767089
0.04359246
0.16937820
0.12492526
0.07083565
0.00276290
0.11173366
0.02052735
0.07884463
0.00403848
0.03019956
0.15304899
0.10938024
0.02612417
0.18392201
0.04178216
0.06627324
0.03915082
0.04594480
0.08972958
0.15608920
0.10613883
0.05932076
0.17248277
0.16464648
0.20547442
0.03352301
0.04663081
0.14966454
0.15660758
0.11357290
0.00328581
0.05964810
0.12896108
0.04095458
0.18009277
0.07590752
0.06373766
0.00930575
0.16557848
0.08474126
0.00612222
0.10157950
0.06760031
0.02872075
0.07515956
0.09492668
0.06050947
0.00047644
0.11198898
0.09352543
0.10944199
0.03656872
0.13973082
0.02336761
0.08905657
0.20083820
0.06498346
0.11578332
0.09029864
0.01980772
0.19789003
0.00114778
0.14813096
0.11791493
0.00815482
0.12986111
0.06707044
0.13854618
0.04509687
0.00208628
0.18030319
0.19491230
0.00371772
0.03134912
0.16890096
0.18687879
0.00026200
0.01733109
0.12513183
0.03237082
0.03218131
0.18050877
0.02024870
0.01463015
0.08341923
0.00364816
0.00014628
0.09313036
0.17138797
0.11750576
0.16079740
0.05177812
0.11025743
0.14249410
0.13047569
0.09071675
0.12135861
0.13871133
0.00513305
0.04692452
0.01407150
0.08900613
0.04972917
0.18679503
0.06274542
0.02952562
0.17229773
0.00380748
0.09608946
0.10281209
0.00208550
0.02230383
0.14138959
0.06393586
0.07834438
0.06927263
0.00261484
0.05580918
0.18609103
0.00531393
0.12540642
0.09440012
0.01212270
0.08670650
0.14984505
0.00167818
0.02782263
0.03276309
0.03201814
0.04618525
0.11555760
0.04894645
0.07942355
0.16614534
0.09297009
0.03720340
0.08626002
0.00034162
0.12651749
0.02069306
0.11386457
0.03108116
0.11422004
0.02552678
0.00004138
0.14894621
0.06704935
0.17909757
0.03370586
0.07370341
0.11604518
0.13261172
0.10343182
0.11091063
0.20403494
0.12470903
0.00481148
0.02556219
0.03332549
0.01354208
0.01063803
0.11868439
0.12361005
0.11054296
0.07777402
0.05086764
0.00997927
0.15125864
0.09992105
0.18188874
0.05337990
0.01434442
0.02743988
0.15257865
0.12589554
0.11160405
0.08544251
0.00568153
0.15398191
0.08192303
0.05441124
0.15162188
0.05031723
0.07056540
0.13310868
0.02075521
0.00251975
0.20018864
0.02633401
0.00677603
0.20130425
0.12906764
0.03041689
0.18814358
0.12043814
0.00082128
0.02619971
0.11689644
0.18206028
0.00000053
0.02845383
0.00198983
0.03822483
0.15755742
0.00605591
0.01337001
0.16981845
0.06320251
0.09893606
0.11320327
0.12620484
0.05192491
0.11419118
0.03771796
0.10458558
0.07461250
0.12962839
0.04872899
0.17040893
0.19050968
0.09469931
0.19798613
0.09689212
0.10671949
0.10751390
0.11239102
0.07315063
0.14949741
0.11359306
0.01309264
0.09304644
0.18595450
0.01878123
0.20863129
0.00021557
0.21324139
0.00304857
0.04767544
0.02627113
0.04497980
0.20422659
0.18534642
0.05135132
0.21455063
0.16250871
0.09276435
0.14605032
0.01025770
0.20607822
0.12920598
0.09776152
0.08282065
0.19056239
0.06539252
0.05570272
0.07450831
0.15265353
0.06895444
0.14062138
0.00152147
0.12215562
0.17777801
0.03100009
0.00000140
0.08769173
0.09185125
0.09610666
0.11715031
0.10207781
0.13735813
0.10469029
0.12499421
0.01795547
0.15536714
0.00440335
0.11605684
0.12542024
0.16605262
0.11328746
0.14659548
0.18167357
0.17785608
0.10284968
0.03098778
0.03409426
0.11289854
0.19623706
0.07662322
0.02785048
0.02320727
0.20078378
0.05930491
0.16852368
0.04104991
0.13153889
0.12303799
0.15774428
0.06580239
0.13721567
0.00751346
0.19014236
0.02825361
0.08084473
0.06182405
0.03716055
0.12720225
0.02527697
0.13918801
0.03826637
0.02452494
0.03447164
0.13325836
0.00158366
0.03158488
0.12676922
0.13896993
0.11295907
0.11701867
0.16075908
0.16309508
0.06068981
0.13679868
0.18211416
0.10120230
0.12911418
0.06801579
0.01298756
0.06978053
0.18460073
0.10188089
0.00502648
0.09730473
0.10129449
0.15688836
0.17949039
0.19043805
0.11971568
0.05984649
0.03661622
0.00053003
0.08377632
0.12073836
0.12827574
0.08208593
0.07634054
0.16713215
0.00431972
0.04388589
0.01803497
0.00298627
0.06383923
0.11832056
0.11349279
0.04150301
0.13900731
0.08559125
0.11651837
0.08622219
0.00282383
0.13128161
0.05889692
0.10562395
0.00046588
0.12813899
0.19414266
0.09743072
0.15918979
0.00119259
0.11423389
0.08986338
0.09473213
0.09654927
0.10566882
0.00027592
0.18274073
0.05450975
0.08230733
0.08299242
0.09321335
0.01148382
0.04118331
0.16156621
0.10933154
0.03259262
0.08297046
0.06953267
0.11439468
0.02232204
0.09713381
0.01986963
0.19938844
0.02702152
0.07019536
0.05511111
0.08651330
0.10861558
0.02778530
0.01039155
0.00918196
0.07170428
0.00546034
0.05913053
0.19421716
0.11970680
0.07335512
0.04594661
0.09710704
0.12280966
0.06410991
0.10047830
0.09610161
0.12588647
0.10033113
0.08976783
0.04081837
0.01627650
