# NTRAJ	1000
0.48827407
0.36800821
0.47607018
0.72148212
0.10618115
0.19753563
0.25272825
0.11803555
0.64812992
0.55467785
0.13571062
0.20694294
0.19942918
0.21940466
0.34790635
0.10055661
0.23392044
0.51308101
0.18774500
0.28262533
0.11809949
0.30872596
0.35881062
0.23663757
0.26382863
0.66903178
0.06200831
0.24423409
0.20669791
0.41193518
0.39499247
0.16732294
0.07614145
0.18631585
0.70978950
0.08320494
0.11147161
0.07894330
0.08184724
0.10055554
0.62086814
0.26628153
0.58263463
0.41762599
0.41898476
0.09067229
0.05951377
0.17230032
0.25575597
0.22030553
0.19087277
0.25657332
0.34724262
0.36831484
0.07315457
0.54227417
0.59035745
0.16459034
0.30076468
0.07019150
0.34835221
0.30194510
0.36503907
0.58093539
0.38286834
0.25118939
0.68595666
0.25293709
0.27366927
0.10739319
0.19015897
0.61804308
0.20068721
0.14325962
0.08667471
0.44877514
0.38190875
0.21153929
0.69862233
0.30272908
0.40439508
0.33380521
0.40424412
0.23053786
0.58386603
0.25396806
0.36082684
0.37356804
0.33829150
0.40319176
0.63107252
0.12144796
0.65287862
0.07589849
0.09147086
0.25145569
0.41157801
0.42734025
0.41292899
0.20170535
0.19488402
0.15095964
0.27109517
0.42104246
0.41356517
0.21407865
0.31786391
0.59759503
0.39973886
0.14181499
0.52081554
0.47472796
0.17127029
0.22212623
0.09459816
0.27405320
0.09410902
0.33711026
0.08084571
0.71498735
0.44494201
0.11401910
0.10831427
0.11580301
0.28435635
0.73934124
0.41702375
0.22901285
0.16692524
0.22779482
0.22592491
0.32218719
0.13810977
0.54060262
0.60448659
0.09507852
0.25264189
0.07662632
0.32281216
0.35159322
0.33093199
0.36202574
0.14150392
0.44022226
0.56669748
0.20790771
0.23887051
0.16698699
0.73090974
0.62487411
0.23863326
0.09404121
0.22216052
0.09554633
0.31089309
0.51030621
0.14016103
0.05937829
0.28675605
0.23417326
0.51805684
0.72227018
0.50756040
0.17241368
0.31368979
0.49250607
0.11149259
0.07544408
0.12440294
0.31476809
0.13868800
0.19899019
0.25027969
0.08225728
0.35177805
0.12631264
0.30330237
0.36340186
0.24839066
0.28577634
0.08846214
0.10678978
0.47793669
0.47861623
0.07458916
0.33346575
0.08318719
0.20083367
0.21548659
0.15689213
0.10308043
0.30643374
0.07674272
0.50619459
0.06071028
0.11238862
0.12055858
0.19926945
0.12314883
0.20672214
0.54736021
0.13312693
0.17043081
0.15154446
0.05871905
0.20556738
0.37329449
0.39224942
0.37006850
0.09849829
0.71320320
0.41618044
0.07692179
0.10587509
0.24995264
0.22129568
0.13130642
0.49776032
0.13613422
0.18203413
0.12135805
0.60834017
0.23804009
0.26136009
0.65924077
0.25244644
0.14399064
0.20527383
0.28736328
0.35169087
0.55403197
0.48641214
0.08426764
0.08580704
0.40632827
0.23083877
0.26646143
0.09211460
0.47490901
0.22987332
0.28838376
0.51328827
0.62684591
0.19451603
0.34933580
0.07285786
0.30392170
0.17332770
0.14556075
0.45469806
0.31686104
0.21753546
0.09388966
0.37358174
0.26288252
0.28289473
0.50877893
0.11839840
0.26775407
0.27764958
0.22345030
0.40581911
0.09911242
0.18552486
0.46081596
0.09232682
0.29251076
0.56628505
0.36208388
0.54203276
0.16982989
0.68963197
0.11063789
0.08595290
0.47185508
0.69120190
0.08157122
0.10674535
0.26937974
0.40071568
0.56784723
0.44900290
0.55838980
0.65900881
0.11353696
0.12604386
0.37451523
0.42913549
0.34066436
0.24934618
0.23582213
0.39650839
0.08887099
0.43455393
0.25106942
0.28856855
0.20115183
0.16123757
0.06539056
0.39427288
0.51643200
0.12172227
0.16766347
0.29275454
0.09766445
0.20819301
0.17200124
0.69263757
0.48990673
0.38491370
0.42485602
0.11682092
0.63061194
0.36035830
0.17390692
0.40292929
0.22092480
0.21743878
0.27672248
0.18654174
0.57319135
0.32065859
0.09314247
0.09055698
0.15671057
0.14459128
0.77181770
0.09752911
0.18249814
0.06538704
0.23630829
0.37543373
0.54963159
0.30506665
0.17868101
0.14717059
0.14884790
0.11312512
0.38811786
0.41285833
0.22675250
0.09768123
0.19513385
0.49672458
0.32315959
0.15294739
0.13264505
0.09764237
0.46586480
0.47958511
0.13296854
0.17041013
0.12670575
0.73778739
0.09207940
0.33858718
0.40826596
0.19758480
0.61898842
0.20481089
0.15581399
0.42142006
0.21407034
0.23746387
0.05363909
0.31534585
0.20640335
0.59179845
0.34481698
0.16149952
0.57026471
0.70886363
0.46380210
0.43783111
0.09346262
0.40289023
0.11384839
0.27782628
0.07715652
0.24447936
0.52837347
0.41290755
0.08836419
0.25839361
0.10871083
0.21663502
0.27592435
0.09950430
0.17793670
0.18669216
0.17708858
0.35607751
0.21531784
0.37444261
0.62543289
0.07964277
0.14339876
0.51312430
0.46921740
0.78131154
0.27560197
0.39681948
0.42332004
0.11943525
0.20827437
0.29229425
0.23642823
0.26836057
0.17525740
0.09010107
0.37540521
0.48954681
0.19910495
0.21176558
0.10250133
0.41730720
0.81220533
0.50296693
0.22330018
0.16478012
0.35153647
0.20565574
0.28670438
0.61286463
0.42479813
0.50554792
0.10691050
0.06745509
0.08587854
0.21030923
0.25096205
0.20917886
0.12007595
0.37841938
0.11453125
0.46645138
0.08974424
0.14396621
0.21523304
0.50964414
0.22741179
0.14843727
0.58458117
0.06626901
0.58610847
0.20016448
0.39096669
0.16576304
0.43170739
0.10637048
0.29337405
0.06022333
0.52732027
0.10232143
0.14822581
0.05188637
0.08823354
0.55448408
0.08836397
0.31102585
0.21224097
0.55730703
0.31395237
0.18565695
0.70330531
0.29989544
0.47498932
0.21134227
0.49379056
0.18639906
0.46560499
0.12523349
0.34466542
0.28505065
0.25451528
0.42674555
0.13226697
0.08820135
0.16896697
0.08856503
0.36801986
0.13058586
0.31216851
0.36924319
0.08794963
0.10488740
0.20057719
0.07380965
0.09409553
0.44062869
0.25247354
0.57372121
0.13022616
0.18043264
0.11570818
0.30127203
0.16568660
0.52196334
0.29127928
0.39737612
0.50362361
0.62239101
0.38443489
0.36610450
0.25120310
0.69653285
0.34451893
0.32215417
0.09033501
0.18671532
0.12740164
0.31817520
0.21711060
0.56624880
0.09470644
0.15827797
0.09660248
0.40940604
0.10734825
0.80871855
0.36903514
0.42136973
0.08893536
0.13531844
0.68675405
0.15231905
0.16268822
0.27444120
0.54637837
0.26818977
0.44484244
0.57825287
0.12515972
0.49977154
0.22270298
0.20192179
0.21874046
0.13054526
0.32906759
0.28564577
0.05489993
0.43116610
0.25989828
0.30733909
0.20984035
0.37838511
0.16581941
0.22045753
0.39301052
0.17887247
0.27154287
0.76462257
0.07612644
0.37985733
0.27807304
0.47173789
0.84942807
0.11902472
0.08195954
0.11754708
0.14391028
0.18555945
0.24938884
0.51953279
0.72287844
0.58819865
0.10122626
0.27819130
0.65365856
0.41473911
0.25369557
0.10980539
0.11524340
0.53281972
0.16879028
0.06972489
0.42149427
0.47870133
0.19422919
0.37006623
0.16192951
0.07117295
0.53495626
0.34097194
0.16223276
0.40596849
0.39618501
0.09013260
0.27245280
0.37731069
0.70951942
0.33325649
0.19468540
0.18418802
0.44167994
0.14697101
0.13984755
0.28372065
0.25279391
0.09252246
0.24298895
0.45340085
0.11418302
0.11214836
0.18041138
0.07321372
0.35610131
0.07176009
0.51474853
0.27191860
0.10745905
0.30263668
0.48599952
0.62963918
0.20929917
0.35517107
0.35640586
0.22232403
0.36799198
0.40558016
0.08032572
0.17540915
0.78594740
0.23271639
0.07201951
0.53288654
0.27596208
0.08607084
0.11687826
0.65171530
0.26632546
0.22564473
0.53085889
0.21361588
0.48119430
0.23149001
0.29611982
0.25654958
0.29833254
0.47182681
0.53517532
0.10083268
0.13188182
0.40382590
0.30801358
0.09826040
0.28873361
0.21147172
0.29286471
0.13350243
0.45375679
0.15226199
0.09148840
0.09872843
0.07997700
0.57874018
0.34499500
0.23868873
0.52579674
0.45580246
0.29135441
0.15319947
0.31181923
0.14975628
0.11371722
0.35311710
0.38567878
0.17846762
0.21687963
0.33912145
0.34030105
0.11001956
0.32240616
0.09675689
0.35947052
0.45953437
0.41806800
0.57040962
0.19624608
0.35065674
0.21333836
0.21225031
0.47154526
0.16187014
0.10942226
0.65210672
0.09197533
0.84218467
0.12004985
0.14857115
0.72510537
0.08286837
0.30150833
0.48827047
0.20327230
0.07727842
0.09638168
0.17807589
0.46359693
0.24849975
0.48299644
0.31811555
0.60445182
0.16365507
0.07349452
0.07346438
0.24890801
0.61206553
0.45675184
0.23800733
0.31699114
0.09634196
0.28866770
0.18274363
0.32850261
0.14026880
0.14304272
0.19957901
0.27051137
0.24853191
0.39859226
0.09268355
0.61951284
0.05945962
0.19896961
0.17131899
0.17249448
0.35476575
0.25928146
0.20329330
0.41289361
0.31974816
0.10217237
0.28248796
0.68469122
0.27720216
0.44505737
0.60907670
0.69103725
0.30018375
0.09930089
0.29794476
0.08389577
0.35394100
0.18013022
0.23912066
0.44378903
0.70470984
0.39118499
0.41842674
0.18389642
0.18734653
0.11571731
0.16334543
0.16721044
0.05289201
0.22014383
0.22396594
0.45022229
0.32069530
0.27038205
0.10825303
0.28476382
0.44394952
0.29948415
0.29758776
0.14536818
0.23558677
0.43385139
0.23199367
0.38890298
0.81030318
0.38296460
0.17992370
0.55531487
0.23260112
0.08312754
0.45661526
0.72498046
0.19333813
0.41072392
0.63594586
0.56621976
0.11563240
0.33300507
0.21020067
0.12732289
0.12270282
0.14408821
0.50281276
0.10716095
0.20917424
0.84658565
0.34931709
0.48209003
0.49852186
0.12838638
0.31324286
0.23028624
0.07817109
0.08880829
0.20170047
0.19508598
0.48662152
0.29185229
0.62198775
0.52108184
0.21727678
0.24222371
0.25795780
0.16070894
0.13378704
0.39905419
0.28440019
0.23439559
0.33195872
0.23033580
0.62851267
0.16911089
0.63547449
0.23853573
0.33089510
0.07262790
0.08108695
0.71026483
0.33924314
0.07655690
0.42774087
0.10812064
0.11693719
0.09314009
0.30906270
0.65865282
0.39163679
0.20160264
0.42255680
0.28571723
0.10312056
0.52592830
0.41434405
0.49259997
0.24606218
0.32191463
0.15262545
0.10527702
0.41706768
0.20227966
0.24877573
0.46642761
0.08726691
0.13200932
0.58822935
0.36912813
0.21580408
0.10143383
0.46678188
0.17044133
0.11685892
0.14518719
0.19694270
0.39485834
0.10227258
0.40439780
0.24096923
0.41973940
0.68460653
0.32036260
0.12431149
0.16257383
0.60989505
0.49526953
0.06432597
0.34907088
0.08747112
0.37891466
0.41503015
0.63096673
0.31523702
0.21001548
0.49641942
0.68013617
0.07575327
0.19161194
0.15830690
0.52567262
0.08953329
0.45234625
0.17601837
0.11124781
0.15196791
0.09760035
0.43166018
0.10439294
0.10086836
0.25081644
0.07738122
0.32799074
0.15469944
0.50420329
0.30534086
0.56490875
0.11270369
0.45493493
0.06295976
0.49380420
0.33765144
0.45305604
0.70175686
0.48267645
0.16362302
0.17274015
0.26555241
0.30455640
0.07262778
0.36821686
0.47957979
0.17942602
0.32462300
0.11972679
0.26857218
0.26841721
0.17005298
0.43287870
0.38451563
0.17229292
0.45760087
0.37764213
0.06801835
0.26191307
0.22004816
0.10452837
0.36109080
0.28492353
0.27220630
0.08160345
0.62142327
0.51210666
0.09224076
0.11367829
0.38465408
0.58080790
0.65448165
0.37388154
0.22707516
0.33577895
0.15005243
0.11432336
0.20052574
0.51576390
0.16699233
0.70990924
0.27821744
0.37504424
0.25680034
0.21251114
0.10271679
0.65216812
0.50039111
0.32807127
0.22523498
0.18013184
0.20415741
0.12034176
0.15354322
0.23474958
0.59226445
0.48126603
0.30368311
0.10884271
0.40134804
0.19882032
0.13835386
0.11460936
0.30437137
0.56924437
0.13137633
0.07048650
0.09052954
0.15262768
0.50341344
0.15303238
0.12373841
0.10777357
0.32806177
0.31779715
0.20171339
0.59674743
0.51075242
0.29771319
0.11710939
0.17962668
0.30166117
0.45438005
0.43748220
0.12831605
0.47835373
0.31101981
0.10328874
0.07325549
0.32228339
