# NTRAJ	1000
0.66374584
0.28316780
0.48558462
0.85521731
0.38668191
0.56098610
0.55634769
0.20443308
0.76754204
0.67226174
0.42095064
0.14909289
0.72509311
0.77877981
0.56777775
0.36754721
0.11039689
0.65838912
0.65345615
0.31983604
0.35348019
0.49013683
0.12332244
0.30607663
0.55098288
0.83731717
0.18967018
0.22358939
0.65553895
0.43059772
0.25966172
0.29056217
0.25299553
0.14340629
0.81879926
0.22250941
0.14398457
0.18036478
0.42705512
0.44825004
0.90281745
0.40745032
0.65092117
0.39654955
0.29092699
0.22481223
0.39078210
0.29770306
0.16511719
0.46021776
0.41018173
0.18402067
0.20363965
0.42818972
0.31561489
0.59084230
0.77782463
0.65516182
0.40748788
0.22297832
0.68886658
0.21809297
0.33942663
0.71080390
0.19810928
0.48623652
0.26195016
0.47261686
0.68420027
0.26108936
0.24977741
0.82791065
0.33503203
0.17713517
0.21542921
0.26656198
0.19847983
0.60581891
0.74334166
0.11359065
0.44050539
0.21146203
0.23749945
0.26999994
0.54281265
0.30418820
0.60677116
0.19780984
0.55185008
0.72987991
0.63259990
0.12528838
0.81165436
0.23231563
0.41938826
0.30093867
0.51272312
0.59040953
0.35760031
0.13786105
0.34300111
0.18694315
0.39548195
0.66445351
0.14328184
0.13514155
0.31713748
0.59440475
0.33249228
0.19387989
0.53613105
0.26552050
0.28471892
0.48675861
0.45843836
0.43592358
0.21615403
0.71553559
0.41968115
0.85360964
0.35797100
0.35158705
0.17262328
0.24889686
0.39845433
0.81395168
0.30341637
0.28557060
0.59111651
0.49471960
0.35813936
0.64735087
0.16610824
0.82925455
0.80957488
0.17320640
0.50605647
0.43035835
0.36112677
0.69344348
0.45730072
0.32375611
0.65246383
0.37739364
0.29329534
0.25284640
0.45697034
0.16579651
0.85566164
0.85393080
0.23433996
0.37901330
0.13754920
0.20947551
0.18255679
0.55054039
0.28403552
0.24581173
0.50870613
0.46535837
0.62995763
0.88246123
0.74467331
0.85213607
0.85834012
0.72555852
0.16874426
0.35111847
0.18756389
0.32668420
0.19562721
0.36506345
0.23751814
0.16381482
0.44818069
0.22908555
0.33215513
0.74858400
0.18519508
0.56626607
0.40638760
0.14398367
0.53791535
0.58370213
0.20572053
0.17547025
0.17819751
0.32215879
0.19450431
0.34837164
0.45128036
0.33599532
0.17876440
0.35805513
0.12901476
0.34712263
0.20954753
0.23473092
0.49136020
0.40913673
0.48699287
0.28300215
0.46302306
0.62924911
0.22371094
0.16941322
0.37616908
0.76470507
0.64560624
0.41436142
0.71544699
0.57658494
0.47892038
0.27261493
0.22622434
0.23921146
0.29373508
0.77415217
0.51119065
0.31624893
0.68388991
0.67553967
0.28717874
0.37798615
0.62425466
0.35147489
0.17441163
0.16549171
0.30097895
0.22055766
0.44876380
0.78076655
0.36168362
0.19355110
0.45079527
0.18443909
0.63635122
0.41771237
0.42965845
0.56502426
0.26422068
0.78972294
0.53491826
0.37339272
0.51704119
0.39536731
0.14732836
0.31666137
0.27515982
0.61719435
0.62373559
0.37163803
0.33611603
0.16315403
0.15264162
0.28175605
0.59844011
0.36276613
0.15533557
0.19200343
0.17187914
0.76073174
0.48838960
0.18635901
0.45394293
0.15442469
0.12572246
0.77689566
0.74231317
0.73145619
0.18494382
0.59248750
0.45108267
0.37842263
0.15814881
0.77857635
0.36754662
0.34007635
0.58307898
0.38857833
0.50534080
0.83142504
0.55131720
0.82977619
0.24968411
0.38787207
0.23694118
0.58927823
0.26947369
0.40626952
0.25803933
0.34806278
0.17063895
0.56113577
0.21126365
0.66566554
0.59659326
0.19121099
0.31480723
0.06994259
0.22450153
0.59043325
0.66357619
0.49892963
0.17308966
0.58391555
0.23973815
0.61738949
0.29145615
0.13884054
0.78615525
0.17622804
0.83845601
0.38041793
0.34082681
0.73362223
0.23827861
0.18115193
0.21798512
0.17492475
0.71548356
0.58636009
0.17050146
0.21175114
0.22072544
0.44149806
0.76795542
0.25451400
0.47029902
0.16821833
0.28968709
0.45052077
0.39052313
0.29399917
0.42066629
0.32124711
0.28337058
0.31890885
0.60655902
0.46139118
0.20761537
0.15189339
0.22254357
0.44797275
0.16838607
0.50097616
0.28838238
0.19803932
0.28076911
0.46921565
0.40818102
0.19159156
0.22368040
0.90945920
0.15746729
0.34997012
0.53251746
0.17637797
0.64490720
0.72350437
0.29823934
0.33886998
0.44553166
0.60699290
0.21849612
0.39366675
0.21681636
0.73961876
0.54306636
0.52643900
0.31077580
0.82674053
0.20320002
0.46686597
0.18901491
0.60764507
0.42079228
0.44185768
0.19446548
0.78798740
0.72271746
0.77679199
0.17743331
0.43671487
0.16844941
0.76902843
0.14023787
0.63098506
0.50800285
0.20042515
0.17529216
0.77512163
0.15785300
0.46443083
0.72851461
0.43494023
0.20347703
0.84876658
0.28131317
0.67678778
0.24319514
0.26140601
0.74008604
0.48508677
0.19326644
0.84186550
0.54526725
0.34226819
0.64088900
0.28321357
0.74685909
0.65689807
0.27542818
0.32011401
0.59672388
0.30862774
0.91166668
0.54775842
0.54400177
0.24466475
0.43660920
0.73580864
0.46228271
0.77155402
0.68777728
0.68557863
0.16007449
0.39320049
0.21515873
0.52689444
0.47553198
0.21641039
0.16756220
0.58630121
0.24683279
0.77136005
0.15352620
0.14926803
0.63441062
0.78697813
0.19033089
0.14263226
0.79560414
0.57623172
0.72056718
0.33609696
0.29451846
0.45724775
0.59942757
0.39293266
0.28430919
0.37208179
0.79646829
0.19434450
0.65469905
0.31310744
0.16394192
0.86620647
0.36633031
0.53788869
0.70127569
0.74702305
0.25363342
0.38785488
0.87989140
0.59881935
0.86098630
0.26958677
0.42913935
0.18862669
0.43180316
0.81553556
0.20234924
0.50748176
0.69329395
0.79143189
0.19230403
0.17801914
0.33537162
0.15904071
0.37528421
0.32436242
0.76817871
0.33766682
0.63771193
0.69308484
0.21564313
0.13090944
0.29398566
0.33315649
0.20364704
0.55118740
0.18347514
0.30055248
0.59035787
0.44658208
0.17028667
0.78808029
0.13989566
0.09566411
0.62227623
0.37526634
0.26890818
0.09862981
0.12786655
0.63115892
0.71060515
0.63387035
0.47691013
0.37463866
0.27740079
0.50038266
0.46635641
0.61730020
0.17413934
0.19786449
0.23666150
0.70102056
0.37326816
0.90469888
0.31966497
0.09861527
0.16485732
0.14552666
0.86859698
0.50676138
0.28357533
0.22577794
0.40859320
0.35252325
0.68569067
0.54384167
0.20406229
0.73541278
0.61473471
0.72307067
0.25391229
0.33200711
0.45915203
0.18753730
0.59943004
0.21882938
0.38070577
0.26410287
0.12890648
0.63424491
0.33821588
0.38078845
0.48443283
0.22980224
0.55268314
0.91106440
0.17900308
0.82916529
0.16324041
0.37016882
0.85912171
0.53860330
0.65797200
0.33089987
0.29724371
0.35645014
0.12879443
0.73627455
0.74994250
0.35892217
0.16099381
0.20782820
0.88739065
0.40072425
0.43458321
0.22720730
0.43504280
0.75567390
0.28428710
0.15327808
0.55795399
0.76347582
0.52201173
0.35393456
0.78965895
0.15115482
0.34741596
0.49649287
0.26843305
0.56913947
0.68107053
0.40495708
0.11611926
0.59596422
0.34024778
0.41572675
0.18547946
0.25617173
0.92121545
0.48953265
0.15974376
0.79414289
0.18971477
0.35291698
0.22821648
0.32233791
0.44812282
0.62217004
0.53592442
0.30812360
0.58510288
0.62110102
0.65523563
0.31142316
0.27010441
0.47388934
0.53431438
0.70889188
0.14067104
0.26902135
0.67120634
0.21984391
0.71094977
0.27583116
0.32229292
0.17768571
0.93641055
0.38872939
0.15752724
0.32152921
0.38580307
0.19376615
0.40698341
0.62197091
0.31318161
0.19372042
0.86001714
0.44141886
0.33543003
0.28355304
0.48836501
0.16810900
0.49980959
0.71208494
0.47060540
0.44766784
0.34802819
0.13056883
0.67539846
0.15710324
0.50833148
0.43864700
0.23870373
0.47345814
0.23693821
0.54421741
0.24182042
0.13820308
0.69283989
0.72424484
0.16241759
0.24507271
0.51285890
0.59129433
0.13723754
0.22008126
0.55042367
0.25952162
0.26064018
0.87220257
0.30088487
0.24550000
0.28061593
0.12791646
0.10578333
0.30979461
0.86761247
0.50468399
0.53644546
0.37908204
0.33232783
0.39769863
0.79694248
0.47053847
0.56034868
0.50681520
0.26942031
0.25577233
0.20017876
0.60181568
0.26992422
0.90157800
0.31152822
0.23960338
0.90543286
0.08704532
0.46735322
0.56049091
0.17891829
0.20799596
0.52850311
0.30481481
0.46897654
0.29240617
0.24591461
0.28212362
0.62119622
0.17267683
0.44382252
0.44451871
0.23858207
0.51622795
0.43202895
0.18136017
0.20924284
0.20946350
0.17416586
0.22401625
0.62634122
0.22165240
0.39637348
0.56438798
0.33355952
0.26412454
0.46431746
0.16857248
0.73730734
0.16986917
0.51467392
0.22242107
0.59444210
0.30345837
0.18904334
0.59544433
0.24469809
0.86469395
0.26239116
0.32202497
0.76154860
0.44632748
0.60707472
0.81876504
0.82972306
0.42117278
0.14156628
0.16525013
0.19384135
0.25552039
0.15204343
0.60707674
0.65221612
0.69467411
0.42147276
0.17061890
0.20462738
0.59498442
0.35075974
0.68230357
0.25906615
0.15449400
0.20179112
0.60056744
0.71237861
0.38057866
0.32478859
0.16698688
0.51689038
0.27146689
0.32523605
0.47019986
0.21770499
0.37159268
0.78846913
0.22734273
0.08330269
0.85883427
0.15338840
0.20328555
0.74321686
0.81251880
0.20903957
0.74758263
0.79980471
0.17102299
0.27993091
0.84506091
0.54411457
0.16525839
0.24727791
0.16844052
0.24970235
0.59120258
0.14376096
0.12178168
0.67421577
0.25818016
0.80940894
0.35614412
0.39891702
0.37876944
0.43458816
0.33660225
0.49871598
0.34733820
0.65148133
0.32345587
0.57387019
0.65399601
0.35197990
0.83584047
0.57429736
0.46730731
0.38477458
0.52847683
0.29031588
0.54576409
0.59430065
0.21911908
0.46817342
0.73109493
0.19170987
0.71173262
0.17462496
0.72458567
0.20604363
0.30407445
0.20697056
0.26105943
0.80829910
0.82287490
0.26781003
0.79061650
0.61554387
0.39427422
0.67858943
0.21703703
0.69994023
0.67019003
0.36693982
0.47225561
0.73770037
0.28437992
0.20834912
0.46404075
0.51076822
0.26079477
0.41947700
0.14198592
0.46165912
0.61833487
0.23193223
0.11273960
0.32070188
0.41198000
0.48435892
0.69641219
0.52200207
0.77518103
0.47954993
0.35402784
0.15024943
0.59121186
0.14550388
0.59542651
0.75420285
0.58678019
0.58270373
0.50245354
0.82595501
0.89821078
0.34848035
0.22422208
0.21227150
0.68692372
0.67111549
0.37393186
0.29562477
0.17995124
0.71204717
0.39972767
0.91288856
0.28062678
0.60965948
0.66744939
0.44442719
0.34667188
0.50187978
0.13790180
0.83742425
0.22653578
0.46507181
0.31648970
0.20573365
0.56674165
0.21707607
0.47536587
0.26175748
0.22407570
0.29547181
0.51497250
0.08893190
0.25050365
0.74598158
0.50427879
0.32718647
0.46391688
0.56343201
0.60026503
0.37693674
0.42619734
0.59088724
0.86644626
0.67796560
0.38153549
0.22792034
0.33552628
0.76408098
0.43401907
0.20421332
0.54952468
0.51651738
0.52192930
0.72127850
0.64206266
0.65933740
0.34399561
0.32042042
0.08613917
0.37475261
0.80740200
0.68612307
0.34232068
0.36100297
0.53818947
0.18332644
0.21057358
0.22769783
0.20438692
0.34976901
0.73796171
0.83434678
0.25498099
0.53407133
0.43390733
0.69466890
0.56307573
0.18586607
0.66644462
0.38514705
0.37454552
0.12059619
0.66353626
0.71880673
0.34205939
0.43291096
0.21594086
0.34941873
0.47767448
0.46932018
0.48043209
0.68117505
0.06577235
0.72827092
0.27534216
0.34160737
0.36018874
0.34917077
0.19537155
0.21980810
0.47877617
0.62683720
0.29633950
0.31402672
0.43890623
0.46085242
0.18841619
0.38957386
0.13416659
0.74404646
0.20408362
0.35346077
0.25404437
0.36149342
0.60297685
0.20346712
0.16332511
0.13750643
0.40901796
0.21348882
0.36654732
0.80664333
0.38200581
0.42115407
0.29598024
0.36785245
0.37289083
0.42181065
0.56068257
0.34921524
0.83486249
0.52606710
0.43515996
0.26261756
0.20627354
