# NTRAJ	1000
0.00030954
0.00103293
0.00030954
0.00030954
0.00030954
0.00030954
0.00030954
0.00030954
0.00030954
0.00030954
0.00030954
0.00030954
0.00030954
0.00030954
0.00030954
0.00030954
0.00030954
0.00030954
0.00699295
0.00030954
0.00030954
0.00030954
0.00030954
0.00030954
0.00030954
0.00030954
0.00030954
0.00030954
0.00030954
0.00030954
0.00030954
0.00030954
0.00030954
0.00030954
0.00030954
0.00030954
0.00030954
0.00030954
0.00030954
0.00030954
0.00000256
0.00030954
0.00030954
0.00415117
0.00030954
0.00030954
0.00030954
0.00030954
0.00030954
0.00396388
0.00030954
0.00030954
0.00030954
0.00030954
0.00030954
0.00030954
0.00030954
0.00030954
0.00030954
0.00030954
0.00030954
0.00030954
0.00030954
0.00030954
0.00030954
0.00030954
0.00030954
0.00030954
0.00030954
0.00014192
0.00173672
0.00030954
0.00030954
0.00030954
0.00030954
0.00030954
0.00030954
0.00030954
0.00030954
0.00030954
0.00030954
0.00030954
0.00030954
0.00030954
0.00747797
0.00030954
0.00030954
0.00030954
0.00030954
0.00030954
0.00030954
0.00030954
0.00030954
0.00030954
0.00030954
0.00030954
0.00030954
0.00030954
0.00030954
0.00030954
0.00030954
0.00030954
0.00584353
0.00030954
0.00030954
0.00300503
0.00030954
0.00030954
0.00333961
0.00030954
0.00030954
0.00030954
0.00030954
0.00030954
0.00778829
0.00030954
0.00030954
0.00030954
0.00369035
0.00030954
0.00589883
0.00030954
0.00030954
0.00030954
0.00030954
0.00030954
0.00030954
0.00030954
0.00747797
0.00030954
0.00030954
0.00030954
0.00030954
0.00030954
0.00030954
0.00242202
0.00030954
0.00030954
0.00030954
0.00030954
0.00030954
0.00030954
0.00030954
0.00030954
0.00030954
0.00030954
0.00030954
0.00023877
0.00030954
0.00030954
0.00030954
0.00823193
0.00030954
0.00030954
0.00030954
0.00030954
0.00030954
0.00030954
0.00030954
0.00030954
0.00030954
0.00030954
0.00030954
0.00030954
0.00030954
0.00030954
0.00030954
0.00030954
0.00161255
0.00030954
0.00030954
0.00030954
0.00030954
0.00030954
0.00378053
0.00030954
0.00030954
0.00030954
0.00030954
0.00030954
0.00030954
0.00030954
0.00030954
0.00030954
0.00030954
0.00030954
0.00030954
0.00030954
0.00030954
0.00030954
0.00030954
0.00030954
0.00030954
0.00030954
0.00030954
0.00030954
0.00030954
0.00030954
0.00030954
0.00030954
0.00030954
0.00030954
0.00030954
0.00030954
0.00030954
0.00030954
0.00030954
0.00030954
0.00030954
0.00030954
0.00573364
0.00634949
0.00030954
0.00030954
0.00030954
0.00030954
0.00030954
0.00030954
0.00002291
0.00030954
0.00030954
0.00030954
0.00030954
0.00030954
0.00030954
0.00030954
0.00030954
0.00030954
0.00030954
0.00030954
0.00030954
0.00030954
0.00030954
0.00030954
0.00030954
0.00030954
0.00030954
0.00030954
0.00030954
0.00030954
0.00030954
0.00030954
0.00030954
0.00030954
0.00030954
0.00030954
0.00030954
0.00623545
0.00082236
0.00030954
0.00030954
0.00030954
0.00810409
0.00030954
0.00030954
0.00030954
0.00030954
0.00030954
0.00030954
0.00030954
0.00030954
0.00030954
0.00030954
0.00030954
0.00030954
0.00030954
0.00030954
0.00382599
0.00030954
0.00238523
0.00030954
0.00030954
0.00030954
0.00557054
0.00030954
0.00203190
0.00006339
0.00030954
0.00030954
0.00030954
0.00030954
0.00030954
0.00030954
0.00030954
0.00030954
0.00030954
0.00030954
0.00030954
0.00030954
0.00030954
0.00030954
0.00030954
0.00030954
0.00030954
0.00030954
0.00030954
0.00030954
0.00030954
0.00030954
0.00030954
0.00030954
0.00134918
0.00030954
0.00030954
0.00364563
0.00030954
0.00030954
0.00030954
0.00488822
0.00030954
0.00030954
0.00030954
0.00030954
0.00030954
0.00030954
0.00499059
0.00030954
0.00030954
0.00030954
0.00030954
0.00030954
0.00030954
0.00030954
0.00030954
0.00030954
0.00000256
0.00030954
0.00030954
0.00030954
0.00030954
0.00030954
0.00047106
0.00030954
0.00030954
0.00030954
0.00030954
0.00030954
0.00030954
0.00030954
0.00030954
0.00030954
0.00054098
0.00030954
0.00030954
0.00030954
0.00030954
0.00030954
0.00030954
0.00829617
0.00030954
0.00030954
0.00030954
0.00030954
0.00030954
0.00030954
0.00030954
0.00030954
0.00030954
0.00030954
0.00030954
0.00030954
0.00030954
0.00030954
0.00030954
0.00006986
0.00030954
0.00030954
0.00030954
0.00030954
0.00220526
0.00030954
0.00030954
0.00030954
0.00030954
0.00030954
0.00030954
0.00030954
0.00030954
0.00030954
0.00030954
0.00030954
0.00030954
0.00030954
0.00030954
0.00030954
0.00030954
0.00675580
0.00030954
0.00705280
0.00030954
0.00419861
0.00030954
0.00030954
0.00504213
0.00030954
0.00030954
0.00030954
0.00030954
0.00040585
0.00030954
0.00030954
0.00030954
0.00030954
0.00186522
0.00030954
0.00030954
0.00260987
0.00030954
0.00030954
0.00030954
0.00030954
0.00030954
0.00030954
0.00030954
0.00785101
0.00030954
0.00030954
0.00030954
0.00030954
0.00663858
0.00030954
0.00030954
0.00030954
0.00004587
0.00030954
0.00030954
0.00030954
0.00030954
0.00030954
0.00030954
0.00030954
0.00030954
0.00030954
0.00030954
0.00030954
0.00030954
0.00030954
0.00030954
0.00030954
0.00030954
0.00030954
0.00030954
0.00030954
0.00030954
0.00030954
0.00030954
0.00030954
0.00030954
0.00030954
0.00364563
0.00030954
0.00040585
0.00288378
0.00030954
0.00030954
0.00030954
0.00030954
0.00030954
0.00030954
0.00030954
0.00030954
0.00030954
0.00030954
0.00030954
0.00030954
0.00030954
0.00030954
0.00030954
0.00030954
0.00747797
0.00030954
0.00030954
0.00030954
0.00030954
0.00030954
0.00071536
0.00030954
0.00030954
0.00030954
0.00030954
0.00030954
0.00030954
0.00030954
0.00030954
0.00030954
0.00193109
0.00030954
0.00030954
0.00030954
0.00030954
0.00030954
0.00741656
0.00030954
0.00030954
0.00030954
0.00030954
0.00030954
0.00030954
0.00030954
0.00030954
0.00030954
0.00082236
0.00030954
0.00030954
0.00030954
0.00030954
0.00030954
0.00126635
0.00030954
0.00030954
0.00321224
0.00030954
0.00030954
0.00030954
0.00030954
0.00030954
0.00030954
0.00030954
0.00030954
0.00030954
0.00030954
0.00030954
0.00030954
0.00030954
0.00030954
0.00030954
0.00030954
0.00030954
0.00030954
0.00030954
0.00030954
0.00030954
0.00030954
0.00030954
0.00030954
0.00030954
0.00030954
0.00030954
0.00030954
0.00030954
0.00030954
0.00030954
0.00030954
0.00020375
0.00030954
0.00030954
0.00155211
0.00030954
0.00030954
0.00030954
0.00030954
0.00030954
0.00030954
0.00030954
0.00030954
0.00030954
0.00030954
0.00030954
0.00030954
0.00030954
0.00146349
0.00030954
0.00030954
0.00030954
0.00030954
0.00030954
0.00030954
0.00030954
0.00640685
0.00030954
0.00030954
0.00030954
0.00030954
0.00030954
0.00030954
0.00030954
0.00030954
0.00030954
0.00030954
0.00030954
0.00030954
0.00030954
0.00030954
0.00030954
0.00030954
0.00042171
0.00030954
0.00030954
0.00016131
0.00030954
0.00030954
0.00030954
0.00030954
0.00030954
0.00030954
0.00001291
0.00030954
0.00030954
0.00030954
0.00030954
0.00030954
0.00030954
0.00030954
0.00030954
0.00030954
0.00030954
0.00030954
0.00030954
0.00030954
0.00030954
0.00030954
0.00030954
0.00509391
0.00013269
0.00030954
0.00030954
0.00030954
0.00030954
0.00030954
0.00155211
0.00030954
0.00030954
0.00030954
0.00096019
0.00030954
0.00030954
0.00030954
0.00329690
0.00030954
0.00030954
0.00030954
0.00088999
0.00030954
0.00030954
0.00030954
0.00030954
0.00030954
0.00030954
0.00030954
0.00030954
0.00030954
0.00030954
0.00030954
0.00030954
0.00030954
0.00030954
0.00030954
0.00030954
0.00030954
0.00030954
0.00030954
0.00030954
0.00030954
0.00030954
0.00030954
0.00030954
0.00030954
0.00030954
0.00030954
0.00030954
0.00030954
0.00030954
0.00009110
0.00030954
0.00030954
0.00030954
0.00030954
0.00030954
0.00030954
0.00030954
0.00030954
0.00862063
0.00030954
0.00804049
0.00030954
0.00669708
0.00033100
0.00030954
0.00321224
0.00030954
0.00030954
0.00030954
0.00030954
0.00030954
0.00030954
0.00030954
0.00030954
0.00030954
0.00030954
0.00030954
0.00030954
0.00030954
0.00030954
0.00030954
0.00030954
0.00030954
0.00030954
0.00030954
0.00030954
0.00030954
0.00030954
0.00030954
0.00030954
0.00030954
0.00030954
0.00030954
0.00030954
0.00030954
0.00030954
0.00030954
0.00030954
0.00030954
0.00030954
0.00030954
0.00030954
0.00030954
0.00030954
0.00030954
0.00030954
0.00030954
0.00030954
0.00030954
0.00030954
0.00030954
0.00030954
0.00030954
0.00006339
0.00030954
0.00030954
0.00030954
0.00030954
0.00030954
0.00030954
0.00030954
0.00030954
0.00030954
0.00030954
0.00030954
0.00030954
0.00030954
0.00030954
0.00030954
0.00030954
0.00069483
0.00030954
0.00030954
0.00030954
0.00030954
0.00030954
0.00030954
0.00030954
0.00030954
0.00030954
0.00030954
0.00030954
0.00030954
0.00797712
0.00030954
0.00123930
0.00640685
0.00030954
0.00030954
0.00030954
0.00000000
0.00030954
0.00504213
0.00030954
0.00037502
0.00030954
0.00030954
0.00027650
0.00030954
0.00030954
0.00030954
0.00030954
0.00030954
0.00030954
0.00030954
0.00030954
0.00030954
0.00030954
0.00030954
0.00030954
0.00030954
0.00071536
0.00030954
0.00030954
0.00030954
0.00030954
0.00030954
0.00030954
0.00260987
0.00030954
0.00030954
0.00030954
0.00030954
0.00008371
0.00030954
0.00030954
0.00030954
0.00030954
0.00030954
0.00530339
0.00030954
0.00023877
0.00030954
0.00030954
0.00030954
0.00030954
0.00011513
0.00030954
0.00030954
0.00030954
0.00030954
0.00030954
0.00030954
0.00088999
0.00030954
0.00030954
0.00030954
0.00030954
0.00030954
0.00836063
0.00030954
0.00030954
0.00030954
0.00030954
0.00030954
0.00030954
0.00030954
0.00030954
0.00030954
0.00030954
0.00030954
0.00030954
0.00030954
0.00030954
0.00030954
0.00146349
0.00030954
0.00030954
0.00030954
0.00030954
0.00030954
0.00030954
0.00030954
0.00030954
0.00030954
0.00030954
0.00030954
0.00030954
0.00030954
0.00030954
0.00030954
0.00030954
0.00030954
0.00030954
0.00030954
0.00000256
0.00030954
0.00030954
0.00030954
0.00030954
0.00030954
0.00030954
0.00030954
0.00030954
0.00030954
0.00030954
0.00030954
0.00030954
0.00030954
0.00030954
0.00030954
0.00030954
0.00030954
0.00030954
0.00424629
0.00030954
0.00030954
0.00030954
0.00030954
0.00030954
0.00030954
0.00030954
0.00003116
0.00030954
0.00030954
0.00030954
0.00030954
0.00030954
0.00030954
0.00030954
0.00030954
0.00030954
0.00030954
0.00030954
0.00030954
0.00217005
0.00030954
0.00030954
0.00030954
0.00030954
0.00030954
0.00030954
0.00030954
0.00030954
0.00030954
0.00030954
0.00030954
0.00030954
0.00000782
0.00030954
0.00030954
0.00030954
0.00030954
0.00030954
0.00103293
0.00030954
0.00030954
0.00030954
0.00030954
0.00030954
0.00030954
0.00030954
0.00030954
0.00030954
0.00030954
0.00030954
0.00108284
0.00030954
0.00005724
0.00030954
0.00030954
0.00030954
0.00030954
0.00030954
0.00030954
0.00351297
0.00030954
0.00030954
0.00030954
0.00030954
0.00030954
0.00030954
0.00065462
0.00030954
0.00231245
0.00030954
0.00030954
0.00030954
0.00030954
0.00030954
0.00030954
0.00030954
0.00030954
0.00030954
0.00030954
0.00030954
0.00030954
0.00030954
0.00030954
0.00030954
0.00030954
0.00030954
0.00001291
0.00364563
0.00030954
0.00030954
0.00030954
0.00030954
0.00030954
0.00030954
0.00030954
0.00030954
0.00030954
0.00030954
0.00030954
0.00030954
0.00030954
0.00030954
0.00030954
0.00030954
0.00030954
0.00030954
0.00030954
0.00110822
0.00030954
0.00030954
0.00030954
0.00105775
0.00015147
0.00030954
0.00030954
0.00030954
0.00052306
0.00030954
0.00030954
0.00030954
0.00030954
