# NTRAJ	1000
0.10977056
0.10261994
0.15354303
0.14811840
0.07277859
0.02670891
0.01298592
0.08653418
0.15724710
0.15147915
0.00007624
0.00421150
0.00338180
0.11375649
0.12097417
0.07317394
0.01948619
0.12724479
0.02538075
0.09687186
0.04441570
0.15838117
0.03436283
0.09994175
0.13986667
0.14190665
0.01396494
0.08328617
0.00001810
0.11101033
0.06996028
0.02852773
0.01634907
0.12575288
0.12455129
0.00835394
0.00935402
0.00011090
0.01727876
0.00316520
0.10714023
0.04843257
0.16754446
0.07874779
0.03350873
0.04375858
0.08809970
0.00036315
0.03187359
0.06902820
0.04395122
0.08606897
0.11260783
0.00683876
0.06705552
0.00068844
0.15414710
0.08303208
0.13431786
0.00950483
0.07429966
0.09731182
0.01505784
0.13336160
0.09281059
0.11243866
0.15679070
0.00249392
0.10098490
0.08444484
0.05215593
0.14114646
0.09794679
0.04718884
0.02281784
0.05903321
0.06041059
0.06323819
0.13981148
0.12279018
0.14965447
0.00716048
0.13863942
0.04062149
0.09837553
0.01742313
0.12534565
0.12347998
0.11247773
0.11621425
0.07980173
0.00637823
0.08440284
0.00083977
0.07251087
0.12461127
0.17173445
0.15884812
0.07539795
0.00746510
0.15235150
0.02353633
0.02383121
0.00335570
0.09617374
0.13640214
0.10130662
0.17982432
0.18363311
0.02840304
0.01579532
0.17721137
0.02893313
0.15407722
0.01351908
0.08461576
0.04807187
0.03226549
0.00050741
0.18114666
0.11800123
0.07913492
0.02465257
0.00062180
0.13896491
0.11538118
0.03385908
0.09691070
0.00113980
0.00003346
0.06195993
0.11632596
0.09864567
0.12670540
0.16899192
0.00003316
0.14091161
0.04874010
0.05897835
0.01099706
0.10111465
0.05457589
0.05053291
0.09071477
0.09899446
0.05774079
0.11133760
0.08619668
0.17828466
0.17261199
0.07157734
0.04042518
0.01089082
0.00083064
0.07421819
0.13940161
0.13746994
0.10046567
0.11222391
0.08425030
0.12329628
0.15056330
0.16258026
0.01702602
0.12075188
0.16506092
0.03911908
0.02976444
0.05572174
0.11439085
0.04307385
0.02034886
0.03640679
0.01816585
0.00126087
0.04605401
0.14394949
0.11359033
0.16142290
0.00425062
0.02451649
0.01612039
0.15005092
0.13296667
0.08335523
0.01694612
0.04717324
0.00806791
0.01381475
0.00620194
0.03190627
0.02962247
0.02753776
0.11259027
0.07878993
0.06834124
0.03747688
0.11722722
0.00412095
0.14607212
0.15315759
0.00384447
0.03306741
0.00266651
0.19388463
0.02426913
0.12315178
0.09966816
0.12099774
0.04974900
0.17807000
0.05337989
0.00005811
0.09223442
0.00535244
0.06655144
0.00006916
0.14179667
0.01718306
0.06965646
0.03022410
0.16211305
0.00525296
0.06733670
0.17400468
0.07158515
0.01425542
0.02211824
0.11825503
0.11181288
0.14290609
0.07021524
0.01151599
0.00434612
0.12181687
0.01721162
0.09804087
0.06551014
0.09511023
0.02269012
0.05613060
0.15274604
0.18135256
0.02032407
0.15214570
0.00215713
0.06193355
0.12255122
0.05498144
0.09302966
0.04911755
0.00369720
0.08626525
0.09457376
0.01899189
0.07713843
0.03976755
0.09584559
0.10591052
0.02473771
0.02568908
0.12409325
0.04391139
0.01767674
0.10072758
0.00590944
0.13698305
0.15295177
0.12750787
0.14156948
0.10604454
0.12851363
0.00124706
0.00116787
0.16233981
0.14467926
0.01321937
0.05328441
0.04840409
0.12592001
0.15161744
0.04599567
0.13422056
0.15087701
0.06531357
0.00034205
0.04066679
0.11915973
0.00548826
0.00995769
0.05451819
0.09003257
0.01321734
0.00584521
0.06724200
0.11838015
0.16156034
0.02280360
0.09230297
0.13691360
0.04795248
0.00117076
0.04629245
0.04917512
0.00185144
0.06464126
0.05496351
0.18944426
0.07688083
0.06983964
0.01731160
0.02658944
0.17940294
0.12410153
0.01820348
0.12251126
0.01277836
0.01794959
0.13349743
0.06721885
0.07046639
0.02785569
0.08586143
0.00859552
0.06678166
0.00008110
0.20133852
0.00130716
0.13312816
0.08130694
0.06181162
0.13690891
0.16515378
0.06628273
0.06936759
0.07706470
0.06235843
0.01855095
0.17175524
0.14298098
0.11131861
0.00001018
0.06041184
0.11204624
0.08538660
0.03787076
0.06095430
0.06984660
0.14580271
0.15262148
0.04814259
0.05174147
0.00679938
0.20389408
0.02573132
0.05087915
0.08600506
0.01387891
0.17191395
0.04674539
0.06742107
0.08814744
0.05159292
0.06144665
0.13566099
0.03663284
0.00292861
0.09903787
0.13460919
0.03846766
0.13343703
0.19048345
0.01185640
0.05024562
0.00156440
0.00324337
0.01756983
0.03244103
0.01342096
0.09564762
0.07576584
0.09907933
0.07849104
0.08773510
0.12795645
0.00020880
0.05815349
0.01742825
0.08232853
0.07366722
0.05084466
0.05355119
0.13040917
0.02821887
0.14264864
0.07775344
0.03141216
0.06509482
0.10493157
0.16460073
0.07157920
0.00099688
0.12856139
0.07870898
0.07161368
0.15852469
0.07422883
0.07919759
0.05052737
0.00031605
0.07787573
0.10647513
0.00127466
0.05423180
0.08517463
0.14049914
0.16737849
0.05311253
0.04561160
0.13351398
0.03000215
0.10393093
0.08503636
0.17729293
0.16336095
0.07601984
0.04104830
0.00531666
0.01481757
0.03283123
0.09066880
0.04217649
0.00330410
0.09050351
0.01139998
0.15077351
0.06134156
0.07381742
0.00098287
0.11419330
0.03340189
0.05535990
0.20197108
0.03913472
0.15714331
0.05933645
0.09342720
0.04890945
0.11149063
0.00084185
0.14241769
0.05812464
0.16629010
0.01856749
0.08898475
0.08824553
0.01316079
0.18716743
0.01155394
0.10592044
0.09718159
0.05115188
0.12069950
0.00323678
0.17880880
0.13222340
0.14766593
0.12957262
0.11977474
0.00557074
0.12967183
0.02803207
0.01224212
0.00329807
0.01960600
0.00442401
0.01476611
0.09623172
0.03999823
0.00290953
0.11910748
0.07521870
0.04616350
0.07070707
0.00504912
0.00280457
0.06998202
0.02563356
0.05945292
0.08470343
0.07520150
0.15918577
0.00140584
0.08745878
0.05602680
0.08755042
0.02078631
0.02171822
0.05106815
0.18869887
0.02733440
0.17250538
0.08656624
0.11419130
0.02151286
0.17353989
0.08536760
0.10319671
0.05142011
0.08069143
0.01815646
0.04175112
0.07090581
0.11768559
0.00312797
0.06996493
0.03391420
0.00197795
0.07492156
0.20268125
0.05873639
0.12844056
0.06063222
0.02217624
0.19420408
0.00153732
0.01781120
0.11979379
0.19770615
0.14503904
0.15043514
0.19978250
0.07451529
0.02766450
0.15389099
0.01757983
0.00275964
0.00052824
0.15164015
0.02128975
0.06245247
0.09197286
0.11286383
0.07113285
0.04284343
0.08002712
0.00924374
0.02389383
0.00843033
0.05079252
0.01588192
0.17430491
0.06358373
0.07249299
0.01179313
0.15179077
0.17555816
0.01224556
0.09224759
0.05946237
0.02909357
0.09900183
0.06786042
0.15511035
0.11763761
0.15359022
0.02154080
0.06127528
0.13947686
0.04272764
0.00292635
0.03183105
0.11253731
0.06320224
0.08347385
0.00110228
0.04132007
0.12519825
0.06753430
0.01702624
0.01997363
0.07078159
0.09250727
0.02834858
0.03160676
0.11101868
0.13295512
0.04562017
0.12219494
0.00123753
0.15709926
0.01427289
0.08440316
0.00843619
0.03077879
0.00908520
0.08000149
0.15225732
0.03269130
0.01981924
0.06134150
0.04039482
0.00809487
0.06300476
0.00181287
0.00436445
0.09935326
0.00739810
0.19892250
0.12970126
0.07039326
0.01478427
0.07331813
0.13355699
0.04009503
0.12632187
0.06243206
0.00066880
0.02528065
0.13034825
0.01343148
0.00265217
0.18342769
0.00361504
0.02397207
0.07051489
0.12136026
0.00000582
0.05489097
0.17702979
0.02030146
0.02473915
0.08382692
0.04975681
0.14105464
0.03652860
0.09518416
0.06683730
0.10748993
0.12612787
0.14650835
0.00725256
0.09525364
0.06645322
0.17797688
0.04679375
0.00449396
0.00398117
0.05253787
0.03594290
0.10295112
0.00504634
0.09814197
0.01913105
0.00000814
0.12227048
0.03751392
0.10080119
0.17643345
0.12841311
0.03453046
0.04388140
0.13487811
0.09066261
0.13751727
0.06970059
0.14745450
0.14566802
0.12735246
0.08004357
0.11536045
0.05352887
0.06048521
0.01179389
0.14578433
0.10261711
0.11434226
0.16145937
0.13512095
0.03570869
0.01016355
0.04999355
0.16890031
0.03079929
0.03158468
0.17700443
0.12012714
0.18039133
0.03741336
0.06244280
0.14752556
0.18086156
0.00265593
0.10501043
0.05594411
0.00090614
0.04406037
0.01541724
0.10804821
0.09735574
0.15606030
0.01202443
0.13992476
0.04728165
0.00223006
0.04541808
0.09149770
0.10696657
0.14967153
0.06462291
0.06950820
0.06311108
0.11254331
0.01100863
0.13491543
0.01328532
0.00003755
0.03034807
0.05265116
0.05978830
0.03692113
0.02907245
0.07085459
0.09402728
0.05957383
0.00819309
0.11023035
0.15393738
0.08117759
0.06255917
0.08645453
0.11597910
0.05385016
0.00512175
0.07532026
0.11473927
0.11484759
0.14593982
0.18707502
0.00123666
0.11395614
0.07839448
0.10600509
0.08980531
0.05019610
0.00455907
0.04550064
0.15217554
0.03675049
0.11529259
0.07697076
0.03985019
0.14961981
0.01679909
0.03124360
0.04931186
0.03283421
0.08703153
0.12611632
0.00159889
0.01680042
0.09231819
0.06796414
0.11165400
0.07982789
0.12180329
0.10937809
0.03408189
0.06378340
0.10863548
0.10188332
0.19482824
0.06236145
0.10378527
0.17192916
0.15093498
0.04338177
0.02154441
0.11748386
0.03355868
0.15607720
0.12223352
0.11870330
0.01951175
0.06284911
0.00383242
0.01378736
0.02436327
0.01918977
0.09843176
0.02305111
0.04599508
0.17286107
0.07218473
0.01752408
0.13593858
0.00441892
0.14940082
0.09096181
0.10011989
0.00469268
0.00020049
0.15100623
0.16455896
0.02955887
0.14559684
0.14832874
0.00002142
0.08412966
0.00657319
0.00830878
0.02778025
0.08925438
0.01012968
0.02934265
0.01915815
0.10517398
0.11685597
0.00024175
0.17191621
0.09347229
0.09423450
0.01136112
0.02563287
0.19642265
0.09532391
0.00023809
0.20680277
0.02015774
0.11404225
0.00186673
0.13218183
0.17511548
0.08112248
0.00114844
0.12627083
0.09509877
0.02031467
0.05774016
0.10930272
0.04480584
0.09760348
0.13734744
0.02699046
0.08878560
0.02227616
0.06463883
0.08042257
0.01755126
0.03637604
0.04555166
0.13623389
0.07367905
0.07983453
0.08407604
0.13671969
0.04048230
0.05330121
0.02585951
0.08589455
0.02642178
0.03479259
0.00046678
0.10146949
0.07240752
0.14066128
0.12018376
0.01164565
0.09786090
0.17515977
0.17210032
0.08785582
0.11472672
0.00427453
0.13538410
0.08464507
0.18881819
0.06117092
0.06816478
0.11590498
0.17319182
0.02782346
0.00112027
0.03643224
0.00803027
0.01420486
0.09010714
0.00072308
0.00649892
0.08421374
0.01775421
0.03135721
0.03970026
0.13923725
0.12107166
0.00676820
0.14085246
0.01480567
0.09385738
0.03350933
0.08360449
0.03584258
0.01544439
0.04168107
0.09884861
0.10571499
0.10139473
0.16870864
0.05802434
0.05519959
0.00617180
0.07524979
0.07632330
0.02892017
0.05942935
0.14288513
0.08959631
0.05976712
0.00183752
0.10928719
0.03502659
0.07591465
0.13019531
0.14306754
0.02246498
0.16155918
0.02398411
0.04097300
0.13088987
0.09250260
0.00010458
0.02545432
0.15717776
0.01856599
0.01146566
0.14352633
0.12563305
0.00537424
0.00952094
0.01679492
0.15226076
0.15643495
0.10639070
0.00351001
0.07622617
0.00195029
0.10146199
0.05968914
0.11528964
0.10966626
0.18603427
0.10874959
0.11625459
0.06390135
0.10261486
0.02017752
0.17327383
0.18889592
0.12159901
0.13814799
0.00371421
0.13460470
0.00136302
0.02489340
0.09748665
0.13841821
0.13269162
0.10803815
0.05727205
0.11840277
0.01727430
0.07614896
0.02324781
0.05831784
0.16571538
0.05143894
0.07552236
0.06471394
0.04486771
0.13128652
0.00150324
0.01822540
0.08036676
0.08335623
0.06269724
0.05557079
0.01960553
0.14441938
0.09033722
0.08419164
0.02936905
0.13025815
0.14383344
0.12951062
0.10390166
0.09725758
0.08021421
0.02121397
0.00046030
0.11581075
