# NTRAJ	1000
0.29196976
0.15724128
0.14544321
0.18831234
0.22325490
0.15680702
0.13156818
0.12409410
0.12598440
0.19114083
0.24616622
0.14938057
0.17799452
0.13913411
0.11588272
0.11682114
0.19130861
0.15913095
0.14486151
0.22207530
0.12910148
0.15483077
0.18900203
0.16781081
0.16282131
0.17584783
0.12237126
0.19574679
0.17820141
0.20191414
0.15604542
0.13748732
0.20433099
0.17743092
0.20731796
0.12815046
0.15894824
0.17694999
0.12137474
0.13184149
0.07214596
0.17855277
0.17363356
0.19940232
0.17083369
0.16608890
0.19544356
0.12486959
0.18638944
0.15492167
0.13427340
0.15918943
0.26505449
0.11072122
0.15384139
0.18040619
0.24034061
0.14928044
0.17892405
0.14854249
0.15146656
0.21841963
0.24389943
0.20259448
0.21008100
0.28931428
0.15204571
0.22494067
0.18334380
0.13407864
0.16088035
0.16672411
0.25563771
0.23050098
0.11962508
0.17252649
0.12365320
0.24008050
0.21427296
0.20927276
0.26153006
0.17845504
0.19127730
0.22898044
0.17947973
0.11716390
0.27211491
0.17770943
0.25245413
0.15599792
0.15735733
0.24352957
0.14128201
0.12047626
0.16762696
0.16018651
0.15116976
0.16103912
0.09597578
0.12072376
0.13910965
0.22979465
0.13057356
0.16802443
0.13393893
0.28031351
0.16110897
0.26156101
0.13669925
0.26926850
0.21925792
0.15356975
0.15452785
0.25697038
0.16814416
0.18655106
0.16379228
0.23314486
0.25650183
0.15921494
0.11416148
0.11242666
0.17269515
0.20077643
0.11218992
0.17112069
0.09575421
0.15226676
0.23550773
0.22904966
0.19534387
0.16699807
0.18477401
0.22390776
0.17177890
0.12640675
0.19371256
0.13963633
0.15420988
0.25785211
0.20907701
0.16968227
0.19354724
0.16157700
0.20307965
0.14825763
0.16858858
0.21859576
0.19283257
0.14857760
0.17528854
0.22812928
0.18445975
0.20004686
0.14375820
0.16715821
0.16978379
0.13290197
0.24262183
0.25527440
0.19772059
0.15481471
0.23729593
0.12108539
0.20930885
0.14214362
0.24474692
0.20341037
0.13428045
0.10661813
0.16143420
0.16151510
0.10469212
0.09995659
0.15981664
0.13981170
0.17549336
0.21442675
0.13612205
0.19512557
0.21107569
0.27172317
0.15989502
0.15728708
0.12921842
0.17023936
0.18259582
0.17515876
0.09728323
0.17287683
0.23188288
0.19648079
0.12742476
0.20067050
0.19726455
0.24217055
0.16804653
0.19696164
0.25448739
0.16863409
0.20265566
0.21436330
0.22677317
0.18846020
0.13466340
0.11835476
0.15087129
0.12559852
0.15759118
0.15466612
0.20929621
0.15939442
0.25480503
0.13881509
0.26883278
0.11132560
0.30122738
0.18607260
0.10553658
0.11142923
0.10084649
0.15931708
0.11384392
0.18684276
0.15272262
0.21297339
0.13099132
0.16810167
0.22016374
0.18300790
0.23865047
0.10892118
0.11524867
0.18304885
0.19890748
0.13750198
0.15310092
0.07489283
0.17350135
0.16367023
0.15716896
0.16940446
0.25708362
0.18592299
0.10184464
0.13468904
0.08306833
0.26247029
0.16545301
0.24936247
0.09849045
0.24995387
0.16584309
0.26355547
0.25471618
0.22442498
0.17776126
0.24662315
0.16270374
0.17787164
0.12979391
0.16066856
0.18073335
0.12188024
0.23647723
0.19304306
0.17250497
0.15562122
0.18732344
0.12660183
0.11146604
0.27619405
0.25159081
0.19976598
0.31976368
0.13578354
0.18333602
0.24443953
0.11562705
0.18197085
0.20665715
0.12654054
0.17132860
0.16176829
0.24335341
0.17483451
0.17494582
0.16677576
0.21532078
0.12486889
0.13788412
0.26428462
0.12522255
0.16860527
0.11577479
0.12603774
0.16216425
0.12058323
0.24608022
0.14177138
0.19732123
0.15901390
0.21530778
0.15724690
0.22596793
0.19078772
0.15542136
0.13830034
0.17960974
0.15835879
0.21243524
0.12637476
0.13279482
0.22266482
0.22756399
0.18134307
0.15373977
0.23413820
0.10818603
0.30293923
0.23890261
0.15837722
0.18887483
0.11483535
0.17231568
0.25312338
0.20188502
0.25111465
0.26122466
0.15212677
0.07789137
0.17266552
0.12944235
0.16390788
0.25006349
0.12301838
0.16122467
0.25124544
0.17476712
0.15762678
0.14716159
0.13941613
0.16118331
0.26769438
0.21645032
0.26569647
0.14033967
0.17476714
0.13706080
0.15963171
0.13062670
0.16559655
0.14562652
0.10870718
0.20134490
0.25514613
0.28741659
0.14735136
0.17146270
0.16972347
0.21930011
0.20332443
0.16956055
0.22059361
0.29125034
0.17245068
0.15094581
0.17104927
0.10144174
0.15813855
0.30359785
0.08237481
0.19115183
0.18734704
0.17191814
0.10815674
0.20210951
0.17275486
0.16005923
0.19202169
0.13835847
0.10841510
0.18001236
0.18466181
0.18478589
0.21027888
0.24753547
0.17003905
0.23319647
0.18625324
0.18098768
0.15606910
0.15510738
0.14012885
0.21634622
0.24024834
0.14162230
0.17388207
0.15491164
0.13792099
0.21971302
0.12300535
0.15056471
0.25316046
0.20083434
0.14153880
0.27760080
0.23016412
0.23250920
0.22347400
0.13751883
0.20079464
0.12979390
0.11531468
0.21829567
0.20289580
0.15797720
0.23449292
0.16946385
0.27620203
0.11861262
0.18608316
0.13728288
0.15820727
0.18596834
0.14693079
0.20710647
0.15246966
0.17741203
0.14383450
0.13206750
0.13228890
0.15514814
0.15875458
0.22990389
0.25306550
0.18257916
0.17682609
0.23811734
0.14439283
0.16951810
0.16041485
0.22378561
0.13591489
0.19067435
0.12960316
0.22627465
0.10266427
0.13474553
0.18805770
0.20048781
0.26919658
0.18070787
0.13448559
0.15572295
0.08671637
0.24443208
0.18275161
0.13863628
0.19339896
0.19821643
0.24440349
0.17161405
0.10489054
0.16181869
0.16336312
0.09230828
0.17929363
0.12305743
0.21372893
0.17825642
0.17159454
0.18322909
0.17862230
0.17370115
0.21072100
0.14957189
0.11608105
0.18158880
0.17370365
0.21620344
0.13088051
0.17936462
0.21964028
0.12587453
0.15363417
0.18109088
0.16361641
0.13282949
0.17021812
0.18059774
0.10440953
0.11303313
0.20189695
0.18934781
0.15014021
0.27839987
0.14456357
0.16099208
0.18679318
0.17167395
0.17554061
0.13075161
0.16212834
0.15504718
0.18566061
0.23060576
0.26322524
0.16107899
0.08720554
0.22497673
0.12597375
0.16495069
0.25992993
0.13369195
0.18655407
0.12620132
0.14781553
0.11575599
0.22051886
0.18079209
0.16788580
0.16129424
0.17632312
0.15791483
0.08202152
0.17294278
0.10659245
0.23118798
0.23955181
0.14246629
0.23020810
0.24119663
0.16519356
0.26639311
0.13461744
0.15826258
0.14873063
0.19701622
0.15812086
0.19433976
0.10824517
0.16201083
0.14181327
0.23146910
0.20265925
0.24369634
0.19925812
0.28138800
0.17099735
0.15382423
0.14120334
0.17393399
0.28257375
0.20507484
0.17073466
0.12575887
0.26478986
0.12879218
0.19586299
0.24924870
0.18354402
0.18774559
0.25790710
0.21418690
0.15303227
0.23286566
0.19768981
0.21169011
0.16917526
0.18227291
0.10773699
0.17379496
0.13695380
0.20867436
0.19316387
0.18293919
0.24340997
0.09980600
0.13422963
0.15906370
0.18164982
0.15554916
0.19118416
0.15363286
0.18071923
0.23197158
0.15522555
0.15768067
0.23600903
0.16808747
0.18791366
0.17813661
0.11291117
0.17086385
0.17959334
0.24005259
0.16970384
0.16693558
0.15917669
0.20619884
0.21128151
0.23936373
0.26315864
0.12819007
0.07597195
0.11823253
0.15513899
0.20263892
0.17819680
0.14173797
0.11797955
0.14951644
0.16751647
0.15770841
0.26513959
0.16379761
0.18465880
0.21793749
0.22725779
0.19150535
0.22768546
0.19855579
0.13467684
0.10994276
0.14826563
0.18877035
0.21736100
0.29711765
0.16752508
0.13689585
0.17968393
0.18746467
0.19326207
0.12556483
0.12013515
0.12614107
0.13060061
0.24885464
0.23178674
0.25228427
0.15703891
0.16064820
0.17639173
0.14451710
0.17592023
0.12258621
0.14617597
0.14217763
0.19826193
0.19476084
0.10805192
0.20509071
0.18931223
0.10410682
0.13992790
0.17000545
0.20732040
0.18084525
0.19982020
0.24000698
0.12842384
0.17590983
0.25597116
0.10290492
0.13161953
0.20828917
0.19140424
0.09329923
0.22036524
0.13007241
0.17666536
0.17063033
0.17861957
0.17236563
0.14756884
0.13517682
0.19371537
0.13501409
0.22254476
0.22065059
0.20533602
0.20210938
0.15832758
0.11169194
0.16143875
0.17553851
0.09259512
0.16232910
0.20128408
0.18848384
0.16531757
0.11381877
0.13186037
0.29969028
0.16851288
0.16142287
0.15911517
0.27041071
0.12074173
0.17181410
0.24142981
0.16703777
0.24153710
0.14370695
0.19374051
0.24165567
0.10277245
0.07875960
0.21386102
0.16297899
0.19869463
0.12876864
0.16605282
0.17293292
0.16090843
0.14910015
0.21420515
0.20420533
0.15278721
0.19093088
0.19593309
0.16766587
0.17019916
0.20272801
0.17210427
0.15558861
0.13072175
0.19220449
0.14200708
0.14579085
0.20011671
0.30874813
0.19174446
0.19863149
0.21019038
0.20602972
0.16626541
0.21412024
0.15553788
0.19644519
0.19139391
0.25278626
0.14713791
0.12858463
0.10437442
0.14290504
0.18306548
0.15778482
0.17666501
0.11443147
0.13974674
0.24221247
0.12715452
0.10639108
0.12551595
0.18246017
0.20746651
0.15750405
0.18431072
0.23801630
0.15836672
0.18297126
0.15696971
0.13575051
0.22162128
0.17404176
0.15548058
0.18301565
0.17779738
0.21594584
0.23135111
0.27022162
0.16624340
0.09078720
0.24600078
0.13494587
0.16003356
0.13955070
0.25517270
0.13274102
0.16766152
0.16071364
0.11797975
0.12803358
0.19647118
0.23331081
0.16505670
0.12627475
0.14908865
0.26452052
0.15313540
0.10427428
0.15289164
0.25351117
0.14118197
0.18967259
0.21452657
0.16361252
0.15760683
0.09035989
0.18557958
0.17473148
0.21559663
0.14193775
0.10571401
0.19721448
0.12502296
0.22186839
0.18574560
0.15638210
0.23789747
0.11582470
0.16828897
0.12407656
0.25469727
0.17689391
0.31889459
0.19589184
0.15107662
0.21227684
0.24058853
0.15740829
0.14449922
0.15406094
0.09173246
0.15545987
0.15765460
0.18043509
0.19130115
0.21215357
0.11101212
0.09774119
0.20402541
0.22436690
0.14079792
0.14057470
0.25957343
0.20736065
0.18711943
0.27508944
0.17237712
0.21237636
0.20982399
0.18685119
0.13094546
0.19442487
0.08914813
0.25257199
0.16337958
0.19478647
0.19525130
0.11722862
0.13417438
0.21123826
0.23017635
0.31303194
0.26860816
0.27930835
0.18798492
0.19897674
0.20315694
0.28511947
0.23539203
0.18184604
0.21534790
0.17265359
0.12790336
0.19468770
0.14634075
0.15577085
0.19724793
0.12849825
0.11277470
0.19318737
0.16626317
0.16677314
0.20425944
0.16261471
0.22804889
0.15394311
0.11317834
0.14970112
0.22145780
0.24518544
0.15827931
0.21047625
0.16024116
0.19603424
0.11907873
0.22539662
0.17080591
0.17980704
0.13554137
0.18015250
0.19862591
0.16861149
0.11304737
0.16013102
0.17789521
0.12903925
0.14608749
0.15861866
0.26367230
0.20108065
0.12365720
0.23764827
0.17003641
0.17274636
0.18079480
0.22223212
0.16176811
0.19666688
0.16200617
0.12369920
0.09695375
0.22360275
0.16196011
0.12746057
0.24432045
0.20453805
0.24494714
0.17167560
0.15272142
0.26869686
0.20146408
0.18717547
0.21440682
0.15945204
0.13955338
0.21596501
0.19086191
0.15003366
0.23270497
0.20530482
0.16376441
0.20988476
0.23457072
0.20119064
0.13437178
0.17033087
0.21968452
0.30615945
0.24939129
0.16810353
0.17838304
0.08592023
0.16399215
0.20692028
0.18703016
0.18277192
0.27430552
0.19535245
0.13532544
0.16125669
0.19860515
0.05775885
0.18426600
0.12893319
0.13511300
0.17307140
0.12546505
0.19251970
0.19278063
0.16249894
0.09575014
0.14407167
0.17163441
0.22271542
0.27585136
0.13676149
0.20628306
0.15706649
0.27943774
0.13155529
0.19826914
0.21376090
0.17789328
0.19397841
0.14458339
0.22800190
0.15445435
0.20037886
0.14310675
0.17370959
0.11414366
0.18560164
0.12853150
0.16166713
0.25103573
0.27800844
0.23322781
0.11098670
0.08961580
0.19396955
0.17390318
0.13908811
0.18130414
0.27132638
0.11708613
