# NTRAJ	1000
0.43221570
0.27189913
0.64567562
0.33928331
0.10561591
0.14997509
0.34071814
0.37862032
0.21260651
0.14210183
0.15811690
0.12571876
0.48259207
0.47661763
0.24314909
0.35879759
0.27757815
0.19656492
0.36800139
0.07862406
0.16212702
0.60748751
0.59148368
0.24565461
0.12229992
0.16053284
0.42212005
0.44581339
0.14383952
0.20742576
0.22623762
0.12253941
0.29528613
0.45061006
0.45702494
0.27426478
0.36242404
0.25405034
0.15724007
0.56564550
0.27252710
0.29334601
0.32938722
0.22380771
0.14119034
0.28446103
0.34445151
0.16954195
0.27624345
0.24072342
0.11390303
0.21208107
0.20551168
0.51883555
0.45898239
0.20930134
0.17836052
0.08736796
0.47766688
0.49723027
0.22451533
0.40938457
0.36011096
0.23737543
0.21261888
0.20921826
0.39781683
0.14251293
0.71350849
0.45378942
0.29195501
0.11013365
0.22904827
0.18748934
0.27671276
0.54089911
0.21790382
0.37163993
0.24068373
0.20789261
0.18200846
0.35123946
0.13585848
0.11898005
0.17959608
0.47158385
0.13988172
0.14579201
0.23030626
0.15673577
0.19239208
0.25666575
0.13409496
0.23080234
0.16214319
0.49038241
0.39390020
0.42892312
0.27491555
0.17549925
0.15733795
0.26361059
0.38543224
0.41906398
0.48732848
0.23185202
0.19418920
0.14123827
0.45042267
0.37859864
0.23472610
0.29389925
0.37572014
0.25159612
0.14014782
0.31674776
0.32379906
0.22507167
0.29780445
0.26700969
0.39374664
0.15917987
0.47486428
0.19860911
0.41552185
0.24827580
0.17548754
0.11462140
0.23026427
0.10797857
0.33586960
0.39005384
0.35124325
0.31383673
0.64869467
0.33142614
0.36415167
0.31849995
0.26661989
0.32392789
0.43883265
0.22762413
0.29984601
0.19264099
0.36791433
0.11929540
0.35805283
0.20019063
0.42158980
0.18639586
0.42599092
0.17554501
0.27534496
0.33018801
0.07601967
0.21105629
0.18808255
0.15538134
0.42049761
0.28437687
0.39590898
0.48005992
0.55121499
0.22711894
0.34568240
0.24685522
0.58916412
0.17279273
0.31203290
0.13931718
0.50253114
0.21876868
0.10194003
0.16465344
0.17114361
0.32575071
0.20963978
0.33334190
0.21830039
0.38058761
0.25954921
0.20353382
0.29666044
0.40572658
0.13096799
0.35396237
0.42188094
0.18351798
0.31393189
0.22053036
0.37991924
0.23023111
0.16953057
0.18420258
0.31656197
0.31526777
0.41508132
0.27763283
0.24001150
0.36171030
0.35598940
0.11852636
0.47268743
0.36959963
0.43411824
0.21326765
0.18952830
0.34534470
0.38908132
0.22093633
0.33246920
0.34689031
0.29235262
0.45445602
0.52191421
0.21510630
0.13596608
0.12249636
0.31928320
0.38856235
0.37408455
0.57515237
0.45587282
0.16543632
0.12708656
0.32695739
0.30834500
0.44895279
0.51367905
0.15251236
0.27378493
0.14758977
0.60810789
0.25051748
0.11300877
0.57688693
0.32575814
0.27924561
0.42316738
0.13576885
0.16011855
0.29421651
0.19487041
0.16412348
0.34731067
0.45005424
0.44898721
0.30685608
0.51148507
0.38213140
0.14826218
0.14679780
0.13913611
0.47753597
0.27737237
0.17824001
0.11878966
0.24524376
0.24683420
0.15271360
0.21549348
0.25053517
0.50981597
0.16237419
0.33868185
0.43330177
0.59248215
0.34251220
0.33105076
0.24103691
0.36690645
0.30738328
0.18956726
0.44341269
0.63683660
0.35973881
0.09624658
0.19499012
0.09725618
0.16739699
0.37863568
0.18187246
0.44136601
0.18552188
0.45474678
0.27346026
0.21037641
0.57346717
0.24846745
0.15129083
0.16885688
0.11833644
0.42357326
0.13579899
0.09142349
0.33338542
0.37779918
0.46862123
0.38765513
0.32066861
0.12301188
0.36078154
0.09539671
0.25648320
0.39403990
0.51727326
0.15422265
0.26001156
0.12252759
0.15368224
0.26999482
0.17236863
0.35582208
0.21081614
0.36139640
0.16511988
0.33762491
0.40846970
0.22958014
0.42579132
0.14520643
0.44137683
0.34148940
0.30760614
0.20344601
0.46037531
0.17566419
0.08232500
0.22064606
0.32409394
0.23805981
0.15058916
0.12823249
0.32331542
0.22825177
0.37486468
0.34556218
0.15631497
0.14821240
0.24721236
0.28951351
0.13754938
0.37202921
0.36474591
0.22981372
0.15028480
0.26814688
0.34489016
0.20847006
0.25264077
0.11120577
0.20341664
0.17717065
0.50615290
0.42833590
0.42599572
0.13269635
0.36053995
0.34827579
0.36196105
0.29876360
0.40676473
0.41938450
0.20979700
0.31270747
0.28270239
0.48368491
0.30347386
0.33280850
0.18658541
0.22846250
0.18904211
0.20917036
0.31273199
0.13607446
0.41417661
0.20149590
0.17318004
0.54523761
0.51284911
0.34097225
0.20766084
0.30518169
0.48327796
0.16027368
0.23828113
0.17019154
0.23154956
0.18616146
0.53415006
0.31395197
0.35535312
0.27523932
0.48385764
0.38571187
0.27791687
0.13168100
0.33903541
0.30635103
0.22353203
0.16853598
0.29307746
0.16700326
0.40563838
0.18646106
0.17704083
0.49841095
0.09742954
0.24235026
0.15878597
0.29553546
0.24319915
0.17425409
0.21591272
0.36256828
0.21118610
0.33396677
0.21018820
0.43554317
0.41048270
0.45390361
0.15418549
0.14466643
0.40269345
0.52816482
0.35037381
0.10900289
0.42764861
0.44723224
0.20782419
0.25629308
0.33119032
0.25425889
0.24070529
0.22899639
0.22779696
0.11793962
0.21293266
0.22953797
0.09953518
0.40653701
0.21730799
0.17088799
0.09400421
0.18727756
0.22466028
0.33659524
0.34254608
0.29864900
0.37691884
0.26383357
0.26627133
0.42322702
0.27775693
0.21834649
0.09429856
0.26468599
0.26985538
0.45051745
0.40800739
0.57402059
0.08673936
0.50668137
0.19939178
0.41270257
0.30915676
0.20541011
0.10397397
0.23953873
0.41353922
0.34354740
0.39228194
0.21803178
0.36146289
0.17677379
0.23561991
0.54503020
0.46611571
0.43099943
0.28664576
0.16665509
0.12956294
0.15771358
0.45545690
0.18237235
0.15581033
0.13210095
0.39223808
0.29067498
0.55182833
0.11286699
0.51654023
0.31125590
0.37769592
0.20784618
0.12702250
0.38252723
0.14121325
0.13237563
0.14461297
0.60597052
0.34202381
0.20327657
0.44358021
0.45855201
0.58608279
0.45447692
0.29505894
0.49760580
0.34531312
0.42436863
0.28679170
0.15560243
0.22883842
0.13439678
0.56777905
0.18081782
0.26459598
0.17121120
0.45560162
0.37972737
0.16740756
0.18031642
0.20047345
0.23803399
0.19589895
0.26397325
0.33381872
0.23047347
0.25002485
0.34920541
0.58827948
0.10852969
0.41346782
0.17420826
0.14931887
0.49717269
0.34596499
0.19038120
0.24524158
0.15597089
0.29792533
0.23472929
0.46904974
0.16504299
0.15713422
0.10402157
0.19825362
0.14340362
0.36351967
0.18648061
0.28360107
0.36901471
0.25988120
0.26888367
0.66779223
0.35797728
0.46851518
0.25467897
0.81955817
0.11800148
0.27323235
0.27148233
0.23655325
0.15132085
0.09648854
0.45889822
0.20611332
0.26114185
0.14054952
0.27649358
0.19398754
0.38038906
0.32435330
0.13901013
0.51131922
0.19473173
0.48920918
0.33195267
0.45545653
0.39594862
0.25231397
0.14427060
0.11301463
0.16426003
0.09654103
0.37817855
0.34572150
0.21936313
0.22270981
0.34207807
0.26688029
0.13444126
0.18208141
0.14054836
0.32786168
0.55905808
0.16534208
0.16563481
0.41729625
0.18758099
0.45296928
0.10887483
0.13027504
0.20165326
0.24051533
0.36675025
0.33582811
0.27376812
0.41987381
0.17548848
0.13212446
0.58522202
0.13414362
0.43614509
0.67508378
0.37690692
0.41389505
0.32484895
0.48185508
0.17159525
0.17693553
0.26669973
0.52771110
0.24830129
0.37863142
0.37530251
0.51936987
0.23109335
0.36753851
0.14165721
0.52539605
0.53517763
0.42419715
0.33624693
0.37265195
0.47700084
0.23593732
0.15039004
0.16574085
0.47557280
0.19918250
0.34712474
0.15154043
0.21901588
0.37935070
0.39559019
0.25402410
0.16888599
0.29784592
0.61360107
0.43522174
0.27447983
0.12650260
0.22507179
0.16654395
0.47346097
0.15161742
0.20314845
0.19168857
0.22033107
0.38599700
0.45815054
0.45040901
0.47798162
0.33368872
0.18348269
0.09843836
0.22891164
0.64942445
0.19348159
0.22237381
0.34883352
0.36382196
0.17068728
0.33843686
0.18364657
0.33087045
0.50735466
0.66535695
0.16376784
0.57351578
0.23437380
0.26928902
0.18435908
0.43994191
0.11407533
0.48971134
0.16345682
0.55020992
0.19076294
0.27280395
0.58820602
0.48848144
0.30351750
0.37846328
0.24114493
0.38723237
0.35319182
0.34715718
0.31134429
0.29851749
0.27174713
0.21073445
0.33128386
0.25200660
0.22351785
0.14474579
0.53187090
0.24830612
0.44411238
0.12858711
0.37667458
0.17419658
0.31415973
0.28095739
0.29996901
0.53803634
0.20670037
0.42141831
0.56494459
0.24120487
0.26037975
0.17578015
0.40721234
0.18338172
0.34375679
0.20560619
0.11865325
0.36673292
0.15177917
0.27107671
0.47726117
0.16425683
0.23529863
0.25085764
0.26496597
0.16053384
0.48680684
0.29738520
0.19931264
0.28510391
0.28598836
0.26012971
0.16885019
0.40994100
0.26034941
0.39305518
0.27223325
0.50220934
0.29316244
0.35601392
0.28995207
0.70221659
0.37445695
0.35560118
0.26076746
0.58660912
0.20842832
0.27497810
0.20150608
0.28725010
0.22261108
0.41924476
0.19563794
0.36491174
0.52017471
0.13536139
0.54490952
0.32820785
0.34139111
0.29983253
0.24958223
0.62733369
0.34232599
0.31844450
0.12867423
0.13101627
0.26609735
0.18558866
0.41574692
0.19526195
0.42110845
0.27235768
0.41391022
0.11125074
0.26638260
0.30631671
0.19834453
0.22346165
0.47485351
0.39508340
0.49785204
0.33592088
0.08293442
0.23767384
0.40694855
0.27672494
0.17395171
0.37107893
0.34733621
0.37681698
0.32794843
0.38416541
0.12532337
0.56968997
0.16344634
0.34053039
0.14131161
0.22625578
0.15401537
0.25049191
0.50031414
0.16956871
0.22974858
0.31116850
0.44616957
0.21417630
0.22701099
0.28668490
0.34913084
0.58614777
0.18852403
0.27571072
0.11760083
0.13321428
0.45421572
0.43886505
0.56657485
0.21822987
0.15266672
0.22384199
0.26923674
0.49347124
0.17003279
0.14917992
0.31537192
0.32841152
0.38936698
0.48339568
0.32669847
0.27258236
0.24158812
0.25685026
0.13063977
0.18368962
0.46688664
0.45556657
0.54145214
0.14039061
0.30791280
0.13194898
0.19440741
0.16125351
0.40379579
0.39959811
0.16322170
0.30214397
0.15020301
0.12210249
0.48906832
0.36431298
0.41182531
0.29861589
0.25789532
0.15075932
0.37573632
0.24110594
0.24780143
0.37498735
0.19653411
0.66348990
0.16622131
0.11501416
0.09134557
0.30382068
0.31085300
0.29525637
0.27559789
0.20788736
0.22435864
0.32693858
0.20941145
0.33200880
0.23388076
0.21639794
0.34935249
0.08058791
0.21291893
0.31567928
0.22169778
0.58067995
0.30100276
0.24876423
0.23533934
0.25879249
0.37292849
0.09111462
0.16422733
0.46051310
0.36126355
0.15392388
0.22863868
0.31492886
0.32343635
0.33678017
0.17935368
0.32464037
0.37375413
0.20066407
0.18617017
0.20760648
0.28187126
0.40718100
0.20838476
0.45298613
0.38341166
0.16500663
0.13439775
0.33869216
0.17451192
0.44557358
0.14636950
0.16375860
0.10972842
0.37219979
0.22565059
0.28471415
0.24073142
0.17769963
0.27543988
0.39675846
0.40207906
0.58687241
0.14139601
0.20345415
0.13004744
0.14142241
0.33776743
0.29290947
0.18406483
0.28593696
0.25729659
0.28158998
0.25376097
0.11546607
0.40219256
0.46444391
0.13582747
0.31533693
0.16257677
0.28362739
0.25336600
0.34341124
0.70275764
0.12875842
0.50034052
0.26263190
0.23690888
0.44813093
0.20592092
0.28510648
0.19792628
0.14836868
0.17141848
0.44709670
0.25939487
0.17816584
0.14427072
0.24180677
0.16100182
0.44450950
0.47247094
0.25960852
0.25656056
0.15099343
0.25827768
0.39849792
0.17713807
0.25777638
0.15751490
0.38137675
0.12401704
0.35516261
0.23103915
0.18778836
0.20079985
0.55036696
0.28433225
0.19680805
0.13142728
0.26615843
0.11996169
0.20247020
0.47114017
0.51324960
0.13780634
0.54382471
0.11887414
0.16490798
