# NTRAJ	1000
0.02450475
0.01608478
0.06711068
0.10977526
0.12350530
0.16380813
0.16406372
0.02691852
0.00486790
0.15592750
0.02703255
0.10311645
0.07999991
0.01884109
0.13045223
0.17229631
0.03260586
0.17389172
0.03675082
0.04392048
0.03797300
0.00832767
0.03151575
0.15093062
0.00868020
0.03389004
0.02025553
0.17393370
0.00125735
0.11345002
0.01319556
0.05504620
0.14968305
0.12054129
0.02144806
0.08894997
0.09876044
0.00462567
0.00461372
0.17489538
0.09425744
0.10190753
0.00223478
0.04079264
0.08139259
0.00097657
0.07597265
0.16646894
0.02900647
0.05788242
0.02885347
0.01600514
0.04995733
0.17471699
0.11942208
0.06269356
0.02840636
0.16190014
0.16730644
0.06227982
0.04603690
0.15726366
0.08172651
0.01818559
0.11055630
0.17096707
0.17405818
0.04896122
0.06912833
0.03646949
0.07089190
0.11037055
0.00309109
0.12335298
0.14042963
0.16697069
0.17447373
0.13220781
0.16978216
0.16256175
0.05294449
0.14222792
0.00160831
0.07315881
0.16875165
0.14081925
0.03068228
0.09247398
0.00028303
0.09401347
0.09288447
0.01739021
0.17481958
0.14547821
0.05464251
0.06914296
0.11081780
0.08684056
0.00185133
0.01033950
0.02444432
0.12599223
0.15494940
0.17457091
0.03852973
0.04864009
0.06392649
0.03541676
0.00629208
0.11619029
0.16743538
0.13031624
0.07345145
0.00070511
0.03029584
0.15546017
0.02794784
0.07262332
0.05767692
0.04354966
0.06425747
0.00069389
0.11548197
0.07552237
0.03498322
0.12667180
0.08819603
0.01427209
0.00285523
0.10261884
0.14756053
0.05783394
0.09280414
0.03146189
0.09086319
0.00638117
0.17470321
0.02442372
0.00342608
0.12374540
0.00424195
0.05808061
0.04922721
0.00720921
0.07809972
0.08914796
0.08294050
0.09334506
0.02538991
0.06522471
0.16998638
0.17178399
0.01350259
0.00896426
0.17296098
0.12876032
0.10227504
0.05647247
0.00397995
0.17155338
0.08614430
0.17281620
0.05529653
0.01352938
0.00629493
0.05875044
0.12064492
0.02791934
0.03515054
0.12653517
0.11472249
0.17068232
0.02175670
0.08289936
0.01850726
0.11467480
0.16438242
0.06454002
0.16411116
0.12026031
0.06111523
0.02541761
0.05674211
0.00486460
0.08990084
0.17120273
0.10085671
0.12862978
0.12200316
0.00401297
0.14514375
0.00717327
0.06952647
0.11051410
0.00193573
0.15299800
0.05538185
0.10231420
0.02554718
0.17497297
0.00287442
0.14689083
0.10609126
0.08483084
0.00025459
0.09554345
0.00055818
0.05620357
0.15702664
0.07998929
0.06364019
0.06487540
0.11614594
0.00475596
0.06542702
0.17463798
0.15143187
0.00283161
0.15481313
0.09327796
0.00022934
0.11553722
0.00051026
0.01639686
0.03994154
0.11149361
0.17279006
0.14950452
0.08098779
0.00055506
0.11195337
0.06819648
0.08412717
0.12617040
0.15118593
0.10561068
0.02685950
0.03110507
0.16027982
0.10033927
0.14772737
0.08158718
0.06822480
0.03771698
0.06985864
0.12420992
0.12946465
0.17429212
0.15518274
0.14877546
0.16052781
0.17484244
0.00075547
0.04191516
0.17158161
0.12077607
0.00714662
0.10342152
0.01053005
0.01700717
0.06756810
0.11221619
0.08406066
0.15229010
0.05328581
0.02602427
0.15420995
0.17091007
0.01094384
0.15637979
0.16265572
0.07546820
0.17360252
0.16306578
0.12687517
0.05514938
0.17296630
0.12320025
0.07811695
0.06801864
0.14351050
0.08904593
0.12459443
0.08310992
0.14474996
0.16983440
0.16519240
0.16916343
0.00180474
0.16862446
0.15242844
0.09309436
0.17242324
0.15006670
0.12848538
0.00188151
0.17541090
0.12675002
0.01756924
0.17464501
0.07891825
0.00070370
0.00472302
0.08043301
0.14156500
0.01565639
0.06311625
0.02569109
0.14811184
0.16711239
0.00089523
0.03745825
0.15584044
0.06933621
0.06131133
0.01782667
0.03508743
0.16783287
0.07614703
0.08194223
0.14775801
0.12345374
0.01587036
0.00214545
0.00276333
0.16577474
0.00070469
0.11177983
0.17310935
0.12158228
0.10450699
0.16472791
0.17278350
0.10571822
0.14582788
0.00397768
0.06859542
0.16893801
0.07579264
0.10290721
0.17059865
0.03846188
0.13610503
0.05991516
0.17346110
0.00091620
0.17337264
0.17453483
0.05544122
0.05125109
0.07586328
0.11356004
0.02582931
0.12081321
0.14479546
0.10920134
0.17179439
0.08218139
0.15939446
0.00542103
0.11074393
0.01402551
0.08569947
0.08798704
0.16834312
0.07827978
0.01560278
0.02978219
0.00648747
0.11484641
0.00050552
0.17263998
0.13915323
0.17462365
0.01574289
0.17004067
0.06315652
0.08947472
0.02178364
0.00300641
0.07926753
0.04517769
0.01208321
0.00023976
0.04611707
0.09537871
0.07866016
0.00447754
0.17028925
0.01627681
0.00958240
0.00126014
0.07433491
0.07277114
0.00240100
0.05279580
0.01326740
0.00986252
0.00140015
0.12624458
0.01795009
0.05984551
0.00214790
0.13513735
0.03635659
0.12915828
0.11352085
0.01783293
0.10826954
0.13179862
0.00484532
0.00132269
0.01988619
0.16820341
0.00036210
0.14965753
0.12989653
0.08167165
0.00930394
0.04923287
0.13737672
0.13607636
0.00334155
0.14756590
0.17155078
0.17391504
0.00125687
0.01250679
0.16762189
0.08761113
0.07432919
0.01502445
0.08952435
0.07875979
0.02073865
0.12897508
0.08345682
0.17464374
0.08447760
0.03207969
0.03495349
0.13002297
0.09052767
0.02236411
0.07769786
0.03955230
0.09904480
0.06414493
0.02421899
0.14036762
0.13580163
0.17414781
0.06012900
0.07723305
0.04293605
0.01276711
0.04037284
0.13504180
0.09670383
0.05031257
0.00838929
0.08545931
0.10722893
0.06894609
0.17463699
0.01872480
0.15421351
0.12247051
0.02240402
0.00023407
0.07742351
0.08444397
0.17474450
0.12521042
0.03386289
0.15493030
0.04882485
0.16855517
0.01623191
0.12124655
0.14454704
0.15938109
0.04142949
0.05688136
0.04495698
0.01796545
0.08481073
0.03558700
0.05847085
0.14520059
0.16736764
0.15229952
0.07542817
0.03855011
0.07112499
0.09328875
0.13150761
0.14689624
0.03139557
0.17286583
0.13981373
0.10524089
0.00276679
0.00386575
0.12746298
0.14032294
0.11085254
0.15440605
0.09998229
0.08847295
0.17456974
0.16509878
0.12606617
0.03734229
0.12471563
0.16155594
0.16233796
0.12001043
0.05840529
0.07696861
0.00081321
0.17474013
0.01864243
0.14960575
0.17251206
0.12776243
0.10039330
0.03131832
0.13117637
0.03256603
0.02124379
0.08065999
0.10305743
0.16681697
0.05749575
0.06394223
0.11506826
0.05332433
0.06748458
0.16462807
0.13559091
0.11317839
0.16270792
0.16663886
0.00238059
0.01947284
0.06165294
0.15520282
0.00075609
0.02791217
0.11793468
0.08897630
0.15512128
0.00396737
0.09318797
0.17272021
0.05478482
0.07822655
0.06400711
0.05276331
0.09696900
0.07376658
0.09414327
0.09778815
0.13184732
0.05939136
0.15971543
0.00351415
0.02778837
0.04856562
0.04042564
0.04477798
0.17272233
0.02510303
0.05947031
0.01828015
0.06189086
0.17328303
0.01925424
0.00148300
0.11579827
0.17373808
0.16899413
0.00517240
0.02015238
0.16613159
0.16103824
0.12520228
0.03193380
0.14927568
0.16849140
0.07246183
0.16855134
0.08887653
0.12675709
0.02443767
0.14864167
0.08687108
0.03775306
0.15771849
0.10912325
0.01819150
0.15443608
0.16506712
0.08609470
0.02298970
0.15500569
0.15378772
0.04655560
0.04645825
0.16880066
0.14991299
0.00042614
0.11015425
0.07659247
0.02005506
0.02319117
0.17447942
0.10786470
0.16977481
0.14706993
0.10158915
0.05340387
0.14197886
0.14513784
0.05787298
0.10703871
0.04793882
0.17146846
0.17384982
0.02629040
0.02401166
0.13930951
0.01468624
0.04021079
0.08424224
0.07646644
0.10140907
0.09065169
0.17426958
0.13832153
0.14113698
0.10940744
0.17510245
0.00500202
0.17325789
0.08033532
0.00315163
0.00475523
0.01442823
0.17089391
0.07560629
0.09776162
0.01288145
0.01916610
0.15173020
0.10027192
0.11121600
0.15014852
0.10311195
0.10372191
0.01556493
0.00091419
0.05573380
0.07486866
0.06060756
0.17442445
0.09773297
0.02829708
0.16286241
0.09813893
0.17462823
0.10598651
0.16801504
0.00360558
0.16807381
0.10911416
0.15725621
0.17284696
0.01946721
0.07537136
0.10227128
0.02731196
0.07285114
0.00172743
0.01103797
0.01998412
0.13982760
0.12328032
0.08870250
0.01485523
0.00293908
0.14757249
0.02458883
0.11539171
0.15610584
0.10710689
0.03786718
0.00167814
0.17434290
0.10572928
0.16612998
0.17039014
0.11136325
0.12080538
0.03613689
0.00324976
0.17364967
0.08349482
0.12141355
0.04020998
0.12610938
0.17333896
0.05438118
0.13499895
0.17205651
0.14716840
0.04322587
0.04021782
0.08092321
0.14745309
0.01166400
0.17248696
0.00268937
0.09181697
0.03301788
0.02303852
0.09922782
0.04344798
0.04926303
0.08742322
0.00238542
0.11262685
0.14892012
0.07197960
0.17467640
0.17317986
0.02866505
0.16484126
0.16308780
0.13609813
0.02577652
0.16816097
0.11786750
0.03399247
0.08136645
0.13013380
0.11542603
0.17304203
0.04673019
0.12917454
0.01002948
0.00598639
0.03017766
0.05757714
0.04598038
0.01676872
0.02559555
0.17468997
0.15842117
0.17410045
0.11507409
0.03819392
0.00234062
0.17094711
0.00408491
0.10183439
0.14417667
0.00483930
0.00273495
0.03315641
0.00546193
0.00267153
0.09238746
0.15721309
0.09920997
0.00715489
0.17521430
0.14835040
0.08597521
0.15326683
0.15368554
0.17190089
0.06326640
0.13571509
0.04359386
0.04887324
0.08207555
0.09132501
0.00021565
0.03478823
0.15588465
0.03071984
0.13529508
0.15837898
0.10678950
0.07804431
0.16811466
0.03316286
0.14090037
0.15385084
0.15308370
0.17466146
0.17447172
0.06045031
0.12641745
0.15697295
0.05064654
0.00089429
0.10862638
0.12893916
0.04917615
0.17507992
0.04395715
0.16746301
0.10514768
0.01384873
0.04555132
0.00848651
0.09440494
0.00156885
0.16599720
0.07608693
0.05596162
0.17302080
0.01997827
0.12588428
0.16516777
0.02145849
0.03317740
0.00560844
0.16984031
0.02160710
0.10904234
0.15938812
0.17223118
0.08336127
0.03181851
0.01183052
0.14425364
0.12411477
0.14616013
0.15540744
0.09559480
0.17290875
0.16048398
0.12061058
0.17343017
0.17319177
0.17436022
0.14384434
0.07369805
0.03409493
0.04402560
0.14251903
0.12347684
0.01412379
0.07172172
0.13325726
0.00191757
0.13046957
0.09675777
0.17080446
0.15359330
0.03274455
0.00169447
0.10474787
0.07591418
0.01293992
0.13215433
0.17494446
0.11013172
0.15384546
0.17439808
0.00576457
0.17277040
0.16921345
0.15036617
0.07238984
0.17016033
0.03618486
0.14484056
0.01604816
0.00345324
0.11025427
0.13229159
0.12010852
0.08178092
0.15225508
0.16497801
0.00185195
0.16329392
0.17363342
0.17289758
0.10579695
0.17376967
0.10630319
0.13749494
0.00123079
0.16472101
0.10924624
0.10427057
0.17462160
0.08548598
0.16719292
0.06567009
0.10575844
0.06338470
0.00809706
0.00041255
0.01661224
0.15669737
0.06180150
0.00043470
0.09269765
0.02919034
0.09417928
0.00047493
0.10834844
0.00058634
0.09719824
0.16234167
0.03792959
0.13930113
0.00066264
0.14914767
0.01451009
0.09853117
0.16352530
0.08747326
0.05757390
0.12827243
0.13142289
0.10978001
0.00105797
0.08426693
0.10496127
0.15517560
0.08786963
0.11174608
0.00842994
0.17189719
0.15192096
0.16002474
0.16522849
0.12162584
0.11442095
0.00873659
0.01900731
0.06916407
0.17320021
0.12003925
0.11929722
0.02094099
0.00203179
0.01908908
0.03505865
0.05452987
0.11747265
0.12593899
0.17408917
0.15332938
0.16346882
0.05551609
0.17210029
0.14535102
0.14784649
0.01479587
0.06217926
0.13973382
0.14629002
0.05151368
0.16866989
0.17414726
0.15076472
0.04024967
0.04918511
0.16624351
0.17425165
0.11402769
0.01221064
0.13726372
0.16863511
0.14028571
0.00183422
0.00394222
0.08198771
0.17170514
0.09122760
0.00041693
0.16903922
0.11229329
0.11181646
0.00925097
0.01466588
0.01864431
0.08027026
0.02923026
0.06186369
0.11683194
