# NTRAJ	1000
0.29005426
0.13740583
0.23133229
0.47389109
0.37376349
0.58344387
0.72038471
0.08217669
0.20001689
0.53120871
0.14215777
0.11275206
0.33524736
0.13777461
0.47471679
0.31624957
0.46364406
0.63154305
0.32253060
0.08109190
0.13619528
0.33522319
0.07937928
0.27032078
0.09126364
0.13551974
0.24034620
0.51163764
0.25810461
0.37728546
0.11702020
0.14093303
0.35568041
0.09216453
0.08285104
0.22121523
0.34932334
0.22656942
0.13497912
0.74693405
0.44657049
0.09594214
0.16233180
0.07951062
0.17072025
0.07565882
0.39609113
0.58293018
0.15441535
0.29848468
0.09270775
0.23348968
0.15391174
0.62857123
0.30384857
0.10720417
0.26367067
0.25407554
0.29183792
0.17379932
0.20078513
0.35031078
0.35095983
0.08875750
0.45109895
0.72403034
0.39839791
0.08376324
0.15259060
0.17717382
0.10471722
0.37383717
0.25153117
0.41860471
0.23252407
0.44480511
0.75479159
0.35880156
0.42625688
0.29383957
0.08254943
0.48631503
0.35894351
0.09197236
0.63765177
0.58647862
0.08387386
0.37771248
0.18327517
0.32416179
0.28897782
0.47786034
0.57079770
0.31959729
0.40302313
0.15802829
0.22098002
0.18403488
0.23695879
0.35881166
0.12286900
0.58390129
0.44887362
0.68819076
0.18423583
0.14482487
0.16326423
0.19134698
0.11048418
0.25757158
0.43247975
0.25699578
0.11018185
0.07742297
0.16507160
0.21160265
0.17561270
0.39523504
0.13605004
0.17680606
0.23405318
0.38125413
0.46641001
0.47525586
0.37864740
0.60545168
0.15638032
0.16653815
0.07591500
0.12224869
0.39462082
0.19648106
0.21620453
0.10571097
0.11835598
0.08462003
0.61090654
0.08996943
0.07512002
0.38097277
0.15222938
0.14393038
0.09438089
0.09207741
0.34797922
0.44221051
0.23251000
0.08658409
0.17308573
0.12369773
0.56711609
0.75437879
0.12857345
0.14144063
0.28808584
0.27950063
0.07864937
0.14523620
0.26608450
0.50184270
0.42768306
0.71768299
0.41495573
0.13778181
0.15601114
0.12548558
0.31109346
0.33624068
0.29915796
0.44671474
0.36677881
0.29525261
0.08118321
0.19402218
0.07652544
0.43476459
0.37066950
0.07548076
0.51723131
0.38438772
0.34364026
0.10393117
0.47698589
0.11286282
0.25553369
0.78239192
0.38557935
0.26496303
0.39486744
0.22507355
0.42711499
0.10410116
0.07766059
0.26213524
0.12368895
0.21099859
0.36659675
0.50439658
0.08132258
0.68428897
0.42835755
0.40716988
0.24518041
0.25246782
0.26459932
0.13882326
0.15438206
0.08199909
0.64251582
0.09396928
0.08449727
0.10768289
0.21876901
0.16134390
0.07540966
0.43774831
0.46418471
0.12153086
0.64930983
0.07514147
0.14990125
0.09376579
0.20351324
0.34393300
0.38801462
0.57441779
0.50143442
0.33468808
0.25694817
0.28346574
0.49996057
0.08242973
0.09101719
0.21734951
0.46704753
0.50248336
0.13371283
0.24309366
0.48257021
0.16732037
0.63588179
0.35864863
0.25641293
0.07921962
0.21916286
0.57033749
0.48474700
0.58668338
0.11106489
0.57051402
0.55383126
0.72975657
0.15867374
0.07926646
0.56830358
0.60731884
0.41833161
0.30365369
0.07499447
0.15677042
0.07639149
0.10649807
0.13117970
0.53630329
0.07991696
0.22414920
0.62777051
0.64348971
0.10533822
0.82059817
0.27852699
0.16160394
0.44178005
0.33703159
0.32668190
0.59578257
0.66714960
0.45875821
0.29383953
0.31096556
0.39832849
0.15001264
0.33745380
0.37288559
0.49377110
0.61082199
0.47525187
0.56323241
0.10117712
0.77337912
0.46815738
0.09731516
0.60804376
0.54846303
0.46113578
0.12103228
0.78961107
0.18393302
0.19036422
0.43151402
0.33938055
0.29459759
0.25222587
0.45905971
0.38621990
0.14654434
0.09192507
0.13282676
0.61482030
0.71132446
0.11880663
0.39771393
0.75732791
0.34045768
0.08092044
0.14242253
0.17733738
0.65032407
0.23700017
0.55127952
0.67125993
0.31439280
0.17091650
0.08032073
0.07535898
0.53353839
0.18144126
0.11795911
0.71738637
0.47513503
0.19500725
0.56473190
0.77868615
0.14327623
0.39515553
0.29860091
0.14752690
0.75281314
0.12270038
0.16170017
0.44800348
0.18957400
0.40351854
0.20834655
0.59816899
0.14871397
0.41939161
0.69116158
0.07486263
0.36129853
0.16355104
0.45771454
0.15152119
0.24264734
0.60463321
0.23865605
0.79337803
0.33385383
0.61453881
0.16497510
0.44900284
0.18840174
0.15533189
0.40745587
0.41053355
0.13186767
0.24183329
0.20613636
0.16689439
0.53216377
0.16454638
0.46813695
0.38205230
0.72537509
0.07688088
0.36702476
0.23872402
0.08406920
0.16663207
0.17413060
0.18147806
0.11772901
0.37186871
0.33200801
0.07488011
0.41887357
0.42972878
0.27467958
0.54224966
0.22675682
0.12518913
0.22288057
0.12765838
0.28407452
0.41070352
0.40876708
0.07540037
0.10473122
0.30461847
0.45396694
0.27507048
0.31374226
0.16394824
0.29489148
0.30059237
0.30253658
0.25790098
0.08467021
0.42498036
0.33339457
0.28878738
0.24158685
0.15486418
0.80401226
0.17741000
0.62762797
0.40867068
0.32074662
0.13212910
0.09701724
0.38733026
0.25522832
0.17088583
0.45435432
0.68653124
0.74498106
0.20635898
0.07588237
0.18323888
0.08120313
0.47709799
0.13973030
0.19340619
0.12661667
0.11175652
0.26563940
0.28857572
0.49485247
0.25340798
0.12403873
0.18046439
0.44512173
0.09152739
0.15584517
0.12588122
0.08960097
0.09669507
0.18559649
0.15019551
0.41789772
0.43526146
0.59405921
0.12188962
0.40284345
0.14356870
0.17108849
0.10175992
0.36382191
0.20333288
0.18954438
0.07588812
0.21235987
0.24726962
0.08973020
0.65446826
0.13650664
0.44507733
0.46206979
0.08109184
0.08764597
0.08810458
0.13900204
0.58279656
0.48587332
0.09419826
0.40312984
0.07696359
0.54074980
0.38946399
0.39210253
0.40749131
0.46530691
0.11210889
0.27232553
0.27177879
0.11230343
0.26376244
0.07511135
0.18730566
0.31143171
0.40701008
0.39988929
0.11600337
0.11054516
0.16433672
0.11878109
0.57536616
0.29970079
0.07924264
0.74640062
0.44863366
0.07483639
0.10641615
0.09781845
0.23138281
0.12360752
0.35889416
0.54421345
0.27156855
0.29074537
0.57225094
0.23343842
0.39871827
0.29339096
0.20476385
0.66809623
0.54540495
0.50650809
0.11657146
0.17668325
0.09596008
0.72968814
0.18129458
0.41495357
0.48697341
0.28822882
0.30347837
0.07574125
0.44977515
0.35711647
0.13258227
0.14908493
0.23308451
0.46076031
0.40879482
0.35607121
0.10786906
0.07616387
0.13631793
0.21448072
0.19558775
0.33926748
0.65165989
0.38503835
0.07926910
0.18357914
0.26434735
0.46724637
0.07687376
0.18319437
0.16351401
0.48017561
0.58808045
0.19205167
0.38869716
0.28526185
0.32900309
0.53052439
0.18931058
0.31268421
0.53107388
0.26077721
0.17799090
0.12156758
0.48502802
0.09590693
0.29388361
0.20580280
0.14969552
0.16758470
0.10892007
0.19920548
0.51348396
0.13419878
0.10521600
0.17691980
0.18358954
0.65383464
0.24713377
0.09974459
0.44595092
0.68239043
0.23535207
0.51263618
0.27741219
0.62855618
0.49741798
0.47763395
0.11448949
0.60464835
0.50086210
0.26847942
0.60481502
0.14630318
0.11428897
0.07557949
0.49501063
0.17775417
0.21985627
0.40344670
0.36357924
0.38414526
0.24732326
0.50400956
0.17295040
0.26513529
0.61434717
0.33108118
0.24500844
0.16948419
0.44689631
0.32471372
0.25322787
0.48549138
0.19123808
0.17933622
0.37500971
0.58946185
0.32101740
0.63703302
0.53036958
0.32019563
0.13451061
0.58464943
0.50040894
0.09215549
0.46226174
0.08102865
0.80058905
0.67160949
0.09953629
0.12957330
0.66031544
0.07729645
0.07654056
0.17634311
0.26782396
0.11648718
0.07498727
0.57446640
0.58085648
0.46546043
0.21146750
0.71154792
0.21895519
0.61201829
0.16442271
0.10070471
0.30786393
0.19090450
0.64906673
0.13507472
0.20339590
0.12666366
0.10739124
0.28253973
0.08761663
0.18143714
0.21370931
0.24303320
0.24700227
0.21835929
0.10068448
0.35413924
0.28854001
0.09110749
0.51138294
0.29530144
0.08901567
0.40903458
0.20170955
0.73498185
0.23993172
0.35475615
0.09765572
0.30966384
0.48760844
0.47804517
0.52178451
0.23042659
0.17691720
0.21585129
0.15675594
0.30100269
0.40923231
0.11355198
0.08918617
0.45672158
0.23003169
0.47842545
0.11478218
0.46929078
0.36762754
0.09623621
0.37766134
0.30548415
0.08522782
0.42984705
0.10003633
0.72149540
0.07483682
0.69427920
0.71795993
0.51727412
0.27614240
0.17591995
0.08456870
0.63368140
0.16424902
0.37407089
0.07574437
0.12290211
0.58239120
0.08481752
0.19258870
0.70645878
0.36710650
0.24653053
0.08541396
0.12898538
0.62299890
0.13710041
0.66826883
0.10280534
0.37556295
0.20615588
0.14616329
0.21109032
0.39386714
0.34974213
0.32806601
0.10329543
0.42507636
0.48891885
0.09791928
0.56004530
0.77290738
0.17254318
0.69154454
0.46982521
0.39419431
0.11128947
0.62164462
0.19642484
0.24544025
0.12654017
0.23310975
0.33389155
0.62313263
0.36594398
0.17546869
0.09633510
0.20752370
0.31689721
0.42943323
0.25782572
0.21293601
0.09843449
0.53278568
0.29925367
0.76915257
0.36731795
0.21122718
0.07483588
0.60456626
0.33504068
0.55917063
0.50856086
0.07500334
0.07543286
0.29366853
0.14608594
0.25197580
0.10416284
0.53705450
0.35164038
0.26241680
0.75528206
0.53522308
0.26258803
0.51920018
0.53955643
0.44629297
0.10835939
0.58163595
0.31522414
0.10911098
0.38766197
0.17210850
0.09331681
0.07971910
0.41096030
0.13154681
0.16598249
0.51523313
0.08331084
0.21269309
0.60376336
0.24989839
0.43052290
0.49536258
0.56085612
0.45930315
0.65993693
0.23650901
0.47002770
0.58454039
0.42974343
0.34568020
0.57222542
0.37985179
0.08637603
0.61847518
0.30818916
0.58216001
0.19061358
0.09120391
0.32534183
0.08608537
0.17575836
0.27941571
0.61236508
0.29684041
0.10315693
0.53640228
0.11976427
0.35961677
0.68094799
0.52547383
0.25459149
0.16468541
0.42656181
0.14733782
0.13966370
0.40235409
0.71862196
0.49025504
0.48612730
0.09970428
0.44220737
0.29151219
0.35327987
0.24205563
0.23922059
0.55258691
0.56032761
0.41484209
0.48497185
0.59712157
0.55932278
0.41062363
0.20579675
0.08778112
0.29810794
0.41427699
0.43459085
0.07483028
0.36505189
0.64031939
0.11015722
0.53416388
0.22845840
0.74473099
0.13145340
0.09272207
0.41896233
0.07895106
0.32892358
0.16522093
0.24825826
0.64945983
0.38156975
0.56045470
0.41421576
0.19991706
0.66356057
0.70316758
0.65861385
0.22655469
0.36433762
0.19199910
0.36073230
0.08073778
0.07487951
0.58461385
0.31391173
0.60490216
0.10682807
0.50315929
0.41274726
0.32861221
0.42973952
0.73035049
0.40165924
0.59332568
0.39831013
0.40071556
0.41066823
0.07658001
0.49948011
0.18337856
0.21478543
0.63012302
0.08843674
0.69163701
0.13075893
0.20227081
0.15295721
0.19327771
0.14076052
0.12473237
0.22828427
0.18562461
0.21940485
0.20225654
0.21674368
0.30264485
0.15481161
0.45607348
0.25967398
0.24582003
0.35125462
0.11027430
0.36040701
0.07649978
0.44504379
0.14802451
0.13942241
0.66795805
0.12671946
0.08017368
0.37116543
0.43954923
0.12917115
0.21132791
0.30892468
0.38192818
0.43119137
0.40033184
0.11970762
0.07707086
0.72773011
0.58176430
0.49609484
0.40921122
0.55108087
0.42824607
0.28018337
0.10554892
0.43664125
0.80583019
0.42602217
0.20800922
0.12952445
0.16034950
0.19762832
0.13194560
0.09767066
0.14838640
0.50774146
0.60012606
0.57869726
0.41629724
0.46200490
0.37984633
0.56154217
0.72921171
0.16563137
0.09655028
0.45274198
0.51910868
0.07504217
0.62408105
0.63792583
0.50896883
0.08621966
0.11175264
0.28712272
0.58115798
0.42094716
0.10047570
0.29050196
0.39174302
0.44406337
0.13803846
0.35402400
0.17718762
0.81479273
0.45066299
0.07719494
0.70742312
0.09480046
0.50115560
0.07601169
0.13660304
0.32327995
0.30045288
0.08719891
0.35190096
0.40551969
