# NTRAJ	1000
0.26484721
0.15078749
0.28489762
0.01634285
0.15078749
0.00429421
0.10380044
0.15078749
0.15078749
0.15078749
0.32384538
0.15078749
0.15078749
0.15078749
0.29621030
0.28253575
0.15078749
0.15078749
0.15078749
0.11384358
0.32772847
0.01170127
0.15078749
0.12712729
0.15078749
0.03195865
0.00006339
0.26358029
0.02480909
0.23241531
0.06491767
0.15078749
0.15078749
0.29024478
0.15078749
0.15078749
0.15078749
0.15078749
0.10682802
0.30623158
0.15078749
0.28977333
0.15078749
0.26595541
0.00077870
0.19324119
0.15078749
0.15078749
0.15078749
0.25644574
0.15078749
0.16704224
0.15078749
0.01346604
0.23018133
0.15078749
0.09377173
0.18556264
0.15078749
0.15078749
0.15078749
0.20972390
0.15078749
0.21644173
0.20060266
0.18604239
0.15078749
0.15078749
0.15078749
0.15078749
0.25628704
0.19852215
0.07421666
0.15078749
0.23241531
0.15078749
0.12479647
0.21644173
0.17725194
0.07563004
0.15078749
0.15078749
0.15078749
0.15078749
0.23688058
0.15078749
0.15078749
0.32788369
0.01467134
0.08831757
0.15078749
0.00129368
0.29448461
0.15078749
0.15078749
0.02632977
0.15078749
0.20028258
0.00031693
0.17852978
0.15078749
0.26262981
0.15078749
0.31419383
0.15543611
0.21404295
0.27117508
0.15078749
0.15078749
0.11645322
0.15078749
0.13540306
0.33222666
0.23624292
0.16417592
0.15078749
0.28348070
0.22091784
0.15078749
0.31247825
0.27575555
0.01200079
0.15078749
0.00942105
0.33284658
0.00415117
0.27243927
0.15078749
0.15078749
0.15078749
0.27906855
0.15078749
0.30763820
0.10576672
0.03011115
0.15078749
0.00351297
0.15078749
0.15078749
0.15078749
0.15078749
0.05885571
0.15078749
0.15078749
0.15078749
0.00280423
0.15078749
0.09704425
0.30763820
0.29824851
0.32850449
0.20364337
0.28914463
0.15078749
0.10789104
0.15078749
0.05647654
0.24373027
0.15078749
0.15078749
0.15078749
0.31653170
0.33098644
0.15078749
0.01011114
0.15078749
0.10289504
0.29197281
0.15078749
0.15078749
0.26120362
0.00525066
0.20892394
0.01642831
0.32260174
0.15078749
0.00387171
0.15078749
0.15078749
0.15078749
0.15078749
0.15078749
0.15078749
0.15078749
0.15078749
0.15078749
0.15078749
0.08670882
0.15078749
0.12743847
0.15078749
0.15078749
0.13948341
0.00193109
0.27212327
0.15078749
0.03531049
0.15078749
0.24850309
0.15078749
0.00260987
0.15078749
0.33331144
0.15078749
0.26532220
0.30591891
0.11999725
0.00551664
0.15099941
0.18748180
0.17262252
0.15078749
0.01067805
0.15078749
0.00810409
0.15078749
0.15078749
0.23608349
0.03668268
0.15078749
0.06396445
0.15078749
0.15078749
0.24022700
0.30310344
0.00005724
0.15078749
0.15078749
0.02421020
0.04575843
0.28363817
0.21404295
0.15078749
0.15078749
0.02312646
0.19612161
0.03152049
0.15078749
0.15078749
0.15078749
0.04526512
0.15078749
0.30654422
0.33300154
0.28190562
0.15078749
0.29777827
0.15078749
0.15078749
0.21820047
0.25199977
0.15078749
0.15078749
0.15078749
0.24770798
0.15078749
0.15078749
0.26611369
0.15078749
0.15078749
0.26516388
0.31357010
0.32089091
0.11430347
0.15078749
0.22986212
0.15078749
0.32897001
0.15078749
0.07648104
0.15078749
0.15078749
0.15078749
0.15078749
0.00488822
0.13117963
0.12993116
0.21532237
0.06126148
0.00351297
0.08539715
0.15078749
0.11522408
0.15078749
0.15078749
0.21947934
0.24022700
0.02798788
0.15078749
0.15078749
0.15078749
0.30982498
0.01410362
0.17342036
0.15078749
0.15078749
0.33160661
0.15078749
0.15559473
0.32384538
0.23209623
0.15078749
0.29542601
0.23672117
0.00535635
0.15078749
0.00028967
0.11261855
0.15078749
0.15078749
0.15078749
0.15078749
0.15078749
0.28772959
0.15078749
0.15078749
0.32275723
0.05154613
0.16083540
0.15078749
0.23193667
0.15078749
0.30904417
0.15078749
0.15078749
0.15078749
0.23401048
0.15078749
0.01711842
0.18284456
0.15078749
0.15078749
0.15078749
0.25993544
0.15078749
0.15078749
0.15078749
0.00969459
0.12495169
0.19340121
0.15078749
0.15078749
0.27417677
0.26753795
0.06491767
0.22810616
0.15078749
0.15078749
0.00042171
0.08583391
0.15078749
0.15078749
0.13979778
0.15078749
0.00242202
0.32400080
0.12169735
0.15078749
0.15078749
0.15084114
0.15078749
0.01237960
0.18540272
0.15078749
0.32633113
0.15078749
0.09898770
0.08861072
0.05052489
0.15078749
0.31964606
0.00280423
0.15078749
0.15078749
0.00012375
0.15078749
0.15078749
0.15078749
0.15078749
0.28458281
0.15078749
0.15078749
0.32089091
0.15078749
0.26848713
0.15078749
0.05766273
0.13869777
0.15078749
0.16385761
0.15078749
0.17118680
0.15078749
0.24229743
0.15078749
0.15078749
0.00220526
0.15078749
0.08597960
0.15078749
0.22443305
0.02581919
0.28269326
0.13055523
0.15078749
0.15078749
0.15078749
0.27654466
0.13869777
0.18396365
0.02264001
0.03000369
0.05568958
0.32104648
0.00429421
0.33284658
0.02978915
0.01458968
0.15078749
0.24070487
0.15078749
0.00213512
0.15078749
0.15078749
0.15078749
0.15078749
0.09495929
0.25644574
0.33269161
0.15078749
0.33269161
0.00478681
0.01162689
0.15078749
0.28048739
0.15078749
0.15078749
0.15078749
0.26896162
0.15078749
0.15078749
0.03485702
0.15078749
0.11999725
0.15078749
0.15078749
0.15416752
0.09883796
0.26579712
0.04173899
0.16991105
0.03645277
0.15078749
0.26231292
0.29621030
0.15078749
0.15078749
0.15078749
0.15078749
0.16911392
0.15078749
0.15078749
0.15078749
0.18124615
0.15078749
0.00675580
0.15078749
0.15078749
0.15078749
0.15078749
0.15078749
0.25850822
0.09988702
0.03737530
0.27686025
0.15078749
0.15078749
0.30904417
0.04913057
0.00948912
0.02167889
0.03737530
0.15078749
0.15078749
0.31388198
0.01720547
0.31590845
0.15078749
0.15078749
0.15078749
0.15078749
0.30075524
0.28458281
0.05477540
0.23448894
0.23289391
0.28080261
0.00573364
0.15078749
0.15078749
0.15078749
0.18012750
0.15078749
0.18108633
0.15078749
0.00387171
0.15078749
0.15078749
0.16529029
0.13791258
0.15078749
0.31357010
0.19260115
0.31091779
0.15078749
0.15078749
0.29558288
0.33083138
0.15078749
0.15078749
0.04330855
0.15078749
0.15078749
0.15078749
0.15078749
0.01642831
0.15078749
0.21676153
0.15078749
0.15078749
0.15078749
0.28647125
0.29746474
0.15078749
0.20252312
0.09170044
0.05001652
0.15078749
0.15078749
0.20604377
0.28552717
0.01711842
0.15078749
0.15078749
0.15078749
0.15078749
0.20012254
0.15078749
0.31840070
0.15078749
0.20220305
0.27164920
0.00443945
0.15078749
0.04125977
0.32741800
0.15078749
0.15845187
0.09988702
0.08091204
0.15078749
0.15078749
0.15078749
0.15078749
0.15078749
0.15078749
0.15078749
0.15078749
0.15078749
0.22491226
0.19532146
0.15078749
0.15078749
0.02872472
0.00401033
0.22587059
0.00013269
0.15078749
0.04042540
0.15078749
0.15638803
0.04197926
0.15078749
0.15078749
0.15078749
0.15078749
0.14483694
0.19132113
0.09570295
0.00217005
0.06287957
0.15078749
0.12510694
0.14121334
0.31995732
0.25088751
0.15078749
0.15078749
0.15078749
0.15078749
0.15078749
0.29228689
0.15078749
0.15078749
0.13916910
0.31840070
0.12138800
0.08539715
0.30701312
0.13571649
0.15078749
0.21244347
0.16449427
0.00617877
0.15078749
0.19388126
0.15078749
0.15078749
0.01566555
0.15078749
0.19516144
0.15078749
0.15078749
0.15078749
0.06193432
0.33238165
0.22603030
0.05218744
0.15078749
0.20332330
0.00132129
0.15078749
0.15078749
0.15078749
0.15078749
0.00623545
0.02767420
0.03725956
0.15078749
0.15078749
0.15078749
0.20924393
0.15078749
0.24054559
0.15078749
0.01871186
0.15078749
0.32493314
0.04477346
0.04030666
0.24436694
0.00004587
0.10229220
0.28316575
0.12061509
0.14105599
0.28961617
0.02401178
0.15078749
0.27717581
0.29511224
0.26674676
0.15078749
0.15078749
0.15078749
0.15078749
0.15078749
0.15078749
0.15078749
0.10804304
0.15078749
0.12946335
0.01394310
0.15078749
0.15078749
0.15078749
0.15078749
0.15078749
0.15078749
0.00333961
0.15078749
0.23161756
0.15078749
0.20828394
0.00167409
0.30513710
0.20732389
0.30044201
0.15078749
0.15068288
0.25279405
0.21804060
0.12371063
0.16322109
0.15078749
0.21628183
0.19868218
0.17437796
0.32446701
0.00333961
0.15078749
0.25866682
0.15078749
0.15078749
0.15078749
0.15078749
0.15078749
0.17405874
0.15078749
0.15078749
0.31388198
0.15078749
0.26500555
0.15078749
0.15078749
0.15078749
0.00000016
0.15078749
0.00578847
0.26911977
0.15078749
0.15078749
0.21244347
0.15078749
0.03531049
0.20684386
0.15078749
0.15078749
0.15078749
0.28977333
0.04812387
0.15078749
0.03485702
0.15078749
0.15078749
0.22666910
0.15078749
0.15078749
0.15078749
0.00203190
0.15078749
0.10168996
0.01817452
0.15078749
0.15078749
0.02684398
0.23863375
0.08743932
0.15078749
0.25565218
0.10834714
0.28945899
0.00019269
0.06396445
0.21468268
0.15078749
0.15078749
0.15078749
0.15078749
0.00003575
0.00312859
0.15861071
0.25390579
0.10865138
0.15078749
0.15078749
0.00396388
0.06656018
0.17022995
0.03531049
0.01067805
0.15078749
0.15078749
0.13964059
0.13305488
0.05965473
0.15078749
0.15078749
0.01755543
0.05386553
0.29432768
0.01729270
0.25771509
0.29260094
0.15078749
0.15078749
0.28143295
0.15078749
0.15078749
0.15078749
0.00096019
0.15078749
0.00276484
0.15078749
0.15078749
0.29683758
0.15078749
0.15078749
0.15078749
0.28568453
0.33114150
0.11645322
0.15078749
0.15078749
0.31668750
0.19180113
0.15078749
0.28237823
0.10364945
0.20284319
0.24181972
0.19756192
0.00888404
0.15078749
0.15078749
0.15078749
0.14910100
0.15078749
0.15078749
0.15078749
0.15078749
0.15078749
0.15078749
0.11353714
0.01853207
0.15078749
0.06260912
0.00401033
0.15078749
0.15078749
0.21276338
0.28851580
0.15078749
0.11691464
0.31980170
0.15078749
0.20908393
0.32431161
0.15078749
0.15078749
0.15078749
0.07464002
0.15078749
0.19196113
0.15078749
0.00132129
0.15078749
0.19276116
0.23018133
0.15078749
0.06848952
0.00075730
0.27117508
0.15078749
0.31653170
0.15078749
0.12154266
0.09629865
0.29526913
0.00312859
0.08510623
0.15078749
0.09229132
0.15078749
0.30857559
0.30857559
0.05477540
0.19356122
0.15078749
0.15078749
0.15078749
0.27022663
0.15078749
0.15078749
0.28710048
0.10093805
0.15078749
0.01898281
0.15078749
0.15078749
0.32788369
0.14736252
0.28710048
0.00401033
0.33346638
0.15078749
0.03108444
0.10849924
0.18716191
0.15078749
0.29479844
0.15078749
0.15078749
0.15078749
0.02490943
0.27843776
0.15078749
0.18636224
0.15078749
0.28678588
0.00681475
0.15078749
0.01330853
0.15078749
0.13149197
0.30732568
0.31434975
0.15078749
0.15078749
0.15078749
0.23703999
0.32664170
0.15078749
0.17757137
0.15305812
0.18700197
0.15078749
0.10319669
0.15078749
0.24293430
0.15078749
0.30732568
0.09111030
0.24548091
0.15078749
0.17964814
0.15078749
0.21532237
0.22059820
0.20108278
0.31357010
0.22235608
0.15078749
0.07747664
0.10229220
0.25215864
0.15078749
0.18268470
0.25771509
0.30012875
0.00766350
0.31622009
0.15078749
0.06247400
0.22299521
0.15718160
0.09081552
0.32539921
0.15078749
0.03983280
0.15078749
0.15078749
0.15078749
0.15078749
0.15078749
0.15078749
0.16975161
0.33253664
0.01835295
0.24929805
0.15078749
0.06206913
0.15078749
0.13555977
0.31575261
0.15078749
0.15078749
0.30998112
0.15078749
0.10697978
0.11032709
0.04950969
0.15078749
0.15078749
0.26437217
0.03406823
0.15078749
0.22810616
0.15078749
0.15078749
0.08293112
0.24770798
0.00360116
0.31185416
0.15078749
0.08192022
0.15078749
0.05912173
0.15078749
0.24707179
0.15078749
0.10986968
0.15078749
0.18716191
0.29479844
0.15078749
0.03610880
0.25199977
0.14941727
0.02225367
