# NTRAJ	1000
0.99989148
0.99999985
0.99995972
0.99995017
0.99678342
0.99824666
0.99999985
0.99772762
0.99999985
0.96414609
0.99999903
0.96098708
0.99999768
0.99999998
0.99999375
0.99997884
0.99999987
0.99999939
0.99587725
0.99941576
0.99998889
0.99999921
1.00000000
0.99999363
1.00000000
0.99994137
0.99998895
0.99999899
0.99999730
0.99999933
0.99764844
0.98104290
0.99970886
0.99999723
0.99999956
0.99924085
0.99999432
0.99999999
0.99999929
0.99999995
0.99999969
0.99942075
0.99999865
1.00000000
0.99130897
0.99999976
0.99992754
0.99999836
0.99902557
0.99999989
0.99999264
0.99696818
0.99999986
0.99273301
0.99995310
0.98936312
0.99999998
0.99996687
0.99881329
0.99999995
0.99983994
0.99999893
0.99999994
0.99999771
0.99884517
0.99999354
0.99942941
0.99999759
0.99952115
0.99997843
0.99999951
0.99989243
0.99999426
0.99999979
0.99992792
0.99998240
0.99999990
0.99999860
0.99834909
0.99993457
0.99993076
0.99997927
0.99999986
0.99944401
0.99999788
0.98656912
0.99997283
0.99998192
0.99999993
0.99999740
0.99999998
0.99999974
0.99997332
0.99999704
0.99999952
0.99996251
0.99999986
0.99851024
0.99761967
0.99989674
0.99999922
0.99999793
0.99999800
0.99999888
0.99999410
0.99993825
0.99995384
0.99999998
0.99689943
0.99992886
0.99983386
0.99999981
0.99999985
0.99999985
0.53714535
0.99999868
0.99999895
0.99881909
0.99999899
0.99999999
0.99987443
0.99958378
0.99998629
0.99999990
1.00000000
0.99999475
0.99999380
0.99999995
0.91099253
1.00000000
0.95639222
0.99597058
0.99999997
0.99999797
0.99999867
0.99854176
0.99999494
0.99999960
0.99999945
0.99999392
0.99995195
0.99986566
0.99999925
0.99987623
0.99999999
0.99999945
0.99999965
0.99999975
0.99996752
0.99999961
0.99998335
0.99995453
0.99998801
0.99863311
0.99999999
0.99992301
0.99999914
0.99998266
0.99992763
0.99999984
0.99999970
0.99998446
0.99991970
0.99999866
0.99999987
0.99998839
0.99999802
0.99999923
0.99980486
0.99991629
0.99995509
0.99999845
0.99874255
0.99999997
0.99999996
0.97226403
0.99999477
0.99719995
0.99990757
0.99899940
0.99999690
0.99999039
0.99999899
0.99838268
0.99489868
0.99903239
0.99999156
0.99999998
0.99999983
0.99997646
1.00000000
0.99999986
0.99987633
0.99999616
0.99988395
0.99991708
0.99998826
0.99998365
0.99999774
0.99850873
0.99999590
0.99999356
0.99989546
0.99996030
0.99989272
0.99996987
0.99999904
0.99986368
0.99999203
0.99990687
0.99996000
0.99999450
0.99999988
0.99999740
0.99999999
0.99999273
0.99999804
0.99999964
0.99999350
0.99999922
0.99971052
0.99999584
0.99988478
0.99999531
0.99948321
0.99954207
0.98671667
0.99998486
0.99984698
0.99999995
1.00000000
0.99999523
0.99299364
0.99976100
0.99999166
0.99999893
0.99999992
0.99999658
0.99999484
0.99999954
0.99986032
0.99998627
0.99999581
0.99999993
0.99988137
0.99883493
0.99999846
0.99718167
0.99982768
0.99989894
0.99986510
0.99934515
0.99999892
0.99998479
0.99999991
0.99999991
0.99979015
0.99999197
0.99997507
0.99998502
0.99999661
0.99999182
0.99999991
0.99999905
0.99999998
0.99991566
1.00000000
0.99012467
0.99979226
0.99999905
0.99988652
0.98254694
0.99975764
0.99998006
0.99970708
0.99999974
0.99999262
0.95208465
0.99999472
1.00000000
0.99999970
0.99999773
0.99999995
0.99992485
0.99971713
0.99999010
0.99999995
0.99999993
0.99920182
0.99999992
0.99987211
0.99999980
0.99999298
0.99968196
0.99995739
0.99973082
0.99999948
0.99958713
0.99956956
0.99431774
0.99998444
0.99999956
0.99707936
0.99831020
0.99973857
0.99999998
0.99999999
0.99998763
0.99421526
0.99986535
0.99993415
0.99999350
0.99978201
0.99999986
0.99999838
0.99999987
0.99999613
0.99999876
0.99994599
0.99997391
0.99995939
0.87862081
0.99999965
0.99999721
0.99999982
0.99999959
0.99999926
0.99999999
0.99999808
0.99999953
0.99999518
0.99998984
0.99999842
1.00000000
0.99982999
0.99998907
0.99999620
0.99999777
0.99999997
0.99999640
0.99478567
0.99999893
0.99997342
0.99999975
0.99999758
0.99999921
0.99999517
0.99999761
0.99999598
0.99999999
0.99998639
0.81217477
0.99999898
0.97595271
0.99993140
0.99999676
0.99998666
0.99999021
0.99999999
0.99999898
0.99999976
0.99999389
1.00000000
0.99999550
0.97115611
0.99959691
0.99999970
0.99999907
0.99999659
0.96433693
0.99999978
0.99998078
0.99983689
0.99999186
0.99991630
0.99999708
0.99999827
0.99849572
0.99999959
0.99998365
0.99999857
0.99993212
0.99999755
0.99999964
0.99999804
0.99999146
0.99999997
0.99999732
0.99998314
0.99813738
0.99996555
0.99999257
0.99999961
0.99999872
0.99868915
0.99999994
0.99978299
0.99586862
0.99999945
0.99928894
0.99937679
0.99999994
0.99997428
0.99990751
0.99964775
0.99879286
0.99991764
0.99986742
0.99999568
0.99999803
0.99999050
0.98711785
0.99808630
0.99997018
0.99999999
0.99999953
0.99999864
1.00000000
0.99995668
0.99994460
0.99994313
0.99999558
0.99996357
0.99999940
0.99999861
0.99996101
0.99997671
0.99998766
0.99997879
0.99987982
0.99997963
0.99999979
0.99999966
0.99076165
0.99999818
0.98777698
0.99999978
0.99998257
0.99999988
0.99999995
0.99954853
0.99999568
0.82236713
0.99999995
0.99999409
0.99934447
0.99999221
0.99999982
0.99999911
0.99993225
0.99999981
0.99998081
0.99999916
0.99864295
0.99999826
0.99999987
0.99999502
0.99451484
0.99963025
0.99148477
0.99999974
0.99999651
0.99358948
0.99974386
0.99998785
0.99999938
0.99999922
0.99996457
0.99999995
0.99999876
0.99999794
0.99999659
0.99999350
0.99999114
0.99997615
0.99952917
0.99999982
0.99989477
0.99997896
0.99999998
0.99998577
0.99997337
0.99998752
0.96822173
0.99999348
0.99999922
0.99997119
0.99366976
0.99974412
0.99999997
0.99999990
0.99999749
1.00000000
0.99999922
0.99999080
0.99999957
0.99999916
0.99994732
0.99998628
0.99999993
0.99996216
0.99999717
0.99999824
0.99977768
1.00000000
0.99997376
0.99710931
0.99999566
0.59992738
0.99999891
0.99999998
0.99689554
0.99999339
0.99999891
0.99999999
0.99999896
0.99987664
0.99999921
0.99999308
0.99998854
0.99987414
0.99451530
0.99863635
0.99999948
0.99999380
0.99999967
0.99996567
0.99989834
0.99999847
0.99997216
0.99999954
0.99986457
1.00000000
0.99999984
0.99993121
0.99999515
0.98348260
0.99982233
0.99833468
0.99993411
0.99998091
0.99999998
0.99921620
0.99999999
0.99999956
0.99999676
0.99999204
0.99999298
0.99999978
0.99999124
0.99884736
0.99999991
0.99999968
0.99999986
0.99999259
0.99974108
0.99999940
0.99982483
0.99960454
0.99998667
0.99999711
0.99999714
0.99998765
0.99994571
0.99913614
0.99999895
0.99987689
0.99998871
0.99972985
0.99999647
0.99999993
0.99995141
0.99999984
0.99997056
0.99683297
0.99985683
0.99999989
0.99531270
0.99994205
0.99998474
0.99999447
0.99993892
0.99999997
0.99999813
0.99999925
0.99999993
0.99999722
0.99999965
0.99999929
0.99992857
0.99381025
0.99999183
0.99990792
0.99999996
0.99995538
0.99999910
0.99993420
0.99999969
0.99999979
0.99896535
0.99999991
0.99999490
0.99999999
0.99986859
0.99995818
0.99999947
0.99996407
0.99999584
0.99999877
0.99999942
0.99999967
0.99994619
0.99999191
0.99999977
0.99995197
0.99970824
0.99999994
0.99999964
0.90818181
0.99999701
0.99968794
0.99999909
0.95480217
0.99997426
0.99990211
0.99999911
0.99965732
0.99999991
0.99999944
0.98421354
0.99999711
0.99997611
0.99999854
0.99999999
0.99997603
0.99998338
0.99999924
0.99998416
0.99999955
0.99999993
0.99999809
0.99998798
1.00000000
0.99999957
0.99980461
0.99991374
0.99999986
0.99957597
0.99999507
0.99985260
0.99999576
0.99999954
0.99882764
0.99999841
0.99542750
0.99997832
0.99968879
0.99537759
0.99509349
0.99959602
0.99999954
0.99998960
0.99999983
0.99981627
0.99999823
0.99999841
0.82699373
0.99999840
0.99999918
0.98346602
0.99999992
0.99982131
0.99991770
0.99999920
0.99999607
0.99999829
0.99999927
0.99997449
0.99999968
0.99996256
1.00000000
0.99993806
0.99999704
0.99983664
1.00000000
0.99999996
0.99994947
0.99989411
0.99999858
0.99999644
0.99998727
0.99991433
0.99946809
0.99850823
0.99984563
0.99999998
0.99999749
0.99997425
0.99995927
0.99950344
0.99999504
0.99999271
0.99936574
0.99999980
0.99999997
0.99999987
0.99997327
0.99999998
0.99978438
0.99999995
0.99999805
0.99999999
0.97068302
0.99997764
0.99985937
0.99992224
0.99999248
0.99999731
0.99998517
0.99999996
0.99999967
0.99999939
0.99999980
0.99619752
0.99999603
0.98030506
0.99999979
0.99915703
0.99986616
0.99997817
0.99997259
0.99999995
0.99999877
0.99999999
0.99974487
0.99999991
0.99992775
0.99997533
0.99625540
0.93047606
0.99999860
0.99987719
0.99999999
0.99994915
0.99999304
0.99999779
0.99999992
0.99998723
0.99962844
1.00000000
0.99959314
0.99999976
0.99998634
0.99975440
0.99999992
0.99999970
0.99970886
0.99999284
0.99999719
0.99977135
0.99996057
0.99989266
0.99999991
0.99999998
0.99998492
0.99999916
0.99999213
0.99952483
0.99999801
0.99998894
0.99999997
0.99990415
0.99999487
0.99935206
0.99999842
0.99999999
0.99949781
0.99999380
0.99991946
0.99991543
1.00000000
0.99999775
0.99907352
0.99994712
0.99469624
0.99999941
0.99997429
0.99999970
0.99999349
1.00000000
0.99312661
0.99999939
0.65930445
0.99972213
0.99998714
0.99999993
0.99999997
1.00000000
0.99996790
0.99977569
0.99928795
1.00000000
0.99994407
0.99981394
0.99902171
0.99998232
0.80932959
0.99999994
0.99985049
0.99999996
0.99658474
0.99999998
0.99987449
0.99941629
0.99999245
0.99999358
0.99999999
0.99999655
0.99999657
0.99999961
0.99997938
0.99999919
0.99999963
0.99860625
0.99999901
0.99940385
0.99997920
0.99998406
0.99999149
0.99999999
0.99999999
0.91232346
0.99987137
0.97430446
0.99999971
0.99999087
0.99999993
0.99999770
0.99999896
0.99999982
0.97528780
0.99999890
0.97849873
0.93914952
0.99998788
0.99962687
0.99999983
0.99999884
0.99999982
0.99999977
0.99729329
0.99336517
0.99925916
1.00000000
0.99936295
0.99999987
0.99999419
0.99999950
0.99999986
0.99999982
0.99999979
0.99995525
0.99999989
0.99905546
0.99999999
0.99999910
0.99999998
0.99998158
0.99977715
0.99970727
0.99981687
0.99999998
0.99998942
0.99906682
0.99999699
0.99999974
0.99977216
0.99974589
0.99999811
0.99975629
0.99999990
0.99999999
0.99859449
0.99998408
0.99994846
0.99999042
0.99999808
0.99994097
0.99999636
0.99996833
0.99999999
0.99971261
0.99981651
0.99999847
0.99999868
0.99999991
0.99998871
0.99999997
0.99977696
0.99695833
0.99987369
0.99999739
0.99999728
0.99999915
0.99998894
0.99977541
0.99999925
0.99987959
0.99919614
0.99996570
0.99497022
0.99999973
0.99999983
0.99999962
0.99613195
0.99999575
0.99998524
0.99999872
0.99999987
0.99999930
0.99999639
0.99784963
0.99999991
0.99999989
0.99999998
0.99999940
0.99998615
0.99291885
0.99999398
0.99914027
0.99999170
0.99999973
0.99737476
0.99484689
0.99997899
0.99999644
0.99994238
0.99999983
0.99999883
0.99999998
0.99999209
0.99785921
0.99771141
0.99999679
0.99999996
0.99999966
0.99999967
0.99998321
0.99991300
0.99556588
0.99998632
0.99999981
0.99999307
0.98809531
0.99999907
0.12553970
0.99999350
0.98302079
0.99999977
0.99999983
0.99999995
0.99999837
0.99999999
0.99999842
0.99999921
0.99986781
0.99995134
0.99988413
0.99996294
0.99999993
0.99999941
0.99999999
0.99790882
0.99999825
0.99999843
0.99781894
0.99856363
0.99999996
0.99991209
0.99999849
0.99999894
0.99999179
0.99996326
0.99876676
0.99985618
0.99999987
0.97427658
0.99999999
0.99999965
0.99999995
0.99999911
0.99977364
0.99999576
0.98288971
0.99999783
0.99986572
0.99974976
0.99999991
0.99999940
0.99999986
