# NTRAJ	1000
0.06487200
0.08345068
0.00530240
0.14888959
0.01159120
0.14746275
0.08125820
0.17623909
0.17630402
0.12395770
0.19402802
0.09555043
0.02918692
0.19327714
0.15791120
0.11242864
0.13804525
0.09751387
0.12451019
0.08508910
0.12187964
0.04158383
0.16144523
0.06498371
0.10899998
0.13194411
0.03151586
0.11252471
0.15725746
0.10489356
0.12091762
0.00172592
0.14104284
0.11710621
0.10267592
0.05371993
0.11167405
0.12253365
0.11853424
0.08241987
0.11178669
0.12634291
0.17468477
0.17861078
0.17986946
0.02969892
0.13221673
0.04314321
0.07437782
0.17835357
0.10426917
0.04591559
0.08120909
0.16491608
0.10457255
0.09718281
0.09440535
0.08421638
0.14920498
0.14929929
0.07331124
0.03986741
0.10442053
0.17897522
0.10073770
0.14329895
0.08611014
0.10307980
0.08133122
0.04774572
0.12206754
0.14445393
0.15074002
0.10214966
0.11238339
0.09221427
0.09148948
0.10695385
0.18211047
0.08805724
0.12848567
0.09977719
0.09303233
0.07133551
0.07436648
0.12961675
0.06690988
0.05974386
0.13813594
0.14072651
0.12683452
0.11316671
0.08015482
0.09104165
0.02405622
0.19270171
0.10482978
0.16975458
0.08765788
0.11268535
0.12176542
0.12181395
0.06448078
0.09106656
0.05082682
0.08860108
0.06765853
0.11142779
0.10238612
0.11557700
0.14124719
0.12694149
0.18587627
0.00445989
0.17239621
0.01940218
0.11948988
0.04731837
0.15526794
0.18681830
0.06635572
0.12911030
0.12655250
0.03518021
0.02975548
0.11662753
0.02760622
0.07695937
0.18144450
0.11342391
0.14008575
0.10274616
0.16688830
0.01122813
0.09658915
0.09020608
0.15026134
0.03132412
0.15635871
0.13973973
0.13180435
0.13093374
0.05648921
0.08435961
0.03256889
0.01019551
0.08579859
0.10631199
0.13050814
0.19137721
0.13603245
0.03407233
0.09922411
0.03210075
0.15258422
0.10581535
0.11038739
0.16004343
0.15483536
0.12910635
0.15772245
0.09933128
0.11499641
0.10078567
0.02155662
0.08975495
0.09623115
0.11213149
0.14098108
0.10497775
0.13482936
0.12845009
0.08030746
0.07213951
0.11728897
0.07950563
0.18768207
0.14654037
0.12854683
0.18787099
0.09576595
0.00285278
0.09648927
0.14478732
0.03904375
0.09998623
0.14514009
0.17101284
0.06334628
0.09264699
0.14559342
0.04528991
0.13815544
0.00508618
0.08521932
0.12962735
0.14175399
0.11298592
0.10961714
0.12179433
0.03396487
0.12789218
0.03928055
0.07030104
0.09875311
0.05542954
0.04465565
0.11904025
0.10467357
0.08912590
0.11090741
0.15177879
0.15927284
0.07738013
0.14396248
0.09067478
0.14099857
0.11512686
0.01108501
0.11910589
0.19478017
0.07473644
0.13007994
0.08054509
0.11921987
0.00202273
0.10457032
0.03462539
0.08286362
0.04265136
0.06232308
0.02883919
0.16289611
0.13518007
0.13239194
0.16161457
0.12084935
0.17434280
0.12499258
0.09388049
0.10095945
0.01144504
0.13879985
0.09188939
0.08038968
0.15238658
0.09981786
0.02462405
0.10173776
0.14595082
0.16218417
0.10672602
0.14632253
0.07335307
0.13312685
0.16300825
0.14100701
0.02071316
0.13387098
0.12150489
0.16776878
0.10607867
0.03372455
0.11547116
0.16234759
0.04641864
0.01677370
0.13813297
0.14330031
0.03377107
0.13885342
0.19316776
0.10303702
0.13250464
0.19095802
0.01446133
0.09429911
0.10739926
0.11339690
0.10963422
0.10311267
0.07989740
0.13273150
0.06120176
0.05842308
0.07761453
0.03963708
0.12700728
0.20541092
0.14800905
0.10512239
0.10724321
0.17551717
0.15427526
0.17589332
0.00910956
0.05645171
0.13515542
0.08742951
0.16400214
0.18841572
0.14606621
0.13917306
0.11730965
0.12838140
0.11771569
0.13442048
0.15241309
0.06164119
0.04904635
0.13403040
0.20398925
0.19463719
0.06603828
0.13039054
0.07080017
0.15746919
0.08269816
0.15707999
0.13233936
0.13708918
0.14404680
0.06116821
0.09382748
0.12635118
0.09518862
0.05596571
0.14985206
0.13389873
0.08938528
0.06328520
0.10411256
0.06445951
0.10321332
0.10201924
0.14797258
0.10063741
0.18153035
0.11295633
0.03559615
0.11369963
0.12109913
0.06580759
0.19826047
0.03814022
0.07193916
0.13949325
0.09757197
0.05081624
0.12706278
0.12492069
0.10766832
0.11301917
0.14338650
0.12857676
0.19141607
0.11807703
0.12783579
0.01154760
0.11817255
0.09754384
0.08310144
0.08509198
0.05759015
0.09288777
0.13247650
0.15719692
0.13944816
0.01249635
0.04504007
0.16960009
0.14908846
0.12813176
0.10102862
0.14807807
0.16389935
0.07108339
0.19690525
0.04308185
0.13811290
0.03254025
0.14874558
0.02631829
0.14709874
0.10301142
0.04270642
0.13086829
0.06914042
0.05664012
0.11954043
0.18360183
0.17701910
0.10770964
0.01140176
0.10923220
0.12855554
0.04829564
0.08139188
0.05935659
0.09706373
0.01888770
0.08666071
0.01487332
0.07632593
0.13225351
0.14058683
0.08106284
0.06571237
0.14430025
0.11632016
0.12632367
0.13858343
0.03722285
0.10572021
0.17743204
0.06830776
0.18578268
0.13798590
0.11941412
0.02838135
0.08082287
0.15974611
0.15307455
0.15776721
0.10402541
0.13026000
0.15086971
0.03819790
0.11950162
0.03156498
0.08595290
0.09668051
0.13755955
0.15183134
0.02577863
0.16343484
0.12729361
0.15167347
0.14750257
0.08111108
0.14557543
0.10984412
0.18224138
0.14663117
0.06592427
0.13171091
0.14886146
0.15734181
0.10329102
0.17520061
0.04524173
0.10440474
0.16621407
0.07504070
0.13879243
0.04408458
0.05577941
0.02379747
0.11345479
0.11260878
0.12971063
0.16584635
0.03009875
0.18831367
0.09255521
0.00296397
0.16125992
0.18842005
0.12178967
0.06761902
0.17337111
0.16212470
0.08005077
0.19546194
0.04490779
0.12160216
0.05758558
0.05346601
0.05175612
0.11868497
0.08788233
0.09566987
0.09029686
0.10178726
0.04916601
0.13548881
0.11577001
0.05307379
0.17375766
0.07957320
0.11627946
0.15576823
0.09552077
0.05111355
0.06865667
0.15573674
0.11648121
0.17081787
0.10725917
0.14094446
0.10325332
0.04327379
0.18324141
0.05516021
0.05105300
0.13183956
0.08304385
0.17937476
0.09776975
0.01866435
0.09179609
0.11405902
0.16554059
0.19306188
0.06189563
0.18780652
0.04988349
0.07898320
0.19550038
0.09621637
0.05527364
0.05336874
0.15297377
0.06052226
0.15259220
0.07299530
0.08898850
0.11357310
0.06410255
0.18405061
0.09577026
0.05556794
0.15952656
0.01112953
0.12092794
0.04146266
0.05852633
0.06076728
0.11507097
0.12707522
0.10054347
0.16634167
0.10022238
0.14351945
0.02452496
0.16682547
0.06851855
0.15225014
0.01309607
0.12567166
0.02742603
0.07035655
0.21012653
0.09490756
0.13180004
0.11277054
0.08187122
0.04003222
0.08848270
0.03702644
0.16899774
0.03568609
0.14839652
0.08039882
0.08173783
0.08431211
0.18119819
0.13938722
0.08885956
0.09476091
0.14034825
0.11903438
0.15735935
0.01357147
0.16047556
0.17746802
0.16663943
0.13047196
0.13167959
0.16019420
0.08249966
0.13240618
0.18800794
0.10756133
0.06838615
0.02083923
0.07973037
0.02186368
0.18748304
0.06196817
0.15863649
0.13350447
0.14467115
0.09533013
0.08623454
0.11620727
0.06608235
0.13957798
0.09388018
0.17160813
0.07269167
0.12993997
0.11321304
0.10600430
0.15793157
0.08925560
0.03173624
0.09522728
0.10681947
0.03959828
0.14686282
0.14764793
0.01526604
0.10551884
0.10449929
0.02952722
0.16497015
0.13459360
0.09702605
0.14795804
0.12359931
0.19332062
0.04265019
0.08376605
0.00599405
0.17324308
0.07537386
0.12983300
0.10656674
0.18841863
0.12700144
0.08077430
0.00051755
0.11781820
0.11107492
0.03873598
0.12300979
0.00652304
0.07403116
0.13753452
0.06886253
0.01806498
0.07220486
0.13652131
0.09865278
0.16201028
0.10641758
0.11422559
0.17254694
0.19492352
0.05314104
0.13280876
0.10721467
0.04297542
0.14587065
0.15175717
0.10893361
0.12055387
0.04856498
0.19430652
0.16840319
0.07591727
0.05921507
0.03539461
0.07200041
0.14235405
0.18028249
0.07399115
0.12733554
0.12988397
0.06667131
0.09250543
0.18011173
0.09676857
0.13326348
0.09723533
0.10746196
0.06799914
0.03878118
0.18122021
0.05661262
0.08117752
0.11337539
0.07408006
0.04627102
0.00186919
0.13631536
0.01969016
0.12674794
0.09942426
0.12537337
0.04899916
0.06901046
0.04874081
0.06938391
0.10032981
0.10660098
0.09212928
0.11273667
0.09888711
0.13143473
0.13521362
0.10193235
0.09560852
0.15715788
0.09185555
0.06350030
0.12699683
0.14220813
0.07435979
0.06892875
0.14275692
0.05436348
0.13992442
0.19457579
0.04074105
0.19840052
0.14740101
0.17938694
0.07412750
0.13060650
0.06733360
0.10354403
0.14773427
0.11387254
0.08248058
0.13674215
0.05648828
0.10782841
0.06745999
0.06038595
0.14645671
0.04368912
0.11306504
0.07068290
0.14775980
0.14333508
0.12253046
0.20306407
0.12413460
0.02602936
0.13405435
0.09558803
0.07448978
0.16886456
0.11047372
0.10095871
0.08252453
0.12836704
0.02762653
0.10379158
0.11581821
0.17239266
0.02139669
0.05927030
0.08835339
0.13336610
0.05215064
0.13752501
0.03537806
0.08320845
0.07862114
0.08382694
0.04852025
0.10333262
0.07465697
0.14033150
0.04585800
0.08119996
0.05053054
0.14688782
0.15381005
0.12195212
0.09331642
0.06275344
0.13918347
0.14968040
0.12854312
0.02376158
0.14435164
0.13703087
0.13178693
0.11027511
0.13132113
0.08988465
0.12132125
0.15764322
0.16211486
0.03512551
0.16051252
0.11525017
0.09468795
0.16103320
0.03586296
0.00893540
0.11469398
0.16778958
0.14881341
0.07119594
0.14401487
0.07640535
0.12212319
0.13830858
0.15177044
0.18705016
0.11789516
0.02918023
0.14526130
0.09713062
0.09418532
0.10706566
0.12990326
0.11653949
0.06064313
0.17156666
0.14456122
0.07215474
0.05757987
0.16286385
0.14375152
0.15586714
0.07212698
0.15786723
0.09413872
0.10869760
0.03462768
0.18772598
0.14730750
0.12872539
0.06502836
0.12527272
0.08485391
0.00076787
0.05227703
0.16392690
0.18264804
0.11393604
0.16318513
0.18405385
0.04123253
0.06697284
0.02300840
0.09000403
0.04350578
0.15353375
0.14060459
0.10566350
0.08522934
0.17209475
0.13801802
0.17431768
0.06314119
0.13347453
0.14052276
0.02504925
0.13138975
0.14749578
0.13600035
0.12999973
0.13887212
0.12852126
0.10723234
0.03770592
0.11912613
0.03758419
0.00259391
0.14196796
0.10160791
0.12917892
0.11648662
0.12007517
0.09239261
0.17409091
0.07396842
0.07880863
0.15183729
0.10215000
0.09530262
0.12549772
0.05059479
0.04946748
0.06137807
0.15507993
0.14820261
0.16858687
0.04512147
0.07063062
0.13769677
0.14895945
0.11081277
0.12312691
0.16456986
0.14975465
0.14053401
0.11931582
0.12275948
0.06973611
0.10697844
0.03013097
0.17964384
0.12139146
0.06854008
0.12787682
0.13091564
0.19860553
0.09959765
0.12280204
0.03788106
0.02045478
0.08600152
0.10678518
0.16809497
0.08884738
0.19639973
0.11514758
0.11593735
0.16751052
0.15081028
0.08516174
0.08351983
0.08510974
0.12079258
0.12803223
0.01529015
0.10871652
0.06846191
0.10691673
0.08324832
0.11213352
0.10703891
0.10321690
0.11966593
0.06476693
0.09573155
0.13623806
0.17960716
0.12586396
0.11895172
0.08109737
0.15961820
0.14519610
0.07798476
0.14765672
0.12669234
0.13107742
0.09500085
0.07844364
0.08411804
0.11379844
0.09972987
0.13606304
0.07668468
0.06544240
0.03916424
0.06758871
0.18754013
0.08177490
0.09823072
0.13165698
0.13313247
0.10888573
0.05730549
0.12785883
0.11910400
0.03463196
0.17918998
0.02809250
0.09222949
0.10386484
0.14277659
0.07224238
0.14855683
0.07450353
0.14790719
0.08774718
0.05429787
0.04266109
0.09666368
0.17103331
0.03569030
0.14072440
0.15035123
0.05630366
0.04048036
0.13424457
0.00402065
0.13051994
0.13010055
0.07729892
0.09852680
0.08941695
0.00930028
0.05606680
0.18573075
0.12835527
0.09896325
0.14458256
0.14036611
0.06416777
0.03540875
