# NTRAJ	1000
0.99618929
0.99266684
0.97695079
0.99931145
0.99996062
0.99949079
0.99994951
0.99957757
0.99429341
0.99963492
0.99010036
0.99875318
0.99499177
0.99895238
0.99935879
0.99978990
0.99942955
0.99748930
0.99839245
0.99448024
0.99992863
0.98795431
0.99991501
0.99986582
0.99829978
0.99955511
0.99998739
0.92266522
0.99989343
0.99982895
0.99965671
0.99799280
0.99972772
0.99833043
0.99760942
0.99970559
0.74546180
0.99675575
0.98537634
0.99985281
0.98501422
0.99921276
0.99999265
0.99989765
0.99994906
0.99681586
0.99999553
0.99744039
0.99806171
0.99995991
0.99942610
0.99521609
0.98692882
0.94387142
0.97556862
0.99896132
0.99959993
0.99972277
0.99995468
0.99959310
0.97717030
0.99913200
0.99993862
0.99931403
0.99977112
0.99990314
0.99857107
0.99492955
0.99922478
0.96062521
0.99860087
0.99995042
0.99998355
0.98310415
0.98783521
0.99933860
0.99979044
0.99975236
0.96354301
0.99902756
0.99723440
0.98711509
0.87325984
0.99734233
0.99975595
0.99961964
0.98933207
0.99598966
0.99980546
0.99956760
0.99905208
0.99757071
0.99013425
0.99114735
0.99841937
0.99887751
0.99976367
0.91716631
0.99157650
0.99987451
0.99793004
0.99975968
0.99996002
0.99042021
0.99540235
0.99569166
0.99702334
0.99895772
0.99983810
0.99698591
0.99861309
0.99922363
0.99994716
0.99774127
0.99875992
0.99937274
0.99784339
0.97793128
0.99993948
0.99941666
0.99972124
0.99940655
0.99996024
0.99990857
0.99119617
0.99949441
0.99942298
0.99999104
0.99848438
0.99310314
0.99799632
0.95559005
0.99537822
0.99987448
0.99977252
0.99275656
0.99977275
0.99560853
0.99995131
0.95185129
0.98475361
0.98820051
0.99916722
0.99862805
0.99999579
0.99995787
0.99883624
0.99928715
0.99116528
0.99927150
0.98439273
0.99966797
0.99660218
0.99956318
0.99989503
0.99985060
0.99783125
0.99287727
0.99974605
0.99988438
0.99917119
0.99988402
0.99478957
0.99583386
0.99463619
0.99938789
0.99959524
0.99990495
0.99872713
0.99461401
0.99711639
0.99756087
0.99896715
0.99874786
0.99351868
0.99918536
0.99563015
0.99994455
0.99998707
0.99209341
0.99881914
0.97225208
0.99965417
0.99966447
0.99788844
0.99985337
0.99896389
0.97876958
0.99981425
0.99909263
0.99565257
0.99154577
0.96713323
0.99743656
0.99979712
0.98204195
0.99300716
0.99800712
0.99995160
0.99952797
0.99996908
0.99906682
0.99074856
0.99986391
0.99980839
0.99987692
0.99613237
0.93916430
0.99990346
0.99524894
0.89274523
0.99913057
0.97788225
0.99984592
0.99980721
0.99860403
0.99990265
0.84641734
0.93458866
0.99936269
0.99979828
0.99975989
0.99759261
0.99960599
0.99859174
0.99976620
0.99998166
0.99831344
0.99998967
0.99139504
0.99966367
0.99749547
0.97719274
0.99913383
0.88082639
0.99947358
0.97826231
0.99885304
0.99990971
0.99977049
0.99972556
0.99943536
0.99996971
0.99945048
0.99993152
0.99498315
0.99993796
0.99904202
0.99999297
0.99612242
0.99991303
0.99925715
0.99446666
0.99178035
0.98754110
0.99471551
0.99937722
0.93923230
0.99789123
0.99996781
0.99504477
0.99579882
0.99992854
0.99951324
0.99754090
0.83347661
0.99907156
0.99379283
0.96358453
0.93277827
0.99672646
0.99689864
0.99368387
0.99939047
0.99984018
0.99243029
0.99822085
0.98002728
0.99757202
0.99864074
0.99397303
0.99274319
0.99016035
0.99076251
0.99974303
0.92978070
0.99956425
0.99977794
0.99970448
0.99955399
0.99935879
0.99981514
0.94113704
0.99784078
0.99995121
0.99953531
0.87726681
0.99921453
0.99500025
0.99976948
0.98693728
0.99978281
0.99987422
0.99948546
0.97364378
0.99949278
0.99786226
0.99489656
0.99931183
0.99999209
0.99995930
0.99960632
0.95070974
0.99666459
0.99986667
0.99985668
0.98623972
0.99866245
0.97640327
0.99952051
0.99755796
0.99327705
0.99990517
0.99865001
0.99956204
0.99991242
0.99998459
0.99992110
0.97919277
0.99998926
0.99981024
0.99968691
0.99921630
0.99944707
0.96263533
0.99898505
0.99902478
0.99975039
0.99717053
0.98989980
0.99790058
0.99986386
0.99512661
0.98202804
0.99995218
0.99995836
0.99972396
0.99996926
0.99971101
0.99988997
0.99973065
0.99687918
0.99990571
0.99163035
0.99940452
0.94972811
0.99888945
0.99480948
0.99919567
0.99610375
0.99991936
0.99638497
0.99050640
0.99967426
0.99849799
0.99938156
0.99779474
0.99993635
0.99939260
0.99873012
0.99927373
0.99987032
0.99965498
0.99462602
0.99993551
0.99990922
0.99960438
0.99784171
0.99936910
0.97610567
0.94552688
0.99941104
0.99752592
0.99991430
0.99988792
0.99992881
0.99998692
0.99982369
0.99923626
0.99706983
0.99692705
0.99837273
0.99992769
0.98727610
0.99966456
0.99981708
0.99812168
0.99995113
0.98974752
0.97359063
0.96831021
0.94337687
0.99655345
0.99663836
0.99762579
0.96375245
0.99976104
0.99844439
0.98761281
0.99913489
0.99998854
0.99993393
0.99998596
0.99239001
0.99567207
0.99856332
0.99981141
0.99926478
0.99249279
0.99604499
0.99961477
0.99709081
0.99988113
0.99938884
0.99987923
0.99981200
0.98939316
0.99966867
0.99928381
0.99880038
0.99870992
0.99847905
0.99922185
0.99159508
0.99965547
0.99920659
0.99980358
0.99911194
0.99932246
0.99998604
0.98765820
0.99840705
0.97758313
0.99978965
0.99791849
0.99731629
0.99990333
0.99997456
0.99917638
0.99357392
0.94977585
0.99992254
0.99993991
0.99994389
0.95932502
0.98814213
0.99916914
0.99999902
0.99976669
0.99319209
0.99658072
0.99744745
0.97355288
0.99974292
0.99699612
0.99899411
0.98199899
0.99082109
0.99997700
0.99962116
0.99750948
0.99980933
0.99974979
0.99985627
0.99994866
0.99996273
0.99988903
0.94045882
0.99331352
0.99977508
0.99914562
0.99978029
0.99863983
0.99802552
0.99876223
0.99944987
0.99981592
0.99976405
0.99955757
0.99997797
0.99188914
0.99948101
0.99975071
0.99940319
0.99985984
0.99992922
0.97126313
0.99783741
0.99971437
0.99845480
0.98938792
0.99860774
0.98087799
0.99953377
0.99913885
0.99154673
0.99912223
0.99768674
0.99151317
0.99998932
0.99868106
0.99944345
0.99964277
0.96283145
0.99927707
0.99977316
0.99427801
0.99518870
0.99667399
0.99566520
0.98669963
0.99998378
0.99785082
0.78437628
0.96323981
0.99945640
0.99736066
0.99512714
0.99182563
0.99873586
0.99439327
0.97874615
0.99998248
0.99990910
0.99033210
0.99963018
0.99994833
0.99935181
0.99911026
0.99882174
0.99988268
0.99986177
0.99963476
0.99947183
0.99953803
0.99932252
0.99971097
0.99950324
0.99837874
0.99844583
0.99986361
0.99853986
0.99762854
0.99999516
0.99990943
0.99991465
0.99986471
0.98665143
0.99955407
0.99848671
0.99969431
0.99963040
0.99996136
0.99879784
0.99947656
0.99926932
0.99845416
0.97848790
0.99866314
0.86300329
0.99558401
0.99977507
0.99897564
0.99987864
0.99979175
0.99937978
0.99971488
0.94694609
0.99984987
0.99978832
0.99941470
0.99955816
0.99743577
0.99978305
0.99780017
0.99941740
0.98159962
0.99915983
0.99843580
0.99917044
0.99482049
0.97413780
0.99605418
0.99949052
0.99980261
0.98861802
0.99675895
0.99930686
0.99843643
0.99526157
0.99961167
0.99058212
0.99831307
0.99614660
0.99990875
0.99958620
0.99596640
0.99898732
0.99937381
0.99957432
0.99759163
0.99766134
0.93308898
0.99955987
0.99992723
0.99837222
0.99988038
0.99830452
0.98117537
0.94183241
0.99999648
0.99996498
0.99294547
0.99508170
0.99623054
0.99222442
0.99948531
0.99999054
0.97508952
0.99992834
0.99938122
0.99975749
0.99997881
0.99905998
0.99988221
0.99316514
0.98739467
0.99999494
0.99876580
0.99952874
0.99986922
0.99752730
0.99930272
0.99923980
0.91416465
0.99979261
0.99880105
0.99986322
0.99793880
0.99970318
0.99434411
0.99998527
0.98079152
0.99940575
0.99974851
0.99986406
0.94853850
0.99921768
0.98935891
0.99879959
0.99990947
0.99997982
0.99880709
0.99979999
0.99911319
0.99984026
0.99983153
0.99953151
0.99999170
0.99925191
0.99977284
0.99988961
0.99955235
0.99831056
0.99262915
0.98546146
0.99283411
0.99999599
0.96943610
0.99836708
0.99898044
0.98910710
0.99972135
0.99955899
0.99938245
0.99669675
0.99215945
0.99951834
0.99909483
0.99832046
0.96760649
0.99975065
0.99984853
0.99742543
0.99595006
0.99912777
0.99977305
0.99409339
0.99983094
0.99982427
0.99996113
0.99984014
0.99819925
0.99982760
0.99659730
0.99932805
0.98613035
0.99986419
0.99999299
0.99988507
0.99985272
0.99896061
0.99773343
0.99985204
0.99995096
0.99997148
0.99933576
0.99902708
0.99989147
0.99948109
0.99973360
0.99986542
0.99848042
0.96036891
0.99991191
0.99421219
0.51013150
0.99965762
0.99978629
0.95211108
0.99988389
0.99986810
0.99908449
0.99895063
0.98560406
0.99913148
0.99849010
0.95481483
0.96563693
0.99636039
0.99967900
0.99997493
0.99979505
0.99989087
0.99967602
0.99985803
0.97957913
0.99997271
0.99986894
0.96161529
0.99969297
0.90121440
0.99994890
0.96893085
0.99992164
0.99995427
0.99760135
0.99414714
0.98282752
0.99699212
0.99943949
0.99997225
0.99816490
0.99981608
0.94939846
0.99954759
0.99680053
0.94722595
0.99395312
0.99997809
0.99949073
0.99885853
0.99976867
0.99345394
0.99994489
0.99719761
0.99966250
0.99065805
0.99799538
0.99998259
0.99981515
0.97299689
0.99613323
0.99987137
0.99853065
0.93417978
0.98988804
0.99970693
0.99923132
0.99939980
0.99972019
0.99632594
0.99775704
0.99962980
0.99948147
0.99208623
0.99927897
0.99999385
0.99952550
0.99923147
0.99972798
0.99420906
0.99989208
0.99903742
0.99967208
0.99964273
0.99855801
0.99863958
0.99810307
0.98011484
0.99361925
0.99998268
0.99988096
0.99921612
0.98717745
0.99999581
0.99982521
0.99998575
0.99228234
0.99999741
0.99742896
0.99968554
0.98712938
0.96985891
0.99942080
0.97464645
0.99979371
0.99775147
0.99999190
0.99935853
0.99885897
0.99923617
0.99999622
0.99636048
0.99823105
0.99980349
0.94380876
0.99506228
0.99121695
0.99979104
0.96470715
0.99002548
0.94832514
0.99568399
0.99987415
0.99899711
0.99885298
0.97310617
0.98684636
0.99724366
0.99902645
0.99986013
0.99932337
0.99793844
0.99989477
0.99995782
0.98910087
0.99859384
0.99957616
0.99995374
0.99203320
0.99513354
0.99899462
0.98976072
0.99948059
0.95296759
0.99105578
0.99337217
0.98924316
0.92883231
0.99937525
0.99940966
0.99920375
0.99981805
0.99984500
0.99970850
0.99912832
0.99985265
0.99938369
0.99986875
0.99991723
0.99942867
0.99561290
0.99988033
0.99111425
0.99982007
0.99990494
0.99991231
0.98796166
0.98400598
0.99246470
0.94783806
0.99857435
0.99944746
0.99899324
0.99984871
0.94648105
0.99853954
0.99726155
0.99223845
0.99739843
0.99980919
0.99987023
0.99708364
0.99942598
0.99900878
0.99538036
0.99979101
0.99866436
0.99887648
0.99838158
0.99982642
0.99998502
0.99856872
0.99960241
0.99501884
0.99949097
0.99956559
0.99983957
0.93693063
0.99980508
0.99992902
0.99992464
0.99956333
0.99976730
0.99908349
0.99969939
0.99925987
0.99098471
0.99579283
0.99816808
0.99841824
0.99993735
0.99878365
0.99971962
0.99458489
0.99970342
0.99958123
0.99936890
0.99981516
0.99998746
0.99985958
0.99781491
0.99701607
0.99956957
0.99946545
0.99689575
0.99994548
0.99963700
0.99119429
0.99993697
0.99509178
0.94445611
0.98145198
0.98661958
0.99620488
0.99990465
0.99859433
0.97989298
0.99375155
0.99916677
0.99998451
0.98937766
0.99997584
0.99932653
0.99994670
0.99561921
0.99951254
0.99991918
0.99999147
0.99994478
0.99956080
0.99732237
0.99976265
0.99559815
0.96405854
0.97031307
0.99969418
0.99966276
0.99447494
0.99960527
0.99826207
0.99985022
0.99775587
0.99981703
0.99964412
0.99997812
0.99422478
0.99880616
0.90793836
0.99065186
0.99883629
0.99946447
0.99964357
0.99675277
0.99904632
0.97111283
0.99990926
0.99867898
0.99693065
