# NTRAJ	1000
0.25922644
0.16933028
0.14753084
0.36429785
0.13675909
0.49721514
0.15245372
0.47621804
0.65665085
0.12790672
0.65921401
0.19499540
0.21685791
0.50574454
0.80139667
0.18474610
0.59747938
0.35327545
0.36288517
0.27008516
0.61260443
0.44364569
0.56716986
0.15112184
0.54948726
0.31530218
0.09372861
0.49119280
0.47733625
0.43337751
0.50384590
0.11630596
0.45906054
0.24685998
0.53418133
0.16969337
0.47851207
0.53520534
0.47480064
0.26960577
0.35360974
0.57221856
0.56197900
0.54922753
0.50094832
0.12888847
0.65371828
0.29281796
0.21712409
0.57356641
0.26366174
0.25167664
0.30947761
0.55452699
0.45364715
0.55192427
0.47445621
0.22639419
0.38908500
0.61535580
0.47235376
0.23627655
0.27608269
0.57466642
0.37635318
0.42945551
0.23129002
0.30454106
0.25624031
0.26508659
0.38524336
0.60220118
0.38297771
0.41455266
0.44939559
0.29875484
0.28715941
0.35532210
0.63214780
0.12273039
0.66739544
0.31869363
0.23967192
0.24577938
0.40456249
0.58646090
0.16186947
0.33191754
0.53154889
0.50303852
0.64846644
0.28140198
0.21964800
0.37352591
0.37119024
0.57674406
0.36258482
0.60574257
0.35083272
0.45971063
0.58154576
0.36782958
0.40464095
0.34856576
0.14087815
0.30708822
0.21102883
0.25324409
0.43399655
0.63633106
0.50472461
0.43251629
0.68629471
0.23837401
0.56205776
0.14955408
0.44301289
0.14051013
0.51894805
0.58918003
0.27324139
0.38750803
0.49025646
0.27065966
0.30934216
0.15014411
0.27275626
0.45644266
0.54901041
0.48802098
0.51233288
0.37158615
0.48609792
0.20185787
0.43656808
0.46504703
0.30595365
0.19561125
0.39354643
0.24336226
0.37390052
0.22575871
0.27551103
0.41043023
0.28322889
0.21984275
0.26067026
0.34701284
0.49712029
0.71549225
0.54261373
0.20365751
0.33339374
0.25058559
0.36019487
0.33320496
0.52810361
0.41903612
0.53872425
0.69739278
0.35042014
0.30360677
0.41215049
0.35037123
0.24835249
0.19589023
0.37149650
0.46965079
0.47302671
0.24758932
0.62436324
0.47486164
0.13587868
0.19091948
0.50848763
0.26752167
0.66254559
0.58472459
0.33800232
0.32551068
0.23983528
0.16975901
0.38272279
0.49432686
0.27264136
0.42874596
0.43390241
0.67944306
0.46324515
0.16090595
0.59306603
0.37248596
0.45267569
0.29165355
0.27996961
0.61772140
0.46068063
0.23195616
0.30033482
0.20923648
0.21801448
0.68142024
0.38614333
0.20860836
0.35676690
0.30591355
0.32232236
0.41541795
0.49165538
0.54507306
0.35366718
0.49825789
0.45897836
0.37757575
0.49456656
0.45453783
0.34779775
0.46485539
0.39361481
0.56307793
0.63788738
0.24816093
0.33675208
0.23976613
0.54361624
0.21454123
0.25984969
0.11156879
0.24940968
0.20788055
0.49022168
0.20951788
0.65989424
0.23145077
0.42957747
0.45328908
0.37563628
0.55832633
0.44742892
0.26892227
0.33420442
0.25518160
0.72519243
0.25796810
0.43353049
0.64115060
0.41236044
0.28871822
0.31543544
0.27106926
0.46302819
0.20626036
0.35023772
0.23719667
0.37190041
0.71762289
0.50399849
0.20248364
0.61580981
0.38254981
0.42044774
0.34348343
0.18593826
0.39934654
0.61312433
0.30596895
0.18467926
0.45788806
0.32530723
0.23584208
0.78971256
0.46768615
0.17288619
0.36201914
0.55614212
0.35986457
0.47522560
0.38434978
0.69588524
0.46727797
0.26777674
0.19194584
0.59866142
0.20715701
0.26173661
0.46268733
0.35622704
0.41318955
0.76027558
0.59861646
0.36908617
0.20594329
0.53178742
0.41417491
0.51549399
0.12865417
0.33694669
0.56403250
0.34260693
0.40520496
0.46033305
0.32119732
0.32368487
0.59859056
0.26287493
0.18175451
0.50749982
0.54638911
0.31245027
0.30656179
0.62356350
0.68477372
0.56996437
0.39215253
0.53641119
0.22886151
0.44073650
0.21985073
0.52611562
0.57101462
0.50723893
0.60128444
0.13420523
0.19626478
0.50574432
0.15951734
0.35332439
0.54088094
0.41925794
0.44667982
0.31572888
0.29279353
0.28138769
0.29987735
0.20547506
0.17980995
0.16133300
0.64687650
0.27235496
0.14117377
0.54914157
0.27317801
0.28060122
0.68852457
0.09766188
0.30124300
0.44493963
0.36859123
0.11475707
0.30538688
0.33745951
0.47709499
0.46726839
0.51680134
0.25664553
0.68259346
0.37152709
0.58717189
0.20624928
0.46740078
0.42606503
0.11630607
0.41727287
0.23976216
0.21877920
0.37626408
0.62369474
0.34113063
0.30900679
0.20830634
0.55246319
0.66130511
0.48494725
0.12075028
0.37217212
0.55271806
0.37208000
0.47939993
0.41193455
0.33743585
0.30875117
0.88614606
0.30940426
0.57763988
0.33933183
0.19127444
0.49520666
0.39044303
0.24292069
0.33598185
0.72414706
0.47391151
0.46429921
0.11512501
0.29459720
0.46694510
0.28696809
0.47120448
0.42094303
0.52823880
0.13227699
0.19340430
0.12599074
0.28696446
0.41303088
0.25475568
0.15136382
0.33998273
0.36704323
0.13315184
0.34158164
0.15883071
0.32914248
0.39479652
0.81206323
0.31034048
0.72219618
0.72844690
0.24664597
0.26244831
0.47723979
0.33613304
0.28178238
0.31394626
0.18373134
0.32311465
0.47802260
0.16024578
0.20547092
0.15921873
0.23451854
0.24706425
0.54960681
0.37588960
0.19576894
0.65509849
0.40387619
0.54962788
0.51625838
0.33948554
0.55289448
0.16000541
0.52829755
0.72330947
0.19191455
0.51407794
0.39694273
0.63325444
0.35392790
0.53095987
0.28042973
0.36359440
0.37727539
0.29969534
0.69229472
0.33336922
0.27688384
0.29770818
0.56982818
0.35784919
0.66167511
0.51615668
0.12317947
0.59564119
0.29463183
0.23328541
0.53138610
0.68567095
0.52715334
0.31242536
0.56064947
0.55492640
0.45209282
0.59553452
0.19114197
0.52368552
0.50211295
0.32286511
0.34298294
0.53032420
0.34526321
0.34071471
0.43366075
0.19168273
0.13857553
0.47140641
0.38811601
0.28985727
0.49834172
0.28266412
0.23289502
0.44287162
0.60066361
0.18213430
0.31530872
0.70413002
0.21233580
0.45644258
0.24214604
0.39056585
0.45411131
0.43159386
0.59140239
0.18153087
0.17679329
0.65953912
0.18510790
0.58854695
0.34361111
0.30334485
0.30617797
0.45467015
0.70300284
0.67331639
0.23064254
0.62967573
0.28680217
0.19507686
0.68565962
0.32837953
0.30438487
0.19185270
0.41683413
0.14276945
0.46031270
0.13012248
0.27656657
0.31807663
0.21923101
0.64841854
0.24872342
0.14250432
0.52942796
0.29018953
0.48961293
0.21884875
0.17926538
0.25207556
0.55061056
0.44835802
0.34748928
0.48662274
0.47216350
0.47664683
0.20446452
0.57505016
0.59707603
0.61275957
0.11703335
0.41421771
0.29726413
0.24865589
0.67055686
0.33486325
0.48506312
0.40862493
0.30013282
0.24891120
0.28442827
0.26130846
0.54243112
0.11743720
0.57198550
0.35518973
0.24202975
0.18992257
0.60594510
0.33925827
0.11245049
0.35781660
0.48704952
0.44774290
0.55520021
0.16540952
0.57415736
0.66333455
0.59755402
0.59248590
0.39842780
0.60567173
0.30192545
0.42489138
0.41850623
0.27415942
0.30800232
0.19623188
0.34395096
0.13437874
0.66669475
0.16605894
0.26509168
0.51300684
0.35975683
0.15539452
0.15063721
0.62310208
0.20789687
0.33147750
0.46983961
0.59479498
0.60183398
0.46184648
0.46661489
0.46289293
0.48949402
0.57411396
0.17653964
0.44618943
0.41081770
0.09126131
0.72834902
0.36835732
0.47339579
0.19544369
0.56814330
0.26379905
0.53523191
0.62528756
0.32574926
0.64244108
0.27209449
0.69224006
0.13178049
0.33171880
0.32408279
0.53727851
0.19662197
0.58463900
0.28899699
0.51755262
0.36240252
0.49647733
0.18252110
0.21924899
0.35504297
0.19272392
0.17618290
0.22354238
0.44196755
0.52217457
0.31279445
0.22880459
0.14847380
0.38557347
0.52485527
0.37101615
0.51014177
0.33979847
0.58546923
0.61430655
0.29194918
0.41690605
0.31250165
0.31475521
0.55128335
0.45788682
0.31627843
0.53654366
0.32121877
0.59703732
0.56441278
0.40434886
0.20350100
0.22479763
0.19885930
0.45258842
0.70443843
0.16188177
0.33140587
0.56154745
0.37916173
0.15316113
0.58373177
0.27108104
0.40695561
0.46547216
0.27766467
0.24028256
0.21849922
0.42470469
0.17588818
0.30539905
0.33766828
0.38338613
0.30192656
0.19388917
0.36009475
0.27160468
0.30456115
0.36994538
0.47263624
0.31606018
0.34444690
0.26120919
0.22909646
0.34843161
0.19985112
0.36728753
0.38974385
0.34567262
0.58818220
0.36027663
0.30035090
0.32399123
0.34534769
0.36466304
0.08249894
0.36614307
0.48341593
0.41787565
0.40086269
0.68720983
0.17648086
0.53986783
0.59028385
0.38958581
0.70889803
0.39041235
0.47283505
0.37320876
0.71636101
0.39093827
0.51902031
0.52355266
0.36352720
0.27501664
0.45485765
0.23052263
0.54322714
0.41077508
0.22121681
0.42411383
0.22494450
0.49929570
0.26968706
0.57564121
0.55923924
0.69449288
0.67227453
0.44733163
0.12905320
0.48335658
0.46591653
0.10041335
0.52087774
0.39865571
0.42489754
0.19989215
0.21794004
0.25346698
0.69732895
0.26547344
0.55146143
0.28116781
0.20851212
0.37980742
0.52082147
0.24821044
0.56817188
0.24302749
0.16522230
0.34355167
0.46065905
0.15752759
0.31359666
0.25093502
0.39175989
0.24473280
0.37286753
0.26868843
0.48911561
0.56154769
0.38322306
0.20400996
0.15177879
0.51634141
0.37964506
0.41621420
0.18789450
0.43106351
0.29330470
0.65804989
0.20489389
0.36436744
0.39443390
0.41065110
0.58211324
0.47142950
0.28964344
0.61476742
0.55823525
0.47513768
0.45987408
0.35543645
0.18529958
0.23285238
0.49322228
0.32798894
0.23618692
0.38656820
0.23798704
0.23765395
0.54351196
0.60272319
0.54650298
0.16907148
0.23273159
0.53831430
0.17806200
0.38387503
0.45828606
0.49509079
0.53883535
0.21974104
0.51260103
0.65933025
0.49952370
0.43164377
0.41230239
0.30073038
0.57220659
0.31012438
0.44943553
0.46567668
0.30633719
0.21661375
0.57444579
0.32131297
0.55960220
0.39557205
0.36091018
0.40539116
0.21413999
0.12214980
0.58204347
0.59639438
0.29539870
0.29929132
0.57337858
0.35397352
0.43974337
0.27166881
0.14969064
0.20939838
0.53436624
0.55372611
0.58044914
0.34289605
0.41816666
0.33412077
0.40156147
0.35188621
0.45920480
0.40399598
0.15813228
0.31475652
0.38972542
0.49124248
0.49623326
0.50586891
0.44398753
0.23341000
0.22659125
0.62495883
0.23973762
0.22977519
0.41116785
0.36668859
0.27285677
0.51721047
0.59369427
0.30945139
0.58696416
0.25906721
0.11006466
0.33552912
0.49999743
0.53214716
0.35882541
0.28955376
0.24817196
0.34631941
0.39797738
0.52265501
0.57112510
0.10765552
0.46493481
0.61695382
0.34788417
0.25658129
0.24277436
0.39312383
0.55115016
0.29989839
0.43954443
0.27258251
0.21846000
0.38488547
0.16255577
0.48693400
0.38836318
0.15165226
0.33597118
0.50636257
0.66018650
0.14393818
0.16738645
0.28232467
0.42496040
0.40109754
0.44456486
0.68327715
0.38392675
0.60359429
0.26836997
0.42686414
0.47017304
0.37017473
0.45397929
0.20800743
0.29945439
0.37717572
0.45776391
0.11891052
0.45175792
0.28705760
0.37871696
0.27560041
0.43843088
0.38505202
0.45330401
0.34737284
0.47374329
0.28297578
0.38007121
0.63557110
0.52909848
0.35920254
0.46727338
0.32927918
0.49205492
0.26571398
0.52088298
0.33933862
0.28101891
0.31343295
0.26908116
0.19963223
0.62932184
0.38530290
0.34921456
0.38575732
0.11951999
0.18285245
0.28524012
0.57006879
0.12391791
0.40535259
0.63027099
0.58902708
0.56860378
0.16892564
0.25286888
0.29038110
0.17165073
0.51284887
0.24874505
0.26581598
0.42855914
0.65694693
0.19697816
0.37718649
0.25846938
0.64016529
0.24346309
0.31133232
0.34233266
0.32723532
0.28471755
0.42375645
0.36303529
0.33092222
0.51124425
0.24906545
0.46154227
0.13974103
0.57076679
0.33446860
0.33238060
0.49744668
0.30798977
0.13202509
0.32625060
0.48252570
0.56619577
0.23395925
0.36013968
0.55829793
0.37072690
0.20640964
