# NTRAJ	1000
0.96603986
0.99079214
0.98896175
0.88309873
0.97929585
0.84956577
0.95981072
0.95757774
0.97740736
0.96736517
0.96800086
0.91368167
0.95826048
0.99957952
0.99103106
0.99642015
0.96526325
0.96828736
0.92519386
0.95926679
0.99459508
0.98989306
0.94798999
0.97060737
0.99110947
0.81154543
0.94705705
0.95566383
0.83245819
0.98967665
0.87361436
0.95519767
0.87840839
0.99107710
0.83016224
0.99797044
0.80847193
0.99906266
0.97250838
0.99921459
0.98903354
0.99758408
0.84572374
0.84705081
0.95183651
0.99108825
0.88483912
0.98753701
0.88716759
0.87092652
0.99424009
0.85370224
0.92992749
0.96446055
0.96021008
0.96855298
0.89862048
0.86742536
0.88329483
0.94793612
0.87984543
0.99246481
0.85716582
0.97792762
0.93542290
0.95919722
0.99121732
0.97928670
0.99036895
0.99404593
0.84217306
0.80805717
0.95579713
0.85278775
0.99352617
0.99499199
0.96152788
0.96044064
0.99254797
0.91084922
0.99113813
0.80390664
0.83639966
0.99118412
0.98003372
0.99236739
0.97600088
0.99756790
0.98268453
0.99847343
0.79984747
0.99692072
0.99784669
0.95343205
0.97481783
0.98287392
0.92518752
0.85348279
0.99319936
0.99850202
0.92516468
0.97977534
0.99300932
0.93338090
0.96680383
0.96556925
0.99215383
0.93578261
0.92130195
0.94696642
0.94558511
0.87151562
0.93653844
0.95348014
0.97213817
0.79021232
0.99655844
0.88741914
0.92755121
0.93559776
0.97418559
0.99763935
0.94382863
0.83142345
0.96850944
0.98602829
0.99805893
0.98651806
0.94191342
0.87447143
0.88260522
0.99098989
0.85326876
0.91288948
0.85769653
0.99616647
0.95542861
0.97513325
0.89632053
0.95643923
0.99030531
0.99443457
0.87545896
0.99666527
0.98523096
0.99093199
0.93680842
0.98810335
0.92199854
0.94124293
0.94506744
0.92471629
0.80084080
0.96771417
0.96069497
0.99013431
0.93205403
0.99169631
0.89664430
0.94767686
0.90425389
0.99093738
0.89802020
0.99421704
0.99566181
0.98844352
0.97471393
0.83082812
0.96592604
0.97148288
0.82584427
0.95992873
0.97157724
0.97363462
0.91965407
0.95071364
0.86329156
0.96699689
0.96498516
0.95628064
0.94157444
0.95949276
0.90482841
0.87837437
0.98655477
0.82666271
0.98959519
0.98796094
0.99646292
0.81826110
0.95987427
0.94869499
0.95868025
0.98510777
0.79895558
0.97270652
0.80642182
0.99014835
0.99166231
0.82140088
0.96070663
0.92806454
0.94528667
0.80828983
0.99287322
0.97916222
0.98579401
0.94708748
0.84183019
0.99777791
0.95378341
0.95941168
0.92889123
0.98874943
0.98791774
0.99285423
0.89140167
0.93165589
0.98526731
0.98088251
0.98608163
0.90119890
0.95962572
0.78925874
0.89788943
0.99462577
0.97649372
0.94097517
0.99525621
0.87665304
0.90876457
0.99144726
0.99573493
0.99434574
0.90672365
0.99386849
0.88433255
0.98553069
0.84580307
0.94598764
0.87446635
0.98684597
0.86529831
0.91096071
0.99508557
0.96406312
0.99843845
0.97741817
0.88455025
0.92837516
0.97491865
0.99070912
0.91725332
0.99088168
0.89050282
0.97614040
0.99774675
0.99649082
0.92990686
0.81925394
0.99365028
0.96492153
0.98390819
0.96676175
0.91568087
0.89558745
0.89532003
0.89889921
0.93745750
0.98498999
0.95868952
0.98969250
0.95343321
0.94275673
0.97463146
0.95468742
0.89259110
0.95606576
0.99812002
0.86970412
0.92594427
0.97329519
0.82560092
0.99320673
0.96053063
0.83192969
0.97567916
0.82383673
0.97680564
0.99322515
0.97694988
0.98903063
0.96885017
0.91332916
0.97409119
0.99317081
0.82927342
0.99464016
0.99345279
0.92615628
0.96225818
0.89029761
0.92724089
0.99135935
0.88072604
0.93066546
0.90803705
0.99842530
0.82842534
0.82864006
0.97441333
0.95138095
0.99702941
0.93624699
0.99086451
0.86366234
0.83099856
0.96933292
0.99044406
0.95231051
0.90499451
0.98411666
0.85540568
0.99662383
0.89573803
0.98542192
0.89965273
0.95061202
0.98526636
0.97487055
0.99708621
0.99215831
0.99470270
0.98722086
0.90189539
0.96492145
0.91557976
0.98815849
0.83445796
0.95265076
0.99458790
0.95856637
0.92516971
0.93515369
0.93484027
0.92574907
0.93528028
0.90330670
0.96419448
0.99116894
0.99218594
0.97759598
0.99879169
0.98990248
0.97074919
0.97732353
0.97428388
0.99245768
0.93722789
0.97508315
0.95828993
0.92394127
0.88336202
0.90371974
0.97868467
0.98109556
0.98233990
0.91538214
0.99821929
0.98797286
0.97109944
0.98367077
0.98372376
0.97884567
0.99072495
0.99784147
0.91759096
0.82449935
0.85488062
0.94083916
0.98127549
0.99017088
0.86556616
0.93886155
0.84008471
0.90797318
0.85048967
0.90357914
0.99324554
0.99598070
0.82187313
0.89716197
0.89282753
0.92323386
0.91426939
0.90642320
0.98975000
0.87989813
0.93789854
0.93123361
0.94962024
0.97079108
0.98290297
0.95781387
0.94806778
0.96921304
0.94655183
0.98427223
0.96084417
0.88592691
0.99883968
0.96374719
0.98932070
0.95101049
0.88148898
0.81465302
0.83835762
0.87092006
0.94101827
0.97602268
0.99317316
0.86514088
0.99794417
0.85047339
0.96119096
0.99046424
0.99207704
0.98392505
0.85806204
0.99272137
0.95507110
0.92631496
0.92238896
0.84703826
0.91999257
0.94869224
0.92504725
0.86683369
0.91268343
0.99793852
0.90668914
0.98950321
0.97379917
0.97114936
0.99295275
0.99843574
0.92292693
0.99454012
0.99843792
0.93506429
0.99387787
0.89316008
0.86913313
0.93009822
0.99559253
0.99666746
0.96606615
0.93090946
0.98579822
0.88050787
0.97636338
0.97453009
0.95702175
0.96998396
0.86678363
0.90522068
0.98965608
0.97254829
0.97040808
0.99282597
0.84622700
0.93487807
0.88826416
0.91545822
0.98171771
0.84779917
0.91480155
0.96571786
0.96732330
0.98241256
0.97657880
0.93253680
0.98428368
0.85342361
0.94564356
0.99610754
0.99482934
0.98755598
0.99884989
0.99619625
0.99333159
0.99877130
0.96225230
0.91953033
0.85247074
0.98878091
0.93785728
0.99272849
0.99939757
0.91605285
0.90045513
0.99537742
0.99473788
0.99224798
0.86708613
0.99302371
0.89389185
0.87277538
0.99556049
0.99451592
0.96741410
0.96345332
0.82722973
0.96394048
0.95279864
0.88714049
0.98157050
0.91725984
0.98216251
0.90293328
0.98186632
0.89859862
0.81465591
0.88942494
0.91673272
0.99803977
0.98502007
0.98792344
0.92212504
0.83878778
0.95994275
0.92685778
0.97402681
0.81658699
0.85952519
0.99740554
0.99633104
0.99252473
0.98550432
0.96115438
0.97626520
0.99791444
0.84044638
0.99659671
0.85917266
0.96874500
0.97706872
0.99294224
0.95854511
0.91623862
0.94999294
0.97034459
0.99134864
0.95645045
0.98869924
0.90457402
0.98996222
0.94867108
0.95580974
0.99469617
0.86903655
0.98667656
0.99562069
0.90420089
0.97998996
0.99390798
0.95683895
0.95687537
0.94744489
0.89441155
0.87532294
0.98296415
0.99549756
0.93095193
0.99094887
0.82303926
0.89001981
0.88105039
0.97455248
0.99159964
0.82003814
0.96211413
0.91472883
0.91407866
0.89564259
0.84118098
0.95310606
0.89536158
0.98931454
0.94908775
0.85803372
0.82017231
0.96166143
0.99172179
0.97854787
0.87050334
0.98550282
0.93617557
0.79904109
0.89099606
0.98488030
0.99045827
0.98102627
0.98367044
0.99690585
0.99617750
0.99697041
0.98135366
0.85311528
0.89219450
0.96109540
0.99550584
0.96364292
0.97848100
0.99445053
0.97938173
0.94265527
0.87821959
0.93495144
0.98133304
0.94073243
0.93444409
0.98644176
0.95416258
0.97220773
0.95639356
0.90420019
0.96283375
0.98151510
0.96117848
0.98057628
0.82460444
0.94234633
0.95532546
0.99365014
0.96427547
0.98951966
0.99561142
0.97055977
0.92808607
0.96885390
0.81965828
0.90693582
0.83088319
0.98010878
0.98322507
0.97735247
0.99457383
0.97320151
0.97421970
0.94305791
0.99839109
0.94982592
0.93190312
0.99879771
0.95576385
0.79721801
0.87411286
0.98258382
0.87600954
0.95340385
0.98767464
0.96637194
0.98834058
0.99761343
0.98405108
0.83631706
0.99656602
0.97234083
0.98330482
0.98391340
0.91307301
0.95848886
0.82452810
0.83625386
0.98937133
0.99265980
0.99482197
0.98326889
0.95108320
0.87491997
0.90539298
0.87953695
0.98367275
0.98467276
0.80594682
0.98391230
0.99643291
0.88573897
0.87243723
0.98986986
0.81679197
0.98922758
0.91220256
0.98809687
0.91185298
0.82967051
0.97291227
0.95813140
0.99462147
0.99471626
0.92484481
0.89241527
0.98165481
0.99935361
0.99308036
0.98006404
0.97246199
0.98988862
0.83701261
0.94465247
0.91278115
0.99444329
0.86425338
0.93513257
0.85278123
0.92751537
0.88522366
0.96511836
0.97885037
0.83727144
0.98873967
0.94996870
0.98702043
0.98112218
0.97002079
0.96883467
0.96997675
0.85238952
0.90088308
0.97095017
0.99104810
0.96943094
0.81377028
0.83678127
0.99286412
0.89314331
0.81873608
0.99405770
0.86820632
0.85912970
0.89386808
0.94334416
0.99898979
0.98167871
0.99744688
0.99209207
0.90771611
0.98560977
0.98371356
0.99031956
0.91544155
0.94242334
0.99377139
0.98467624
0.98245362
0.88212176
0.89642106
0.98955824
0.97940238
0.84019098
0.99409352
0.97750259
0.80870598
0.96356973
0.81760227
0.99893327
0.89667400
0.98530453
0.91612380
0.89735296
0.97929844
0.99029162
0.98346439
0.99635457
0.97006022
0.98595631
0.83442613
0.99878599
0.97680488
0.98495979
0.79851922
0.98071215
0.94556238
0.98515344
0.99506155
0.90560611
0.97365755
0.94344241
0.86358420
0.98413989
0.98235414
0.97760930
0.90952074
0.97629396
0.99385143
0.98983878
0.87705571
0.86970083
0.99477409
0.99344562
0.81171616
0.86641131
0.90173441
0.90401335
0.99265457
0.98735297
0.99612913
0.93174211
0.79992551
0.94333545
0.98022797
0.99928766
0.95246165
0.98376847
0.91252734
0.99009295
0.92533680
0.87512758
0.88343569
0.99159191
0.99616671
0.99113989
0.88777170
0.86698273
0.99614215
0.96041469
0.79864553
0.99245253
0.82063872
0.82804326
0.97061074
0.99552029
0.83581649
0.92132484
0.89437302
0.99386142
0.89634695
0.85387205
0.99351329
0.93804797
0.98608158
0.94973954
0.99619851
0.93908827
0.98553734
0.85541457
0.99816454
0.95266526
0.88087208
0.90385491
0.96154812
0.97518461
0.96057963
0.86806785
0.96588537
0.94012909
0.94470791
0.98947713
0.98726868
0.99259785
0.92457859
0.98569636
0.98853055
0.96684041
0.95322889
0.83141010
0.98502661
0.90819446
0.97630551
0.99466820
0.95501813
0.97886570
0.98879369
0.95923145
0.91817472
0.93660188
0.82394548
0.96714561
0.96868487
0.90719987
0.99644600
0.97864936
0.84440994
0.95211812
0.95396210
0.85509186
0.82058843
0.98240331
0.98214509
0.81099577
0.82379378
0.95028890
0.99115485
0.89158745
0.87003173
0.84257687
0.99639983
0.88591486
0.81631549
0.98761088
0.91156627
0.80790136
0.96210355
0.99697393
0.99250728
0.92464420
0.83621504
0.95290686
0.98321551
0.86143473
0.97506354
0.88086194
0.84393015
0.97076220
0.99929977
0.89999226
0.97178414
0.98604922
0.98467333
0.97923799
0.97257346
0.81465808
0.94457723
0.94755862
0.98739420
0.83584174
0.98900734
0.79391751
0.95994952
0.98576120
0.99109384
0.92104679
0.94437274
0.89872740
0.98460828
0.98991579
0.99421554
0.98186571
0.99625719
0.92994054
0.98400505
0.96973700
0.98854322
0.93711036
0.97049646
0.99769621
0.89407346
0.93281965
0.82404496
0.86965881
0.94587119
0.84928520
0.96088781
0.80086428
0.84969128
0.99476010
0.99162117
0.98663169
0.99789462
0.83958065
0.99317671
0.81848749
0.97239925
0.79773818
0.99899565
0.93080911
0.92116152
0.97042189
0.96954216
0.98122397
0.85521605
0.84482029
0.91822980
0.93827055
0.99546179
0.99055877
0.98904690
0.99774047
0.98104681
0.99196249
0.98974145
0.96504518
0.90431645
0.80937958
0.99535341
0.99070645
0.99536179
0.91635529
0.90889034
0.95501999
0.97835630
0.97894644
0.98878199
0.82938251
0.80271768
0.98226389
0.97052181
0.98004711
0.99326238
