# NTRAJ	1000
0.99977369
0.99999293
0.99609127
0.99977821
0.99998145
0.99999148
0.99794319
0.99923710
0.99999809
0.99998972
0.99978090
0.99981487
0.99976694
0.99996155
0.99998962
0.99994330
0.99997489
0.99981691
0.99889985
0.99998097
0.99999978
0.99867809
0.99859637
0.99989926
0.99999546
0.99849892
0.99981846
0.99968046
0.99997746
0.99998510
0.99914026
0.99994404
0.99990066
0.99901952
0.99304849
0.99999105
0.99030922
0.99998935
0.99973282
0.99989207
0.99999402
0.99998555
0.99975379
0.99315322
0.99996057
0.99998448
0.99820406
0.99990234
0.99938178
0.99967486
0.99999646
0.99970385
0.99999308
0.99724778
0.99962587
0.99998185
0.99995502
0.99988995
0.99907899
0.99944305
0.99967163
0.99995131
0.99958894
0.99997140
0.99992265
0.99972980
0.99978029
0.99998131
0.99805812
0.99998581
0.99992923
0.99988468
0.99992538
0.99998495
0.99998034
0.99913845
0.99995907
0.99948369
0.99999130
0.99999109
0.99997582
0.98911689
0.99998476
0.99999833
0.99999044
0.99991904
0.99995575
0.99999760
0.99999641
0.99999707
0.99999486
0.99999041
0.99999923
0.99990470
0.99996945
0.99930334
0.99964017
0.99590017
0.99992566
0.99999885
0.99989252
0.99990927
0.99992540
0.99990537
0.99949437
0.99992511
0.99972921
0.99990252
0.99990319
0.99931801
0.99994616
0.99982197
0.99732424
0.99445483
0.99999331
0.99950907
0.99999959
0.99996938
0.99995470
0.99999590
0.99992851
0.99999413
0.99677894
0.99955975
0.99976230
0.99999759
0.99999834
0.99999868
0.99980309
0.99997439
0.99895656
0.99998417
0.99920155
0.99733049
0.97905607
0.99998059
0.99821573
0.99998355
0.99992738
0.99898767
0.99991730
0.99999420
0.99852705
0.99997562
0.99948391
0.99997361
0.99983907
0.99999861
0.99909552
0.99994424
0.99988799
0.99986955
0.99887623
0.99986410
0.99999799
0.99998064
0.99981293
0.99999944
0.99233183
0.99997405
0.99985740
0.99992146
0.98598501
0.99990220
0.99981965
0.99999375
0.99860743
0.99966896
0.99984961
0.99999250
0.96270618
0.99998288
0.99999907
0.99999660
0.99990669
0.99996132
0.99992450
0.99998103
0.99986449
0.99900291
0.99991558
0.99999689
0.99916986
0.99918925
0.99986851
0.99948522
0.99986634
0.99999069
0.99998755
0.99989873
0.99997631
0.99989564
0.99995422
0.99999862
0.99998199
0.99991666
0.99445741
0.99996624
0.99992482
0.99401259
0.99975803
0.99997132
0.99972745
0.99987068
0.99980751
0.99993037
0.99994445
0.99994163
0.99986103
0.99993612
0.99965959
0.99997204
0.99978081
0.99970897
0.99730952
0.99999594
0.99993442
0.99998500
0.99997089
0.99995423
0.99992234
0.99167122
0.99960158
0.99772859
0.99999827
0.99999443
0.99921892
0.99914168
0.99969305
0.99979283
0.99997216
0.99998392
0.99968031
0.99998520
0.99995764
0.99936897
0.99795795
0.99994919
0.99969089
0.99999407
0.99983722
0.99998298
0.99996491
0.99961779
0.99997397
0.99996395
0.99998380
0.99890779
0.98394115
0.99030335
0.99996910
0.99999924
0.99984790
0.99976848
0.99925600
0.99983753
0.99999966
0.99999966
0.99937830
0.99886103
0.99999595
0.99996006
0.99995295
0.99999474
0.99997166
0.99889291
0.99628281
0.99662335
0.99983051
0.99999124
0.99996201
0.99926457
0.99993465
0.99727544
0.99601736
0.99982430
0.99974100
0.99992989
0.99999966
0.99946447
0.99777048
0.99998209
0.99714839
0.99998213
0.99913769
0.99973449
0.99995260
0.94890329
0.99996851
0.99999898
0.99977841
0.99999445
0.99977909
0.99999381
0.99999883
0.99992697
0.99966604
0.99990813
0.99990583
0.99988287
0.99997456
0.99729564
0.99992205
0.99997350
0.99917274
0.99649039
0.99991028
0.99999866
0.99985259
0.99999017
0.99865532
0.99999052
0.99996562
0.99995357
0.99996596
0.99901852
0.99989430
0.99999074
0.99998860
0.99939194
0.99970247
0.99303207
0.99998382
0.99999586
0.99999296
0.99931287
0.99997289
0.99999391
0.99997211
0.99992640
0.99998998
0.99998982
0.99998939
0.99998427
0.99968087
0.99994171
0.99953707
0.99999626
0.99998770
0.99972369
0.99999386
0.99994835
0.99979663
0.99973863
0.99999158
0.99997670
0.99985949
0.99782930
0.99996916
0.99990085
0.99999925
0.99998092
0.99999621
0.99990041
0.99802947
0.99993545
0.99999928
0.99999028
0.99806479
0.99987155
0.99972069
0.99943804
0.99937926
0.99995327
0.99929522
0.99979276
0.99992726
0.99936115
0.99992850
0.99982261
0.99949450
0.99997753
0.99999595
0.99949774
0.99999330
0.99994599
0.99995042
0.99996204
0.98541521
0.99935503
0.99975930
0.99999413
0.99756636
0.99950128
0.99990604
0.99915707
0.99999205
0.99975905
0.99998532
0.99996959
0.99879181
0.99816900
0.99993417
0.99865619
0.99965473
0.99967450
0.99998718
0.99864400
0.99975847
0.99931620
0.99995372
0.99977001
0.99976079
0.99989432
0.99983279
0.99999149
0.99976603
0.99996345
0.99975573
0.99986564
0.99999526
0.99994831
0.99999621
0.99690759
0.99995859
0.99977918
0.99989281
0.99776583
0.99970131
0.99971234
0.99992251
0.99951858
0.99999979
0.99349175
0.99992187
0.99998065
0.99999373
0.99931443
0.99838297
0.99992056
0.99933099
0.99933472
0.99996361
0.99886021
0.99996432
0.99980974
0.99965379
0.99993259
0.99994010
0.99999980
0.99938376
0.99999692
0.99999546
0.99999197
0.99999981
0.99998044
0.99959110
0.99999528
0.99998133
0.99992316
0.99997649
0.99899817
0.99847559
0.99708282
0.99997138
0.99999420
0.99990098
0.99998256
0.99971534
0.99985514
0.99693955
0.99999634
0.99992299
0.99992326
0.99936543
0.99991567
0.99995698
0.99966673
0.99998888
0.99999418
0.99980835
0.99931502
0.99760999
0.99942960
0.99998438
0.99994833
0.99741125
0.99945105
0.99988052
0.99999651
0.99998054
0.99991986
0.99999941
0.97093807
0.99992029
0.99999953
0.99999853
0.99993580
0.99999602
0.99847004
0.99999949
0.99999581
0.99739880
0.99445807
0.99953223
0.99999873
0.99994568
0.99996771
0.99999986
0.99995081
0.98713644
0.99998030
0.99999052
0.99831831
0.99920174
0.99971064
0.99796893
0.99870310
0.99994640
0.99999465
0.99859962
0.99996802
0.99997056
0.99961382
0.99998493
0.99848668
0.99999769
0.99982731
0.99999844
0.99964270
0.99952207
0.99997675
0.99978284
0.99955668
0.99995155
0.99999793
0.99989937
0.99984809
0.99932475
0.99928715
0.99969511
0.98849563
0.99999403
0.99548036
0.99996307
0.99999807
0.99996344
0.99997397
0.99988459
0.99999583
0.99995267
0.99999699
0.99955523
0.99997262
0.99993721
0.99997889
0.99998983
0.99999318
0.99999860
0.99984814
0.99999418
0.99976955
0.99999110
0.99724799
0.99983457
0.97396658
0.99994709
0.99378151
0.99958694
0.99294409
0.99992951
0.99995119
0.99997686
0.99999120
0.99999844
0.99998050
0.99854316
0.99959605
0.99988331
0.99985799
0.99845462
0.99999778
0.99991769
0.99962979
0.99998804
0.99599310
0.99877943
0.99985683
0.99927440
0.99994472
0.99665900
0.99938499
0.99998970
0.99999559
0.99996268
0.99977981
0.99922534
0.99913533
0.99999542
0.99933492
0.99997322
0.99830746
0.99999722
0.99999531
0.99997113
0.99824870
0.99935836
0.99996400
0.99981797
0.99872458
0.99999656
0.99895260
0.99999984
0.99999518
0.99999877
0.99999853
0.99998219
0.99984803
0.99930101
0.99927543
0.99993662
0.99999924
0.99573734
0.99996597
0.99969384
0.99845667
0.99912052
0.99908268
0.99974314
0.99985154
0.99993080
0.99992207
0.99966632
0.98969214
0.99987693
0.99986587
0.99869834
0.99921413
0.99997960
0.99990234
0.99977594
0.99701718
0.99622788
0.99959734
0.99998190
0.99982033
0.99995767
0.99997809
0.99998549
0.99999025
0.99964162
0.99972117
0.99863969
0.99995721
0.99998770
0.99995898
0.99935732
0.99996716
0.99995052
0.99994532
0.99634138
0.99995658
0.99947620
0.99998517
0.99999980
0.99995075
0.99353703
0.99954524
0.99999094
0.99937941
0.99997202
0.99975739
0.99928027
0.99990126
0.99992320
0.99996498
0.99995608
0.99999584
0.99998271
0.99902745
0.99975523
0.99995604
0.99990234
0.99953496
0.99997470
0.99977555
0.99999510
0.99999295
0.99996409
0.98872908
0.99998153
0.95827522
0.99987483
0.99999129
0.99998420
0.99960384
0.99999941
0.99971798
0.99976598
0.99788990
0.99999719
0.99760140
0.99935739
0.99964301
0.99993109
0.99724875
0.99999249
0.99995709
0.99995242
0.99991604
0.99982895
0.99572813
0.99971108
0.99998802
0.99999658
0.99999539
0.99991517
0.99997779
0.99969656
0.99977747
0.99979204
0.99992254
0.99999402
0.99972892
0.99956538
0.99971791
0.99989567
0.99849845
0.99972054
0.99971903
0.95202113
0.99999783
0.99982682
0.99999504
0.99962855
0.99998489
0.99985906
0.99990769
0.99994222
0.99789807
0.99996312
0.99996680
0.99994436
0.99993798
0.99904710
0.99999028
0.99995270
0.99975349
0.99989814
0.99929881
0.99637311
0.99805485
0.99993121
0.99999887
0.99999257
0.99999272
0.99999523
0.97602475
0.99943831
0.99973018
0.99999659
0.99899639
0.99997943
0.99789150
0.99956659
0.99997470
0.99887741
0.99450455
0.99986718
0.99940033
0.99916428
0.99999520
0.99999195
0.99775500
0.99997352
0.99739915
0.99993602
0.99982131
0.99796748
0.99925904
0.99876434
0.99991264
0.99972960
0.99692534
0.99996439
0.99971159
0.99998297
0.99999714
0.99999765
0.99998784
0.99989549
0.99845859
0.99996874
0.99996995
0.99998492
0.99999974
0.99905426
0.99985747
0.99987210
0.99969134
0.99863695
0.99934038
0.99577667
0.99982181
0.99995940
0.99999721
0.99995083
0.99988375
0.99947572
0.99989328
0.99999147
0.99522326
0.99997858
0.99706471
0.99997983
0.99891224
0.99999857
0.99998051
0.99908238
0.99992173
0.99996004
0.99997600
0.99996454
0.99999276
0.99999804
0.99770184
0.99954440
0.99996153
0.99998115
0.99941789
0.99999437
0.99916368
0.99998752
0.99951707
0.99999903
0.99998090
0.99992921
0.99770539
0.99967212
0.99995057
0.99990343
0.99994499
0.99999650
0.99521995
0.99992298
0.99976298
0.99973800
0.99927425
0.99976720
0.99983813
0.99996303
0.99975714
0.99792019
0.99988957
0.99999885
0.99998824
0.99716949
0.99999100
0.98902776
0.99998841
0.99992256
0.99996322
0.99992815
0.99989425
0.99847011
0.99970593
0.99990736
0.99987195
0.99999599
0.99999761
0.99997063
0.99985364
0.99927804
0.99995001
0.99992822
0.99999574
0.99973859
0.99999806
0.99991251
0.99998441
0.99989458
0.99267896
0.99996063
0.99999973
0.99998902
0.99853632
0.99998551
0.99907804
0.99951513
0.99997431
0.99965149
0.99999039
0.99998203
0.99989382
0.99990059
0.99990460
0.99982588
0.99999567
0.99999444
0.99987539
0.99962756
0.98225491
0.99945521
0.99982867
0.99933484
0.99986164
0.99904663
0.99999784
0.99973960
0.99464059
0.99996816
0.99994534
0.99920056
0.99991261
0.99998206
0.99997897
0.99999793
0.99052621
0.99993134
0.99999456
0.99998895
0.99990270
0.99944366
0.99863706
0.99997753
0.99997485
0.99995607
0.99998500
0.99999538
0.99994008
0.99999848
0.99976055
0.99984437
0.99918547
0.99998352
0.99950731
0.99911594
0.99999760
0.99797565
0.99997981
0.99998937
0.99994560
0.99862931
0.99732829
0.99998079
0.99999806
0.99992493
0.99999796
0.99993328
0.99999485
0.99939646
0.99906752
0.99996081
0.99997232
0.99965206
0.99999272
0.99994393
0.99889110
0.99998318
0.99478823
0.99995361
0.99971609
0.99956826
0.99969167
0.93000307
0.99941183
0.99985186
0.99981708
0.99999085
0.99986378
0.99929678
0.99999762
0.99986986
0.99997771
0.99995586
0.99992883
0.99699753
0.99999333
0.99998100
0.99992112
0.99999227
0.99883411
0.99853489
0.99975027
0.99934269
0.99999779
0.99998061
0.99937236
0.99999635
0.99999253
0.99998936
0.99997614
0.99998298
0.99966955
0.99982318
0.99999492
0.99999308
0.99980608
0.99996963
0.99993172
0.99967681
0.99999602
0.99984613
0.99987361
0.98870719
0.99393741
0.99997772
0.99933968
0.99998476
0.99999554
