# NTRAJ	1000
0.49023182
0.14097561
0.15769148
0.16304749
0.15331004
0.53995363
0.14036935
0.68448475
0.11000244
0.28258704
0.16186065
0.00156660
0.41990819
0.15674575
0.20013621
0.35477983
0.08197022
0.29960997
0.97671300
0.98338906
0.99978995
0.13501710
0.20278498
0.15686979
0.10793469
0.30582957
0.29750649
0.27407589
0.26100180
0.50537570
0.86987419
0.42167036
0.64508606
0.22230863
0.14245980
0.22194955
0.26986883
0.16346741
0.15677598
0.32592795
0.18372631
0.25616939
0.15271300
0.12190987
0.26963480
0.25262579
0.36009849
0.11173596
0.68225406
0.23150257
0.15815184
0.20240571
0.45037332
0.43531675
0.28423636
0.16361842
0.24414728
0.57744163
0.26346569
0.10603326
0.66459226
0.21024334
0.17567630
0.16035025
0.02832146
0.26579397
0.01023906
0.21277198
0.21188793
0.18359079
0.22462035
0.20874177
0.33699177
0.60449442
0.00319694
0.16036699
0.28706348
0.21987560
0.04887832
0.31603129
0.90053781
0.22941255
0.12919866
0.02033504
0.97274778
0.46165546
0.21228793
0.31164908
0.20026588
0.14282123
0.21903567
0.19462770
0.00930382
0.13973352
0.38328763
0.25386335
0.13151249
0.35456753
0.11475208
0.24192620
0.27370818
0.20961001
0.25981443
0.13692443
0.13837690
0.45806484
0.02554568
0.12976342
0.01727046
0.41960541
0.21058038
0.29220708
0.13768132
0.19639396
0.52409506
0.15387656
0.21920386
0.11233142
0.15125967
0.17449528
0.11444466
0.87398064
0.23397141
0.14425557
0.09124060
0.19268412
0.32186881
0.11598195
0.00607809
0.18708756
0.48410512
0.32179612
0.31322898
0.26313233
0.49229500
0.27276459
0.19029966
0.13594485
0.13187429
0.28334417
0.27850886
0.39811043
0.28522160
0.10057373
0.19855189
0.31344553
0.16315697
0.13863952
0.24057668
0.20730290
0.18196221
0.40733659
0.82567887
0.04389099
0.15150779
0.47932584
0.10391770
0.67185520
0.62686957
0.17068330
0.32560546
0.32860699
0.15317905
0.29681222
0.89297478
0.24831137
0.06175713
0.54841083
0.42308748
0.26358667
0.19531102
0.23728499
0.29289302
0.27404024
0.14621230
0.95597782
0.18653197
0.08330637
0.32759919
0.61205793
0.17727573
0.95489649
0.31387972
0.17350144
0.27234753
0.96955038
0.70935289
0.17280921
0.22210363
0.13129045
0.17098069
0.27043993
0.25536831
0.25090891
0.59934025
0.18789283
0.25482777
0.18677790
0.24199355
0.48587259
0.13563095
0.02805953
0.24715827
0.25083354
0.18010669
0.66824536
0.21050905
0.17754736
0.25081437
0.25269499
0.03961040
0.14433154
0.16451426
0.97734278
0.18698839
0.27595514
0.19159380
0.14585821
0.19389496
0.32343456
0.26206702
0.27800203
0.47888278
0.50228768
0.87661671
0.48116917
0.24900650
0.34058219
0.25073160
0.28597902
0.12183705
0.10330387
0.47047978
0.94176076
0.45318649
0.34187854
0.27815845
0.22239730
0.15731044
0.31277971
0.32349251
0.19795774
0.31955351
0.16209108
0.73155369
0.00635040
0.39716491
0.07788756
0.37432954
0.41467374
0.38266714
0.75984412
0.96819511
0.13930299
0.18287730
0.16610169
0.31072571
0.22603697
0.15093034
0.19054018
0.20878618
0.22366838
0.14775941
0.17351534
0.12735953
0.23397420
0.11497150
0.03740337
0.36213839
0.15284508
0.12407983
0.02159983
0.96875549
0.12390643
0.47437676
0.23982571
0.30613659
0.18974769
0.23794404
0.16667664
0.13974893
0.45674682
0.14462013
0.32867469
0.18129241
0.19341759
0.16321298
0.18945455
0.28721374
0.15059089
0.32753283
0.17116246
0.14780592
0.86617508
0.10798079
0.44240375
0.14621910
0.11196837
0.20693628
0.26743267
0.46652707
0.13346766
0.28412284
0.02157237
0.08302290
0.26303672
0.18362256
0.25413600
0.00741685
0.09504848
0.40474732
0.47604750
0.33333734
0.32690283
0.42680716
0.16849746
0.34052373
0.19486706
0.46127330
0.17406211
0.24237330
0.23559411
0.22776490
0.39796022
0.40959752
0.30635293
0.26260371
0.13457841
0.17491354
0.24771380
0.16818655
0.41915731
0.16686357
0.14216183
0.14209522
0.32020030
0.44117613
0.47040428
0.13347219
0.01209351
0.13779287
0.25087105
0.22815602
0.11199380
0.40222495
0.12386135
0.13481935
0.47142924
0.25553204
0.15902342
0.13862725
0.35983619
0.15399794
0.09148099
0.40002303
0.29922208
0.27109092
0.56616671
0.14490824
0.25878577
0.24137646
0.15268497
0.10893128
0.10144926
0.34848835
0.13784770
0.15401874
0.15319433
0.12639974
0.13974397
0.27875490
0.57623394
0.96824640
0.37466760
0.38025887
0.22371083
0.29367073
0.44232157
0.21257888
0.44918833
0.75381729
0.00534694
0.07764457
0.26828553
0.31617625
0.28589599
0.33144451
0.26392303
0.26542043
0.12178036
0.46450788
0.29588624
0.28329656
0.32650242
0.03008217
0.26072205
0.16252928
0.98229965
0.17276475
0.00522581
0.23267390
0.15162989
0.77519271
0.39328311
0.39981142
0.07651749
0.42556096
0.29739679
0.30262219
0.17882509
0.53366650
0.27287890
0.56213321
0.53395791
0.09830503
0.14564000
0.14278168
0.13888266
0.99703906
0.37074926
0.29310468
0.19760167
0.26661214
0.21404382
0.15480656
0.01329786
0.32108977
0.22544392
0.26762059
0.19060580
0.17465113
0.25617886
0.25897594
0.70784157
0.23426646
0.19951219
0.12136575
0.40692450
0.54691649
0.22078383
0.00422068
0.25917616
0.00220011
0.16649070
0.42198357
0.13541797
0.33282813
0.18735854
0.36065825
0.99874657
0.17540701
0.35040265
0.44780244
0.62203334
0.13350853
0.21270287
0.25975765
0.20779512
0.07404404
0.63118057
0.14967032
0.10978808
0.78903620
0.21550272
0.67635099
0.13594575
0.16913809
0.43100968
0.20799098
0.58072851
0.25970924
0.26037269
0.37941871
0.18461900
0.26438690
0.23435919
0.24860779
0.34904607
0.04226772
0.09306000
0.79457603
0.95006398
0.33089249
0.00261617
0.38026823
0.42185263
0.30939103
0.22040461
0.15158929
0.16792547
0.16487288
0.14358856
0.09741551
0.26272976
0.14919343
0.18354932
0.31326073
0.11623794
0.18443482
0.15534825
0.40787784
0.35063375
0.29193026
0.03171035
0.08860068
0.12039033
0.82735434
0.45652281
0.08386672
0.17907174
0.17037470
0.02419328
0.16125549
0.38003362
0.10812731
0.12858417
0.20286776
0.14531640
0.32887559
0.33476690
0.16233038
0.26147759
0.21446524
0.28592679
0.19725922
0.13077806
0.24949732
0.19674417
0.29685667
0.52275500
0.14915559
0.27827365
0.16262545
0.23373838
0.41546799
0.15084824
0.98303027
0.24222822
0.12039522
0.19915678
0.53218908
0.24415397
0.18889170
0.13442743
0.37717115
0.28329752
0.48377938
0.29645348
0.39763549
0.18979868
0.02024626
0.16958741
0.14226829
0.16809577
0.18532704
0.48380780
0.17203223
0.55115399
0.81020340
0.61137450
0.23496406
0.15520697
0.23842996
0.39969431
0.19067628
0.34775446
0.01308927
0.52680825
0.66693317
0.42202371
0.39947437
0.58403286
0.16229762
0.24395657
0.08097932
0.52596215
0.09646591
0.00316408
0.58337099
0.39291729
0.14188067
0.38947881
0.14257206
0.16039501
0.18755155
0.23233994
0.28723012
0.39637855
0.07342555
0.14322254
0.28254619
0.43179186
0.59767931
0.22241532
0.64408999
0.16624518
0.39042941
0.20696808
0.14094429
0.73615350
0.11937575
0.23348844
0.11915154
0.14311122
0.29794799
0.25074441
0.24900917
0.16866031
0.22993693
0.47990344
0.35497289
0.57139128
0.21489466
0.14142809
0.31094818
0.68870164
0.21247745
0.18372081
0.45195148
0.34229969
0.34441324
0.13921129
0.51727817
0.39913605
0.81932696
0.23450851
0.39215562
0.17596004
0.22397494
0.64447945
0.38156387
0.71472631
0.21506309
0.16214656
0.38269339
0.53497281
0.24466807
0.25547057
0.00215487
0.22808041
0.57676639
0.26973396
0.10773946
0.27330060
0.03576232
0.10194443
0.10189622
0.88873177
0.13333460
0.56015794
0.12667534
0.25869456
0.46212052
0.28802512
0.64547691
0.29739477
0.60516820
0.79458322
0.94828960
0.62968028
0.14110123
0.23925213
0.19014985
0.12430990
0.21361944
0.21831749
0.69493279
0.13556797
0.12732756
0.03930895
0.18466231
0.54635712
0.85322678
0.35698254
0.20720392
0.26038488
0.32013372
0.16991750
0.17354169
0.82065304
0.16648448
0.45337778
0.27446162
0.15808972
0.09705183
0.11360660
0.28753739
0.30631444
0.02587637
0.35257943
0.83062179
0.44567940
0.26674461
0.16651073
0.29473111
0.19390531
0.31364974
0.62030148
0.41176573
0.82722542
0.27537654
0.26526265
0.34924396
0.26746975
0.18015702
0.15047484
0.50729541
0.21796626
0.40191744
0.13131840
0.25743654
0.24354144
0.08981389
0.25947231
0.17317256
0.28396067
0.15408738
0.22001553
0.43988971
0.31869259
0.23390329
0.00195088
0.39942059
0.05585253
0.25431354
0.08139754
0.13368316
0.24768136
0.18444613
0.42379991
0.15087336
0.16419147
0.06844729
0.18403788
0.27309851
0.16683864
0.32673787
0.16394027
0.38557934
0.33575249
0.18328098
0.04965454
0.14872878
0.19361458
0.16795277
0.40545294
0.20701047
0.15540836
0.01341297
0.17781003
0.76184484
0.28909076
0.19119440
0.74568961
0.24386577
0.24111209
0.91996413
0.16519676
0.27503780
0.38006888
0.16470267
0.23217053
0.19688408
0.14860465
0.25439213
0.15954423
0.42083092
0.84395604
0.36793065
0.00768203
0.22855570
0.22889125
0.15927589
0.17430865
0.17421447
0.19749044
0.14638951
0.66338654
0.17619988
0.08226697
0.20539356
0.29084198
0.08828855
0.44727930
0.14734505
0.18353318
0.23616477
0.17084581
0.14006335
0.14322919
0.59474750
0.16213125
0.15334291
0.36237647
0.25966582
0.07589933
0.16444654
0.11003724
0.12116254
0.17209577
0.31580193
0.19219125
0.38455655
0.35310688
0.24328685
0.41451872
0.70553835
0.20654241
0.17307329
0.20720228
0.41312221
0.14990159
0.35519111
0.08368535
0.25831523
0.68140346
0.15540111
0.04368348
0.19077116
0.19322807
0.09915947
0.20927062
0.25282619
0.97706842
0.19298218
0.29006107
0.19805568
0.21244008
0.16946340
0.48415419
0.14609491
0.55284084
0.56388721
0.88928605
0.17911128
0.14564292
0.19038470
0.22275568
0.17581272
0.11753819
0.29261025
0.36771383
0.89990824
0.61060485
0.21376758
0.55822095
0.19190275
0.16831228
0.17778146
0.08711807
0.11276249
0.36625707
0.94301663
0.13769119
0.15903523
0.43963119
0.19833735
0.17722714
0.13939557
0.10078909
0.51167694
0.76824390
0.20053883
0.14635384
0.18124439
0.13435769
0.19663957
0.29184840
0.27653033
0.00479873
0.42080506
0.40156153
0.15383841
0.21629488
0.13949812
0.17643064
0.18936430
0.11717630
0.30556120
0.33362472
0.12339251
0.15051984
0.81694840
0.27355179
0.40973255
0.16756317
0.25756081
0.30961575
0.36951909
0.51473340
0.33007946
0.09736050
0.41421258
0.22047170
0.18228380
0.21456577
0.47136035
0.16982333
0.54606311
0.89518658
0.45635836
0.39033077
0.40011120
0.12565586
0.43725549
0.67361643
0.11545411
0.88288616
0.11203956
0.23762302
0.21549298
0.34284217
0.41435252
0.20142980
0.01595653
0.08189171
0.19685953
0.30960360
0.22413703
0.11005207
0.30252133
0.44644813
0.14201851
0.20880763
0.11504565
0.09870071
0.14237749
0.48984790
0.17293749
0.11773724
0.18206995
0.11218965
0.78973683
0.89044309
0.08576058
0.41447689
0.22984953
0.25945426
0.26343126
0.10987499
0.29983081
0.31124664
0.02814530
0.20614736
0.17670338
0.22150418
0.21190690
0.33758241
0.20212821
0.44281176
0.66559725
0.19893729
0.64931464
0.00383691
0.27779490
0.02394091
0.42807643
0.15217610
0.10517914
0.23624082
0.21381642
0.21273372
0.14869769
0.31837599
0.33361397
0.10368958
0.25552162
0.96934319
0.22367958
0.22862003
0.26741235
0.16562033
0.00062096
0.31453681
0.20793827
0.16904327
0.04203471
0.13287834
0.91715231
0.17053449
0.18696223
0.60055709
0.38962916
0.42300197
0.30219359
0.23270126
0.14494648
0.15702141
0.30770093
0.10391873
0.12953141
0.11268047
0.40094886
0.00023041
0.23545740
0.42863584
0.48683715
0.23401895
0.09873709
0.17177275
