# NTRAJ	1000
0.42600687
0.38225396
0.25603109
0.51739973
0.63005460
0.78408235
0.89084620
0.22937891
0.13936275
0.83391702
0.25018883
0.49597598
0.32242119
0.19776709
0.46238241
0.79694805
0.21124939
0.83055953
0.29491430
0.26884815
0.36885448
0.15961610
0.38667706
0.53279935
0.12530312
0.13841554
0.38835996
0.77841124
0.39558371
0.54198966
0.15991619
0.31102237
0.75588594
0.52164855
0.31544146
0.52412697
0.17481172
0.24100866
0.22286307
0.80351491
0.40845105
0.27562924
0.15787575
0.19942295
0.43429443
0.22736059
0.54260833
0.68824572
0.12461048
0.31325503
0.45907871
0.12466685
0.13018317
0.65269798
0.63037613
0.25767878
0.18409689
0.58184165
0.69844219
0.37818803
0.14319583
0.55054336
0.42094919
0.13924518
0.54999759
0.85308928
0.59404982
0.14521861
0.13051742
0.12433075
0.21433238
0.13712923
0.13312742
0.46556221
0.64932981
0.84199069
0.75969492
0.38333391
0.61336459
0.64047856
0.21747850
0.53375466
0.15410839
0.18118246
0.63369612
0.71193889
0.13388292
0.44790159
0.20552221
0.51686761
0.13354953
0.15973729
0.75205097
0.59050478
0.26300878
0.18644738
0.15573505
0.36508155
0.19763793
0.22720568
0.13570033
0.27934710
0.65151187
0.66835848
0.18123960
0.37789647
0.41017774
0.28912079
0.19888063
0.42328759
0.29729470
0.60961699
0.30245495
0.13985248
0.16707040
0.49942126
0.55815904
0.13241817
0.44536959
0.13444773
0.45560533
0.15384718
0.31683205
0.42677966
0.41364123
0.31674176
0.18753268
0.20484084
0.36406474
0.32633444
0.69315847
0.34490719
0.29149486
0.19439175
0.21366533
0.29684382
0.76947267
0.21916523
0.13554809
0.37846624
0.12472039
0.39388340
0.35986459
0.18071608
0.45469308
0.31657058
0.32735541
0.63128727
0.13103268
0.70810490
0.53021421
0.81609307
0.28750763
0.16792102
0.79422972
0.54053504
0.32736635
0.30606212
0.23131320
0.79663870
0.16250809
0.74130753
0.13186535
0.12443955
0.16436567
0.29825119
0.56794096
0.23193030
0.14328651
0.19419685
0.29004907
0.57627280
0.23984657
0.28685166
0.17173576
0.62490598
0.58839599
0.15945196
0.73506975
0.17851053
0.12596786
0.13570854
0.34298327
0.21820099
0.40968702
0.80865173
0.20236688
0.57319317
0.44684492
0.38406366
0.50448412
0.27466052
0.22294341
0.40689106
0.20656944
0.61401361
0.36633549
0.40864496
0.12512440
0.74747122
0.17222973
0.62803963
0.60480341
0.12512436
0.23323117
0.19345314
0.25147929
0.26278545
0.40107807
0.32589424
0.12464124
0.38319096
0.57242170
0.15063453
0.12432103
0.85224059
0.59080521
0.18204918
0.26390626
0.69605588
0.15019465
0.53290216
0.13638572
0.28902532
0.12492777
0.43319187
0.82150690
0.40911447
0.42478278
0.15020900
0.54218410
0.13436203
0.30629358
0.44182466
0.64784512
0.49742264
0.12783132
0.16388727
0.73268985
0.38782338
0.50190055
0.30833180
0.33857489
0.20387021
0.42739859
0.23935107
0.61418405
0.83489418
0.69490868
0.56565529
0.64090819
0.88676709
0.26131456
0.22567544
0.73231707
0.61247034
0.25495812
0.42540771
0.17192750
0.15012318
0.47450234
0.34166577
0.41283156
0.65121643
0.18874795
0.42780866
0.37575412
0.44610735
0.29177473
0.84661026
0.51625653
0.43472710
0.71293536
0.65684379
0.35195043
0.18975829
0.75495283
0.28498933
0.45485952
0.37170823
0.62401377
0.27533166
0.31531851
0.23818406
0.26140989
0.59237703
0.70587962
0.77108634
0.12467744
0.68085363
0.72460440
0.31707259
0.83411775
0.57814189
0.59969604
0.20152219
0.74390529
0.53965341
0.41324549
0.87305659
0.20880728
0.21897816
0.18093680
0.29113622
0.34436553
0.26654533
0.53174947
0.15333475
0.73206775
0.47009254
0.14744518
0.21710192
0.91151403
0.33888479
0.47600884
0.21044145
0.16403045
0.74213225
0.26223892
0.21589844
0.62890447
0.50368863
0.29207033
0.12645134
0.12762329
0.75370771
0.22222617
0.32628242
0.76770534
0.43938908
0.13965324
0.52874884
0.87328128
0.16597596
0.55317038
0.20174373
0.41340765
0.78562574
0.43507422
0.59274150
0.50340058
0.40004223
0.15402071
0.42644172
0.67028937
0.23045175
0.67808834
0.81288204
0.54500256
0.30961499
0.52202727
0.44152239
0.27967048
0.15649893
0.48272446
0.30029494
0.88754543
0.58459677
0.67245810
0.12442594
0.60142761
0.19613265
0.35954847
0.62685451
0.52780714
0.13671402
0.16917037
0.19455197
0.20334843
0.44644734
0.21068107
0.83325610
0.58455712
0.66866208
0.18562278
0.80791031
0.12619219
0.21114440
0.23038508
0.23288244
0.35598061
0.13467204
0.23235045
0.22674633
0.12776825
0.20582900
0.43264774
0.14171541
0.68613997
0.26976530
0.17597726
0.22497215
0.26897420
0.40827750
0.32771943
0.31883399
0.39381769
0.20302372
0.13393470
0.46809715
0.30191479
0.48708419
0.26363508
0.41869629
0.15135084
0.36825573
0.22214923
0.35348306
0.49063563
0.47274676
0.43099848
0.54559824
0.28793264
0.72843402
0.12414071
0.76731416
0.36317493
0.41919412
0.18609587
0.53782084
0.14617330
0.62055364
0.31524249
0.65685778
0.84042849
0.74938290
0.15582405
0.14883754
0.61713533
0.26737444
0.32724958
0.16738568
0.49160992
0.26343118
0.14239304
0.35338143
0.14392845
0.49917039
0.35305286
0.16886992
0.30305737
0.27136590
0.40727231
0.25301126
0.16167701
0.33868660
0.29629494
0.12434234
0.49161052
0.17197416
0.29823098
0.61616618
0.68164569
0.36516639
0.15328019
0.12630017
0.33417689
0.44878379
0.23422868
0.18146410
0.24128929
0.53664454
0.43798707
0.32209181
0.75373933
0.20928834
0.49182189
0.48940084
0.24047554
0.23220091
0.46100141
0.14740206
0.72928133
0.34040421
0.54357879
0.47074760
0.12449275
0.61456869
0.33819226
0.39254933
0.35418384
0.53094297
0.18195003
0.16966369
0.24908236
0.22690890
0.30312201
0.44277443
0.23059138
0.64681230
0.64484094
0.47293593
0.22436503
0.25302694
0.28294149
0.31314874
0.46825438
0.67161655
0.34242695
0.80442985
0.65935468
0.53423520
0.19252367
0.27420539
0.29114245
0.55408680
0.35266351
0.64762659
0.44593446
0.22354685
0.60602809
0.77846380
0.27526845
0.25409992
0.50542553
0.56182887
0.75171755
0.27246556
0.31738186
0.12583317
0.15461724
0.72914696
0.12430826
0.56904964
0.67428574
0.41482274
0.61556865
0.12429927
0.40257392
0.13371375
0.14419395
0.41810040
0.29850522
0.69712742
0.20504804
0.22158173
0.30336064
0.49298908
0.49479039
0.71255695
0.55384136
0.28496088
0.64150173
0.67291696
0.19465467
0.12599051
0.49508197
0.60560578
0.12751252
0.13262332
0.45673103
0.49379125
0.35382052
0.28520000
0.37192683
0.68736332
0.17762301
0.37495702
0.24774946
0.26043825
0.44883665
0.23707967
0.53451436
0.14111320
0.46959725
0.23624837
0.72372640
0.20958287
0.14449071
0.51649841
0.20990326
0.50428058
0.58389671
0.12996319
0.31084582
0.38472419
0.23053468
0.81995094
0.12511858
0.17673970
0.36244491
0.75894595
0.77062171
0.15318458
0.17629842
0.60661123
0.64487898
0.51737381
0.20406881
0.39409069
0.71136430
0.18050069
0.57727260
0.24787672
0.69922161
0.13140365
0.60125594
0.28423860
0.18875647
0.29694812
0.32439325
0.13685965
0.72164130
0.59417005
0.29994509
0.29535572
0.54317762
0.25523556
0.12509617
0.28413959
0.74885024
0.48571481
0.26220309
0.51062991
0.25878431
0.19777889
0.36060639
0.84409758
0.19469816
0.55244972
0.63469702
0.20562947
0.14146022
0.38618805
0.67592491
0.47638147
0.63870184
0.17992487
0.80224621
0.83695581
0.45485083
0.15465969
0.65251714
0.12566124
0.24951167
0.38032640
0.22602766
0.55506436
0.50860079
0.78692936
0.67360883
0.61620972
0.51211900
0.78964547
0.12595315
0.68733131
0.27802449
0.14171576
0.14202726
0.21548633
0.49908016
0.26725499
0.46132742
0.12454395
0.16076599
0.53674406
0.21165035
0.50290936
0.72242947
0.59448321
0.36181895
0.20429124
0.30472527
0.27553071
0.29165117
0.26596877
0.77514875
0.22618063
0.19523791
0.29953110
0.47754078
0.72554257
0.41046822
0.75668162
0.16105624
0.83518009
0.31335022
0.59911614
0.77813348
0.42101445
0.18046370
0.55735558
0.29522432
0.29642845
0.21957191
0.24099696
0.20554607
0.57324730
0.22861251
0.28263017
0.26255461
0.42971943
0.35106755
0.27169326
0.68095389
0.37698986
0.19423340
0.20480431
0.16033724
0.84187734
0.27037716
0.82659602
0.84207815
0.34830589
0.13041963
0.28791190
0.50738480
0.82372198
0.28458844
0.48891434
0.12446756
0.43562719
0.70581059
0.27898182
0.65081730
0.68297699
0.52397405
0.36648792
0.30966275
0.19489855
0.41170145
0.20378507
0.80318996
0.44567913
0.42945564
0.17650335
0.29315171
0.28935101
0.37490528
0.12950065
0.43106104
0.32745190
0.27843994
0.30360454
0.56436198
0.81611657
0.82769975
0.40936141
0.84071065
0.48982448
0.58604300
0.46900725
0.77066060
0.50523837
0.27666071
0.59877091
0.68190508
0.28162324
0.78717452
0.21940706
0.56495070
0.18175278
0.25969092
0.14412734
0.33650054
0.28493656
0.29255158
0.22606158
0.70145074
0.81140852
0.88903663
0.48907247
0.28205839
0.16258715
0.57667757
0.22800067
0.20636260
0.56603902
0.21607147
0.13763584
0.15789283
0.17435969
0.16137371
0.58424339
0.37441605
0.35644340
0.17256056
0.69634689
0.61807737
0.13280835
0.73168053
0.59666659
0.74759580
0.13717669
0.27086295
0.31029098
0.17560300
0.24808635
0.56153858
0.13592697
0.35893255
0.28496732
0.17258197
0.62412279
0.55299864
0.12433008
0.20987021
0.85354119
0.47184278
0.51676887
0.66098753
0.64582326
0.66637779
0.55889179
0.35400340
0.54236350
0.33613093
0.38074027
0.15159407
0.44584884
0.33892353
0.26828150
0.65476500
0.21766095
0.57442351
0.17822274
0.34711192
0.39311644
0.22475911
0.45391943
0.27969800
0.70716727
0.27976188
0.52895651
0.71017679
0.31438545
0.19495498
0.38667651
0.20892286
0.12750647
0.26995424
0.68122055
0.28177049
0.43313885
0.49202147
0.85461890
0.24018077
0.52292171
0.55178172
0.50397483
0.30167084
0.44378395
0.64788222
0.50283606
0.83573684
0.73112376
0.57038497
0.49671081
0.61142124
0.78864536
0.52275150
0.43531568
0.13606072
0.48409738
0.61285696
0.15049541
0.34756826
0.42005430
0.26364181
0.41590426
0.56833338
0.19876704
0.76170441
0.57481849
0.52195202
0.31084770
0.54638264
0.34587417
0.38160706
0.33510815
0.80991638
0.31647891
0.56171941
0.66561248
0.14540309
0.79668306
0.73137863
0.56498542
0.12538489
0.78800020
0.42995435
0.71963234
0.12576245
0.14195761
0.20453837
0.40472771
0.36157460
0.26876177
0.72499816
0.72770008
0.25374790
0.49835183
0.85638447
0.69739553
0.38983801
0.77894971
0.40356794
0.20312767
0.13413920
0.59060464
0.33146389
0.51946107
0.81499327
0.33414205
0.90665661
0.12734991
0.12850419
0.12719615
0.18437393
0.12607997
0.26419592
0.66906096
0.26477654
0.16019554
0.52420108
0.45661496
0.41216287
0.35849250
0.40701643
0.16535573
0.22162665
0.71547736
0.23532307
0.42813571
0.14498861
0.34648780
0.31564893
0.24307410
0.37660964
0.38073833
0.18480885
0.36101404
0.58549673
0.35617226
0.14762428
0.16408783
0.52675512
0.66754331
0.50266990
0.34726298
0.30256937
0.89662705
0.75074572
0.49538398
0.73958683
0.43345181
0.56678332
0.25836022
0.16023080
0.12516284
0.56925720
0.18731182
0.47002532
0.16812411
0.24708585
0.29251527
0.17814150
0.23079982
0.60451588
0.45952181
0.73980591
0.56080882
0.71290861
0.14571714
0.74845008
0.59286433
0.90873394
0.18256945
0.24715247
0.68842861
0.33549758
0.24832906
0.64322066
0.79636983
0.21526983
0.52670126
0.17373338
0.71363843
0.84813122
0.12520218
0.14854187
0.50014677
0.75711522
0.49704929
0.26380665
0.21171761
0.14492482
0.85483320
0.42574559
0.28027761
0.57128526
0.51453373
0.23869941
0.17857456
0.19033245
0.25958485
0.34100049
0.12490782
0.28624383
0.17936132
