# NTRAJ	1000
0.28461344
0.11061075
0.15320782
0.18195174
0.26433074
0.23887102
0.11341698
0.27738294
0.07019090
0.10980052
0.06850268
0.12759495
0.09744353
0.17614523
0.40961878
0.11139648
0.27485525
0.07225258
0.06259515
0.15007757
0.17579706
0.10203951
0.12487030
0.33062201
0.23287217
0.13844223
0.17402847
0.25218762
0.14089330
0.16214773
0.10670523
0.09594197
0.22210282
0.08019440
0.17640640
0.10374164
0.18552389
0.12451053
0.08691685
0.11792900
0.10974817
0.12485133
0.22232603
0.29221920
0.20661600
0.20545894
0.21710642
0.17522492
0.26255274
0.28972739
0.24503936
0.11856910
0.40869027
0.19243781
0.39143117
0.20582602
0.18595790
0.13772419
0.13202162
0.29827167
0.14531648
0.22560270
0.33591508
0.21704278
0.21447898
0.15947272
0.13011001
0.26630135
0.19968441
0.19299603
0.26912638
0.17546816
0.17022520
0.17674557
0.14619428
0.10527448
0.17870203
0.22784689
0.20373326
0.13272520
0.17646743
0.09672113
0.13054718
0.10055897
0.19860059
0.12511136
0.17032692
0.25050033
0.22572365
0.24402582
0.10223303
0.15407792
0.25667242
0.13426777
0.06779302
0.09175566
0.23605012
0.13556106
0.15063386
0.25942138
0.08916765
0.13380176
0.13243009
0.13537449
0.25099116
0.26436613
0.12186050
0.23665281
0.16688886
0.08800266
0.16618821
0.09419177
0.12193475
0.09235437
0.07828317
0.13048254
0.14860000
0.18748249
0.25604980
0.23406310
0.23089309
0.08531198
0.30867998
0.13845396
0.25148179
0.19967100
0.23774784
0.25251195
0.07193723
0.22600773
0.31668479
0.17726729
0.24201420
0.15296296
0.27983282
0.33332374
0.13298553
0.13332349
0.15559282
0.11337669
0.20540772
0.14146829
0.14826055
0.09690448
0.13979874
0.26057108
0.12080234
0.14271520
0.41351795
0.02613212
0.07586627
0.17507670
0.15273469
0.18309950
0.12190223
0.16908659
0.21390810
0.15206260
0.14293049
0.12002708
0.14982159
0.16062764
0.24211850
0.24075969
0.04991927
0.08009966
0.26974089
0.21727818
0.18623780
0.15970932
0.16067650
0.15832775
0.14989746
0.10002439
0.17376886
0.17009930
0.20725228
0.11025932
0.19630192
0.25718361
0.17152415
0.26196039
0.10991683
0.11131648
0.13785519
0.10301464
0.27442767
0.22650680
0.29522189
0.17621040
0.17666978
0.03779470
0.04102372
0.32466218
0.11140983
0.46589490
0.30311378
0.10608269
0.13654864
0.16805218
0.20784176
0.13972082
0.33555172
0.20000082
0.15381598
0.15292083
0.18091771
0.16211551
0.11754232
0.19217478
0.29825184
0.11089452
0.00593184
0.17604596
0.17122774
0.22213230
0.10972801
0.23259237
0.53347779
0.21117075
0.13009051
0.07399712
0.23068667
0.13428737
0.09994434
0.16265392
0.12495985
0.21455501
0.24176205
0.12622237
0.10921012
0.19790170
0.07016628
0.41601390
0.27943226
0.16890274
0.25554664
0.21783961
0.22925367
0.32908789
0.16146509
0.16181712
0.12022343
0.20802669
0.19693783
0.19950531
0.19030713
0.13654628
0.14722095
0.12725483
0.18062651
0.12226316
0.09940009
0.07955637
0.29001371
0.27278146
0.13108702
0.25643488
0.17409254
0.11011853
0.08927450
0.22889702
0.15472785
0.27740429
0.11760944
0.11007105
0.18121678
0.08576249
0.03191167
0.45830060
0.10941493
0.28987856
0.17922541
0.21834901
0.49514483
0.08173833
0.23952105
0.08879996
0.18246411
0.02779626
0.02197230
0.10584422
0.22034967
0.11318337
0.10179101
0.23415625
0.21896155
0.16741448
0.15248505
0.11531567
0.12987715
0.11529298
0.16924190
0.16758935
0.11050269
0.18989777
0.00693040
0.13636745
0.09291147
0.23512326
0.16091986
0.16823894
0.20397731
0.29468527
0.15747132
0.15230236
0.17534604
0.12580013
0.31521997
0.14780495
0.10609151
0.24206823
0.42911727
0.25033894
0.36146219
0.18001708
0.36499985
0.07079334
0.07915569
0.16446915
0.23687078
0.27302818
0.11339606
0.28668318
0.13716508
0.30681093
0.16628171
0.16292274
0.19704370
0.13595386
0.14537326
0.18460983
0.27003144
0.28628022
0.16184302
0.26135645
0.19063000
0.11795178
0.21862985
0.12860833
0.04902232
0.35733830
0.29363988
0.10887853
0.19179122
0.26519708
0.22234477
0.12046206
0.11432320
0.25282273
0.25343385
0.16404777
0.21775339
0.20259701
0.17564827
0.09187975
0.12433790
0.33578343
0.18065892
0.64906698
0.23552442
0.04449571
0.13313059
0.16636527
0.14567974
0.15921840
0.18678995
0.12762877
0.12557912
0.11755532
0.23830974
0.21990365
0.18314657
0.01130987
0.23357860
0.24247819
0.20365066
0.14382565
0.09686101
0.37498697
0.15052504
0.16923730
0.25505240
0.25951262
0.15300989
0.17327517
0.11239357
0.13184593
0.10999283
0.14372808
0.08304175
0.12731146
0.16279976
0.13139162
0.21040142
0.17223891
0.07598211
0.11159258
0.15742289
0.12210021
0.12015883
0.33515101
0.10503401
0.19390466
0.14104718
0.15208187
0.11295641
0.11420884
0.11544573
0.16668862
0.16103124
0.30181156
0.14683502
0.11107336
0.26348620
0.12516482
0.09426083
0.22995169
0.11161526
0.19247964
0.12346982
0.12518882
0.13010865
0.11748795
0.43604791
0.26101763
0.36509112
0.14629078
0.12805099
0.07621510
0.11062977
0.12203716
0.16057117
0.09722123
0.34433420
0.19343306
0.12808060
0.06975151
0.27919104
0.18591345
0.16414825
0.17457260
0.03297482
0.26564921
0.17976816
0.19332118
0.14674145
0.21587304
0.37035944
0.12442935
0.23693345
0.13390383
0.36290589
0.19772014
0.04856045
0.31653707
0.13544412
0.14619462
0.11172235
0.20629747
0.28835511
0.20266785
0.17779188
0.17810443
0.23695623
0.10368522
0.18390071
0.19206373
0.12045288
0.20522669
0.18108657
0.13942962
0.28146159
0.14703733
0.17922065
0.12186212
0.20440954
0.61611323
0.54244843
0.12857124
0.34262704
0.25708193
0.05970013
0.11250361
0.12971793
0.23065788
0.20020563
0.21903560
0.12461581
0.17321525
0.30077253
0.12514179
0.19904077
0.20920168
0.12030664
0.25545669
0.27925460
0.22499044
0.25646797
0.15125719
0.14436932
0.21356097
0.25342616
0.16963777
0.24790288
0.09021964
0.21471607
0.10479246
0.17499331
0.07616183
0.25634220
0.28180603
0.26470642
0.21494347
0.17034735
0.12405038
0.53407042
0.18330426
0.11057201
0.16384566
0.03428845
0.23203905
0.44171430
0.11883724
0.07898590
0.09208869
0.20396105
0.21133399
0.13477351
0.08919971
0.16939406
0.11845306
0.18995154
0.20380428
0.21615225
0.08253627
0.10086590
0.05182210
0.22075384
0.17969341
0.28618976
0.23600110
0.19697467
0.04035132
0.12409361
0.16827238
0.24370793
0.11685598
0.08711462
0.09494636
0.17186403
0.19004594
0.35364753
0.26356439
0.24852714
0.11764550
0.10885644
0.38855539
0.14871986
0.08926266
0.08877262
0.11854815
0.25241308
0.22670597
0.15891707
0.11164024
0.09789503
0.42689679
0.16880947
0.17838964
0.13662853
0.12610835
0.35548833
0.17945324
0.19753783
0.16212755
0.11100302
0.27560920
0.22048578
0.20872177
0.09365057
0.19311863
0.36542066
0.06760824
0.31858057
0.15225466
0.13749492
0.12958811
0.11047674
0.08142615
0.07925466
0.09451993
0.06867623
0.22543800
0.17031352
0.07073915
0.09948745
0.13783415
0.19445684
0.13218309
0.15989994
0.15874224
0.12692489
0.12808562
0.12928534
0.19412344
0.28851371
0.12708065
0.20945130
0.12990972
0.12453366
0.17210945
0.09501776
0.11806257
0.14804038
0.12556613
0.14260541
0.17613864
0.26156740
0.12111866
0.13817644
0.14073918
0.10987495
0.18509214
0.21349331
0.17019753
0.16045419
0.14569268
0.05753381
0.24224840
0.06924507
0.20389196
0.12795977
0.14852120
0.27780252
0.16965882
0.06527439
0.24770388
0.10774699
0.27530892
0.20009251
0.15659328
0.19792591
0.12307955
0.42207762
0.18638567
0.11708615
0.25149643
0.24167789
0.24905249
0.18497509
0.20172695
0.08186447
0.17789218
0.13757240
0.22471452
0.29402432
0.19860738
0.02123779
0.17524155
0.10127656
0.14596213
0.13993051
0.28692488
0.07907095
0.17127329
0.22086901
0.23213735
0.20667815
0.04300399
0.35426736
0.12832291
0.20050649
0.12879100
0.11554053
0.28896424
0.08372360
0.18918623
0.18881846
0.13088633
0.10478247
0.08416174
0.09653826
0.13356600
0.15874254
0.20526348
0.32784919
0.29020861
0.11995309
0.27449768
0.01189330
0.37546971
0.12026537
0.20586659
0.32752430
0.18518608
0.08036408
0.01093433
0.08855322
0.15076898
0.12611164
0.12975964
0.20474964
0.22711620
0.23352389
0.06762064
0.29635265
0.14496906
0.09708963
0.08273874
0.40688330
0.34922964
0.20383834
0.20625530
0.15795383
0.15645904
0.13999012
0.11854829
0.21332724
0.13595169
0.16198768
0.17523405
0.13680691
0.23496597
0.27010284
0.19060691
0.00878618
0.18340131
0.08912308
0.27506460
0.18078564
0.29963568
0.06024247
0.11825306
0.09604146
0.19286599
0.17778063
0.14620955
0.11006923
0.18232967
0.09453242
0.21823988
0.13809612
0.11704845
0.13998775
0.21580113
0.10252435
0.19129574
0.16401653
0.15077515
0.15516643
0.19183839
0.13871512
0.13915775
0.20252899
0.10597652
0.17984148
0.15286964
0.11896515
0.18569195
0.15797371
0.26713052
0.16129121
0.34987813
0.39258115
0.11264477
0.20557306
0.11879022
0.17565645
0.10320154
0.11300258
0.26990954
0.21113673
0.17194560
0.16596509
0.14068390
0.10231823
0.11467973
0.15509320
0.13203097
0.22084579
0.09294301
0.28125337
0.12810643
0.18686917
0.16567309
0.20237169
0.13549440
0.15178317
0.19614987
0.13742140
0.06345108
0.14103615
0.21967740
0.12823949
0.03780703
0.16252273
0.34658200
0.12185033
0.17589177
0.14965334
0.24410736
0.06239206
0.10084011
0.14791244
0.13821250
0.14269601
0.11128692
0.12127392
0.15666148
0.21226457
0.11678196
0.13703681
0.27423274
0.17626108
0.17908853
0.13455088
0.14677739
0.26984962
0.14448323
0.11304686
0.14351244
0.25739436
0.14019358
0.11973772
0.16766748
0.16322479
0.26728845
0.11327270
0.16125772
0.18716996
0.19413053
0.15555948
0.15896511
0.10545742
0.21907885
0.13340301
0.17705444
0.10534553
0.11258486
0.11140788
0.14538681
0.03193382
0.13036924
0.18183378
0.10161467
0.14568840
0.15900799
0.09398515
0.11201018
0.11511561
0.07488804
0.10691290
0.09829524
0.17741906
0.10784008
0.15575586
0.34907567
0.07708847
0.19740484
0.23304537
0.14333319
0.18387922
0.40302071
0.14626579
0.04707832
0.23162641
0.09477657
0.09679932
0.18726979
0.15786718
0.13039853
0.07091226
0.15683589
0.07907726
0.19814772
0.28953935
0.16552216
0.13714132
0.14441246
0.14674678
0.06381168
0.22719282
0.16691489
0.20314655
0.12084897
0.14433895
0.19322153
0.13785625
0.32015350
0.13499059
0.15426547
0.51575251
0.09631613
0.35629460
0.10877487
0.17629886
0.48972111
0.14855161
0.08919556
0.10664360
0.13986028
0.12526177
0.18156798
0.09500047
0.09890522
0.21870123
0.12755052
0.17485294
0.17585321
0.12486695
0.18873782
0.08473824
0.23360365
0.20920681
0.16083517
0.14073670
0.09061641
0.16404626
0.20399775
0.17306550
0.11781660
0.21153894
0.13308362
0.19282682
0.43396170
0.11619245
0.20467421
0.20197968
0.15682472
0.14052044
0.27082834
0.10504844
0.42445413
0.06841830
0.30720062
0.16672413
0.15606237
0.11577116
0.30968270
0.14752701
0.08990712
0.14716758
0.32121056
0.15940553
0.12207975
0.18633136
0.14425007
0.11593331
0.19746087
0.15790333
0.12514989
0.08041321
0.09959332
0.23590332
0.27824926
0.17999085
0.16045891
0.22643980
0.10417676
0.14707805
0.26513715
0.14042213
0.12376366
0.01159287
0.07321226
0.21962266
0.17417633
0.13398591
0.14480968
0.20832123
0.34647097
0.12875504
0.20298621
0.13770270
0.18165233
0.12315607
0.18067698
0.26409872
0.10586905
0.11422433
0.29883391
0.12251057
0.00569363
0.28678051
0.17118104
0.16533458
0.31447162
0.22164784
0.24473006
0.22524344
0.13558467
0.19635817
0.06456733
0.17583678
0.18474977
0.11618965
0.13905197
0.13038472
0.11398932
