# NTRAJ	1000
0.99932402
0.99983861
0.99222329
0.99990971
0.99608554
0.98624764
0.99986735
0.96783397
0.99938987
0.80082451
0.99949272
0.96117756
0.99990578
0.99999458
0.99985466
0.99766759
0.99964630
0.99979657
0.99468724
0.99748199
0.99999748
0.99858530
0.99999830
0.99530479
0.99999338
0.99329981
0.99489534
0.99996832
0.99716564
0.99998331
0.99879287
0.89708461
0.99918831
0.99982132
0.99996530
0.94087020
0.99967678
0.99999696
0.99990027
0.99999585
0.99994660
0.99260437
0.99941523
0.99999986
0.94460686
0.99996681
0.97491967
0.99983549
0.99905198
0.99998242
0.99871354
0.98625943
0.99998933
0.92840334
0.99841483
0.83786556
0.99999640
0.99995182
0.99900830
0.99993634
0.99982910
0.99908104
0.99993062
0.99944681
0.99857611
0.99977162
0.99546810
0.99997981
0.97070386
0.98530323
0.99983293
0.99651232
0.99983740
0.99999816
0.99987626
0.98949696
0.99999075
0.99968758
0.98722726
0.99724642
0.99961640
0.99860616
0.99989458
0.99723745
0.99998246
0.98540190
0.99951222
0.99901904
0.99986978
0.99838422
0.99999819
0.99993089
0.99991387
0.99726887
0.99999741
0.99852529
0.99978322
0.99920523
0.79127764
0.98916366
0.99992139
0.99841867
0.99907326
0.99917449
0.99792499
0.99938491
0.99976537
0.99983692
0.98800987
0.99974121
0.99344474
0.99996239
0.99951446
0.99993644
0.86737663
0.99982694
0.99992832
0.98820642
0.99880741
0.99999737
0.74603804
0.99974077
0.99983723
0.99991039
0.99999547
0.99924494
0.99919169
0.99999032
0.87290315
0.99999940
0.99664241
0.99063585
0.99999240
0.99997625
0.99998421
0.90365984
0.99854304
0.99997418
0.99665589
0.99990910
0.99604972
0.99641836
0.99990476
0.98408582
0.99996847
0.99997019
0.99951324
0.99990975
0.99798175
0.99981171
0.97468364
0.99897970
0.99997927
0.97585550
0.99997336
0.99895112
0.99894878
0.99814024
0.99973455
0.99992801
0.99997760
0.99913913
0.98766851
0.99996119
0.99999959
0.99943615
0.99999284
0.99997534
0.99866880
0.99919090
0.93503126
0.99940247
0.97145214
0.99999312
0.99998277
0.98658370
0.99981257
0.77858809
0.99880521
0.99879531
0.99897775
0.99996136
0.99984321
0.70287202
0.68355107
0.99991027
0.99959724
0.99997756
0.99999697
0.99067598
0.99999913
0.99999730
0.99804166
0.99890185
0.99945583
0.95189522
0.99956133
0.99970859
0.99919688
0.96466199
0.99238355
0.99994154
0.99159044
0.99926903
0.98757617
0.99988439
0.99981111
0.98385172
0.99989253
0.99817020
0.99889981
0.99593718
0.99995275
0.99999947
0.99998266
0.99618703
0.99967108
0.99991383
0.98827377
0.99984952
0.99244249
0.99876796
0.99994203
0.99995298
0.99970794
0.99943043
0.73559462
0.99964401
0.99548646
0.99996863
0.99999833
0.99997349
0.99514867
0.99997367
0.99978507
0.99996607
0.99997270
0.99867033
0.99318672
0.99975050
0.99873540
0.99829352
0.99968883
0.99998679
0.99951887
0.99129239
0.99996055
0.88130906
0.99512068
0.99966015
0.99553611
0.99971367
0.99999776
0.99630358
0.99996855
0.99993132
0.97303984
0.99986083
0.95063828
0.99125063
0.99988533
0.99979184
0.99985734
0.99989252
0.99998915
0.93157380
0.99999603
0.99417978
0.99274199
0.99751076
0.99879656
0.98787673
0.99815919
0.99254140
0.97290422
0.99991265
0.99980902
0.34345875
0.99969182
0.99999989
0.99943633
0.99982393
0.99999663
0.99871886
0.98769826
0.99765400
0.99993765
0.99996851
0.98044553
0.99990288
0.97371700
0.99998037
0.99197682
0.99992607
0.98794514
0.98383512
0.99976855
0.62122594
0.99223818
0.86806232
0.99974542
0.99981325
0.90891836
0.99696466
0.99802758
0.99999522
0.99993340
0.99882990
0.99823611
0.99501834
0.99984695
0.99985831
0.99796112
0.99999163
0.99999257
0.99995801
0.99988803
0.99928228
0.99976628
0.99713412
0.99929483
0.85594143
0.99999377
0.99993219
0.99999359
0.99999618
0.99964357
0.99997406
0.99959054
0.99998063
0.99989625
0.99977866
0.99949047
0.99999913
0.99804903
0.99964450
0.99977030
0.99999821
0.99996245
0.99998236
0.83368791
0.99982445
0.99996180
0.99993443
0.99967277
0.99944687
0.99899206
0.99966007
0.99971030
0.99996497
0.93955010
0.96223514
0.99973176
0.74232420
0.99987571
0.99984282
0.99980632
0.99989079
0.99999327
0.99974949
0.99993112
0.99818868
0.99999895
0.99915326
0.96909946
0.98457986
0.99979630
0.99980406
0.99978465
0.22310575
0.99997747
0.99998380
0.99996123
0.99988012
0.99984374
0.99950008
0.99991950
0.81841501
0.99992548
0.99906963
0.99998057
0.99973250
0.99997220
0.99994569
0.99995199
0.99941186
0.99999935
0.99984570
0.99939585
0.66616041
0.99991012
0.99995741
0.99982190
0.99969348
0.95681997
0.99994559
0.98459342
0.98895912
0.99965235
0.99975309
0.96157172
0.99999452
0.99981179
0.99903276
0.93051113
0.87565747
0.99982311
0.99373233
0.99959576
0.99912733
0.99623296
0.84658178
0.90264768
0.99857812
0.99974250
0.99977948
0.99958886
0.99999745
0.99996422
0.99731993
0.99258366
0.99995034
0.99662440
0.99997164
0.99886777
0.99978754
0.99999014
0.99800987
0.99714496
0.99960699
0.99671848
0.99988537
0.99995099
0.99677826
0.99989394
0.83228863
0.99938537
0.99961626
0.99999714
0.99980825
0.99955852
0.99981544
0.83281445
0.99999300
0.99951458
0.90642993
0.99931060
0.99994423
0.99992249
0.99997273
0.99986651
0.99984638
0.99997268
0.98557800
0.99980863
0.99992623
0.99909256
0.86108285
0.99837503
0.97892971
0.99986847
0.99539183
0.78878653
0.94067769
0.99983717
0.99983108
0.99951024
0.99936190
0.99999807
0.99999716
0.99963037
0.99984502
0.99959975
0.99739788
0.99420341
0.98872211
0.99996150
0.99887140
0.99986527
0.99965250
0.99997176
0.99984120
0.99944086
0.98616239
0.99993511
0.99997988
0.99612907
0.92622944
0.98429947
0.99996889
0.99993435
0.99789328
0.99999378
0.99994332
0.98779295
0.99995285
0.99997783
0.92956153
0.99836215
0.99991226
0.99993709
0.99994010
0.99984901
0.99689703
0.99999126
0.94409161
0.99964891
0.99994837
0.48910514
0.99954821
0.99999335
0.99531805
0.99221389
0.99999741
0.99987281
0.99990071
0.99750226
0.99757641
0.99962779
0.99997397
0.95055680
0.76844179
0.93194678
0.99986753
0.99986109
0.99972771
0.99929784
0.99980739
0.99988258
0.99980671
0.99713942
0.99488634
0.99999923
0.99999111
0.99749459
0.99899860
0.99680044
0.99738914
0.88596358
0.97237974
0.99993706
0.99999944
0.97735573
0.99997972
0.99995293
0.99987533
0.99974101
0.99969992
0.99998621
0.99962250
0.99364299
0.99986623
0.99948254
0.99991747
0.99960851
0.99875421
0.99976317
0.99867367
0.99877868
0.99978628
0.99996229
0.99967689
0.98838477
0.99989922
0.99916610
0.99999068
0.99945367
0.99851420
0.99912430
0.99977468
0.99999399
0.99777265
0.99991436
0.99753056
0.79106142
0.99944922
0.99989904
0.95646547
0.99969605
0.99969975
0.99633657
0.99820939
0.99995052
0.99988230
0.99966600
0.99988788
0.99982516
0.99998697
0.99999785
0.95950969
0.93709735
0.99995163
0.99923535
0.99996185
0.99999524
0.99893289
0.99574582
0.99999644
0.99991460
0.99785279
0.99990416
0.99997008
0.99995908
0.96569882
0.99874036
0.99990896
0.99901718
0.98676996
0.99860756
0.99998431
0.99994373
0.99987277
0.99779614
0.99996535
0.99667475
0.99345638
0.99999107
0.99985369
0.12810083
0.99972738
0.99483639
0.99897262
0.85279537
0.99976096
0.99979620
0.99990784
0.99436252
0.99995197
0.99998952
0.97732022
0.99989352
0.99996136
0.99907887
0.99997575
0.99921853
0.99999539
0.99988982
0.98327744
0.99999600
0.99998979
0.99998121
0.99847817
0.99999966
0.99995439
0.99066039
0.99879563
0.99944815
0.99991594
0.99965169
0.99892139
0.98816416
0.99995684
0.99903241
0.99975031
0.99498512
0.99839063
0.99292693
0.99892631
0.99734858
0.97481811
0.99982938
0.99997582
0.99966200
0.96715321
0.99994663
0.99970009
0.96428098
0.99730830
0.99889846
0.70441188
0.99998280
0.99918492
0.99834424
0.99999351
0.99982283
0.99996356
0.99989141
0.99411209
0.99992686
0.99993006
0.99999549
0.99962723
0.99988993
0.99796328
0.99998837
0.99994243
0.98218193
0.99706819
0.99999873
0.99990837
0.99996890
0.99919747
0.99723964
0.89320028
0.99737179
0.99999875
0.99995198
0.99990899
0.98900859
0.99990704
0.99958867
0.99905459
0.99903858
0.99981100
0.99987896
0.99984336
0.99961365
0.99999025
0.99123537
0.99999511
0.99864283
0.99999590
0.89395238
0.98846184
0.99717386
0.99540571
0.98945091
0.99795096
0.99982564
0.99999859
0.99983069
0.99997305
0.99999823
0.97668657
0.99984973
0.97705266
0.99990278
0.97855927
0.99774835
0.99944535
0.99022755
0.99996641
0.99928465
0.99999609
0.99142886
0.99998386
0.99753569
0.99805322
0.92142315
0.79781195
0.99629624
0.99397802
0.99999884
0.99886106
0.99841235
0.99991745
0.99998661
0.99942823
0.99941135
0.99999815
0.99734489
0.99998244
0.98215699
0.99958164
0.99996188
0.99994408
0.99973560
0.99852532
0.99941389
0.99873266
0.99925137
0.99684998
0.99992866
0.99996002
0.99954893
0.99986552
0.99959598
0.99983925
0.99991006
0.99995359
0.99999618
0.99539775
0.99960038
0.97545253
0.99960404
0.99998004
0.64028313
0.99984901
0.95548849
0.99186081
0.99998812
0.99993612
0.66034179
0.99973837
0.99671311
0.99951481
0.99681772
0.99853150
0.99460938
0.99999585
0.92772433
0.99944902
0.52312170
0.98820934
0.99918759
0.99988195
0.99996850
0.99995725
0.96862879
0.91677460
0.99141692
0.99999932
0.99220522
0.86976357
0.97479207
0.99995047
0.96731391
0.99998833
0.96658994
0.99999046
0.97596012
0.99996395
0.99970707
0.94749835
0.99935629
0.99996692
0.99998522
0.99997627
0.99850604
0.99994606
0.99998525
0.99980719
0.99995583
0.99662430
0.99995064
0.98626730
0.99745277
0.99784151
0.99777995
0.99999991
0.99999306
0.95491262
0.99998719
0.99287272
0.99932573
0.99943171
0.99993511
0.99977417
0.99970319
0.99963683
0.83031886
0.99991936
0.96186352
0.97959971
0.99892063
0.99876680
0.99975965
0.99956377
0.99998316
0.99781195
0.71492038
0.99740916
0.99979906
0.99999923
0.88342047
0.99999893
0.99956932
0.99948689
0.99955021
0.99992713
0.99997909
0.99995238
0.99970703
0.79022750
0.99999246
0.99988688
0.99999738
0.99888249
0.99995281
0.99821585
0.99610665
0.99999976
0.99332652
0.97095383
0.98633888
0.99995192
0.98451478
0.91691378
0.99893839
0.98955412
0.99981192
0.99993457
0.99934062
0.99389663
0.99947833
0.99714271
0.99976455
0.99444020
0.99996780
0.99942323
0.99999880
0.97882260
0.99899535
0.99966638
0.99951025
0.99989950
0.99983580
0.99999473
0.99996364
0.99759494
0.99717162
0.99981748
0.99990949
0.99508945
0.99982873
0.99969512
0.99546411
0.99968633
0.92709772
0.99940116
0.83217852
0.99991440
0.99999446
0.99990563
0.99490655
0.98994055
0.99687689
0.99999603
0.99999664
0.99990170
0.99984908
0.99624042
0.99998351
0.99996836
0.99977392
0.99946120
0.99259890
0.99939322
0.99637539
0.95696938
0.99746690
0.99991478
0.99445525
0.99964733
0.99943300
0.99981623
0.99971391
0.99992762
0.99983357
0.99997497
0.99931934
0.90011998
0.99848531
0.99936145
0.99998498
0.99996435
0.99997453
0.99975505
0.98469075
0.99067368
0.99994212
0.99994745
0.99912307
0.78781435
0.99999357
0.74856899
0.99980640
0.67958161
0.99928727
0.99997318
0.99993009
0.99891168
0.99997013
0.99996761
0.99924696
0.95484773
0.99805118
0.99997118
0.99373439
0.99996323
0.99997763
0.99995887
0.98616833
0.99973596
0.99844680
0.99850882
0.97218287
0.99996364
0.99986985
0.99994723
0.99986700
0.99986358
0.99652143
0.93117270
0.99796212
0.99990651
0.51240134
0.99980505
0.99999412
0.99972593
0.99973720
0.76365055
0.99998588
0.98985708
0.99979888
0.99938027
0.99940562
0.99943514
0.99909648
0.99994360
