# NTRAJ	1000
0.08912886
0.02826126
0.06706494
0.14552138
0.11735920
0.16892343
0.18215131
0.00354374
0.05464101
0.15892990
0.03033630
0.01747399
0.10479923
0.02842338
0.14580088
0.09829985
0.14296276
0.17559909
0.10045108
0.00301321
0.02773991
0.10475243
0.00220550
0.08191758
0.00766992
0.02745968
0.07054691
0.15461091
0.07731955
0.11837275
0.01929643
0.02983033
0.11148590
0.00828917
0.00391095
0.06309548
0.10944737
0.06525614
0.02721319
0.18213190
0.13854212
0.00982054
0.03896973
0.00226366
0.04256485
0.00046565
0.12407902
0.16870656
0.03561285
0.09209334
0.00832718
0.06789724
0.03561908
0.17521274
0.09400385
0.01490580
0.07943438
0.07577601
0.08970675
0.04383162
0.05493332
0.10973601
0.10995533
0.00652450
0.13981433
0.18215889
0.12485115
0.00424539
0.03483803
0.04522442
0.01380181
0.11733361
0.07484519
0.13071432
0.06753643
0.13802233
0.18195253
0.11248133
0.13286602
0.09060856
0.00368170
0.14858197
0.11263189
0.00800216
0.17643036
0.16920663
0.00426503
0.11849881
0.04776820
0.10098941
0.08866685
0.14655178
0.16660839
0.09944003
0.12650307
0.03716761
0.06305081
0.04810451
0.06932996
0.11253990
0.02198862
0.16863775
0.13903962
0.18086311
0.04813827
0.03159402
0.03942584
0.05106567
0.01642150
0.07715921
0.13459823
0.07687503
0.01630646
0.00130200
0.04016870
0.05926950
0.04457526
0.12389185
0.02772760
0.04505788
0.06813785
0.11964487
0.14368639
0.14595018
0.11875737
0.17208818
0.03646149
0.04077407
0.00063882
0.02164723
0.12375121
0.05320529
0.06114050
0.01423983
0.01995019
0.00462279
0.17295150
0.00709969
0.00021493
0.11955992
0.03467226
0.03129195
0.00911739
0.00803389
0.10898351
0.13765404
0.06753459
0.00554117
0.04352554
0.02226390
0.16574108
0.18207833
0.02451598
0.03008237
0.08835124
0.08530392
0.00184924
0.03169699
0.08032800
0.15252535
0.13326924
0.18200608
0.12971374
0.02853667
0.03647015
0.02309451
0.09650111
0.10524862
0.09231798
0.13865686
0.11510283
0.09100641
0.00307223
0.05218822
0.00086747
0.13523130
0.11629269
0.00038309
0.15583580
0.12053830
0.10761690
0.01341997
0.14631391
0.01743112
0.07639441
0.18026997
0.12102468
0.07990804
0.12378489
0.06483723
0.13333287
0.01356718
0.00142572
0.07883867
0.02232615
0.05902266
0.11506914
0.15293227
0.00309196
0.18068713
0.13349454
0.12743249
0.07241328
0.07519191
0.07976855
0.02889650
0.03562570
0.00342175
0.17699576
0.00890030
0.00460870
0.01511696
0.06223894
0.03855412
0.00034014
0.13624053
0.14310349
0.02128997
0.17756446
0.00023152
0.03370225
0.00881909
0.05612616
0.10776463
0.12174698
0.16700911
0.15233306
0.10458536
0.07706672
0.08669060
0.15186690
0.00364636
0.00755138
0.06180216
0.14384455
0.15263629
0.02666029
0.07162839
0.14773446
0.04108475
0.17616850
0.11246568
0.07690781
0.00212083
0.06225909
0.16644647
0.14826619
0.16914338
0.01662202
0.16638719
0.16337176
0.18229036
0.03745311
0.00214047
0.16593792
0.17234226
0.13060750
0.09396687
0.00014878
0.03661656
0.00081569
0.01459959
0.02563262
0.15981395
0.00248037
0.06425780
0.17520520
0.17709900
0.01412864
0.17589196
0.08487005
0.03867314
0.13716432
0.10536763
0.10199426
0.17064794
0.17951038
0.14166562
0.09045810
0.09655961
0.12502526
0.03376735
0.10561089
0.11718685
0.15055357
0.17278083
0.14590129
0.16503137
0.01219684
0.18100129
0.14407227
0.01042329
0.17245266
0.16221076
0.14228085
0.02108636
0.18006883
0.04808700
0.05071503
0.13438768
0.10629025
0.09066833
0.07513928
0.14190058
0.12108091
0.03222553
0.00797446
0.02634774
0.17336972
0.18205496
0.02008292
0.12455870
0.18191082
0.10647295
0.00296600
0.03046381
0.04529145
0.17810915
0.06926932
0.16279575
0.17982163
0.09768114
0.04263356
0.00263225
0.00033380
0.15918891
0.04700276
0.01970387
0.18205661
0.14582622
0.05264734
0.16547199
0.18082750
0.03082130
0.12382004
0.09221704
0.03264661
0.18207360
0.02180572
0.03897143
0.13887664
0.05037074
0.12627949
0.05800185
0.17125034
0.03316530
0.13093560
0.18098986
0.00013483
0.11327766
0.03954919
0.14139612
0.03441439
0.07145410
0.17204297
0.06992879
0.17926435
0.10435936
0.17339971
0.04010575
0.13912456
0.04985587
0.03601927
0.12745548
0.12841505
0.02588986
0.07114823
0.05707988
0.04090123
0.15900599
0.03995857
0.14409975
0.11992143
0.18220437
0.00107431
0.11518216
0.06992351
0.00436123
0.04081735
0.04394990
0.04701977
0.01960710
0.11677231
0.10365749
0.00014880
0.13076941
0.13382348
0.08355428
0.16122557
0.06529563
0.02291840
0.06375805
0.02417456
0.08696406
0.12840433
0.12786121
0.00034048
0.01380409
0.09422655
0.14047883
0.08383370
0.09741643
0.03977904
0.09083878
0.09280689
0.09358839
0.07722293
0.00463127
0.13250211
0.10421007
0.08860312
0.07102302
0.03582506
0.17809626
0.04540202
0.17504900
0.12808686
0.09983513
0.02598556
0.01028936
0.12154081
0.07627821
0.04265145
0.14048488
0.18077191
0.18232086
0.05716355
0.00060141
0.04773392
0.00313957
0.14630667
0.02931720
0.05203748
0.02357065
0.01695086
0.08012725
0.08855207
0.15075217
0.07555540
0.02241546
0.04662517
0.13820943
0.00780452
0.03621350
0.02330939
0.00691456
0.01014417
0.04873711
0.03383162
0.13057195
0.13535304
0.17036972
0.02149463
0.12624060
0.03094534
0.04268449
0.01247547
0.11417428
0.05598681
0.05034280
0.00070779
0.05963898
0.07326578
0.00696682
0.17821422
0.02791185
0.13812096
0.14254632
0.00299396
0.00601210
0.00640916
0.02901450
0.16865525
0.14847477
0.00903233
0.12618973
0.00107039
0.16073813
0.12212923
0.12299185
0.12748068
0.14344908
0.01712171
0.08264636
0.08239228
0.01719295
0.07943249
0.00022322
0.04940839
0.09670237
0.12736062
0.12520876
0.01885753
0.01640330
0.03982673
0.02007063
0.16721440
0.09250308
0.00218334
0.18212706
0.13898948
0.00008035
0.01455589
0.01064467
0.06707814
0.02223589
0.11265333
0.16143644
0.08231169
0.08937776
0.16671307
0.06787879
0.12496068
0.09031638
0.05654224
0.17946356
0.16164560
0.15348316
0.01910390
0.04503396
0.00981106
0.18250714
0.04697221
0.12970095
0.14878711
0.08840902
0.09383064
0.00060846
0.13940150
0.11193354
0.02615548
0.03334013
0.06773662
0.14219478
0.12790464
0.11162295
0.01520076
0.00075947
0.02783939
0.06056853
0.05281137
0.10625874
0.17796819
0.12080405
0.00216514
0.04794916
0.07962645
0.14393980
0.00104911
0.04772958
0.03955330
0.14721515
0.16941113
0.05136954
0.12190934
0.08734310
0.10266528
0.15875364
0.05029629
0.09710251
0.15874777
0.07829542
0.04556424
0.02131927
0.14831700
0.00979505
0.09052954
0.05698677
0.03358051
0.04121991
0.01567073
0.05427757
0.15507604
0.02686619
0.01399828
0.04514816
0.04786899
0.17804225
0.07314236
0.01152862
0.13845635
0.18064278
0.06861203
0.15485544
0.08453663
0.17519516
0.15132231
0.14648615
0.01815617
0.17204516
0.15221330
0.08116889
0.17193248
0.03212945
0.01807747
0.00043343
0.15067691
0.04547574
0.06261554
0.12625491
0.11403598
0.12043287
0.07336704
0.15277920
0.04345342
0.07992620
0.17338863
0.10334209
0.07233048
0.04211862
0.13858151
0.10122022
0.07547512
0.14845636
0.05104867
0.04613555
0.11778916
0.16963664
0.09992796
0.17632118
0.15856503
0.09967889
0.02701239
0.16890557
0.15200420
0.00807148
0.14259585
0.00298847
0.17848031
0.17960860
0.01142694
0.02485487
0.17867309
0.00123770
0.00089066
0.04487463
0.08091727
0.01906290
0.00027199
0.16712458
0.16815347
0.14352382
0.05923404
0.18205841
0.06223277
0.17306598
0.03989791
0.01196000
0.09536289
0.05097675
0.17781415
0.02726539
0.05601503
0.02361895
0.01497012
0.08647315
0.00601340
0.04699149
0.06010920
0.07159492
0.07312352
0.06195744
0.01194270
0.11097575
0.08862615
0.00765289
0.15447002
0.09099889
0.00669551
0.12792482
0.05529229
0.18221398
0.07042263
0.11119557
0.01057476
0.09602931
0.14901429
0.14673941
0.15677942
0.06672353
0.04518086
0.06097656
0.03661471
0.09299521
0.12794914
0.01774208
0.00672022
0.14113877
0.06657692
0.14663064
0.01828565
0.14438887
0.11533595
0.00993721
0.11851234
0.09453236
0.00490303
0.13388264
0.01181667
0.18204708
0.00007859
0.18122907
0.18212885
0.15596379
0.08404355
0.04475723
0.00462184
0.17583011
0.03978578
0.11746380
0.00052000
0.02197425
0.16842901
0.00472282
0.05163781
0.18175357
0.11523507
0.07292396
0.00498071
0.02465097
0.17454572
0.02817709
0.17942135
0.01292469
0.11788334
0.05709810
0.03215000
0.05907892
0.12349870
0.10955280
0.10234932
0.01320448
0.13257452
0.14924478
0.01069364
0.16448394
0.18107171
0.04337399
0.18120260
0.14453226
0.12361930
0.01675408
0.17429766
0.05314651
0.07249240
0.02356605
0.06774781
0.10431862
0.17467841
0.11477321
0.04452925
0.01006418
0.05762925
0.09857309
0.13374485
0.07720869
0.05981231
0.01094027
0.15911269
0.09232888
0.18117997
0.11522339
0.05916397
0.00015631
0.17201958
0.10471810
0.16462669
0.15377507
0.00018774
0.00037856
0.09046061
0.03204065
0.07502912
0.01352722
0.15993892
0.11019042
0.07895212
0.18203545
0.15975236
0.07903284
0.15628852
0.16053135
0.13846735
0.01541571
0.16834130
0.09794461
0.01577498
0.12155258
0.04313698
0.00860432
0.00234999
0.12858375
0.02572370
0.04053783
0.15537526
0.00400531
0.05987750
0.17187614
0.07437870
0.13415273
0.15082023
0.16460896
0.14189765
0.17867691
0.06905784
0.14454371
0.16891447
0.13390135
0.10821550
0.16695260
0.11913625
0.00544810
0.17414383
0.09548045
0.16847757
0.05077116
0.00767499
0.10141414
0.00536083
0.04462959
0.08519157
0.17300473
0.09161113
0.01306829
0.15981278
0.02052283
0.11279803
0.18053663
0.15752123
0.07603249
0.04001430
0.13297712
0.03257384
0.02925753
0.12598116
0.18222493
0.14956563
0.14861041
0.01154027
0.13726639
0.08980840
0.11076385
0.07147337
0.07012283
0.16300935
0.16449925
0.12958639
0.14853566
0.17084846
0.16448280
0.12841454
0.05694553
0.00607228
0.09192796
0.12942219
0.13534869
0.00009595
0.11449018
0.17669417
0.01624734
0.15940164
0.06601837
0.18223640
0.02578854
0.00832966
0.13078206
0.00220651
0.10262969
0.04021993
0.07364556
0.17772468
0.11969042
0.16450768
0.12941413
0.05472123
0.17900236
0.18168494
0.17853616
0.06517105
0.11430356
0.05133060
0.11308730
0.00286324
0.00013138
0.16880825
0.09749656
0.17198803
0.01472947
0.15259101
0.12902125
0.10257113
0.13407006
0.18218503
0.12596656
0.17031939
0.12479973
0.12547441
0.12849146
0.00092309
0.15174854
0.04780175
0.06064809
0.17539550
0.00638928
0.18113384
0.02536140
0.05553044
0.03500207
0.05200009
0.02974306
0.02271005
0.06588901
0.04879823
0.06245768
0.05552625
0.06140108
0.09359792
0.03578422
0.14096613
0.07800637
0.07264126
0.11011422
0.01632426
0.11310122
0.00086966
0.13809525
0.03293583
0.02921131
0.17936250
0.02381594
0.00270630
0.11643454
0.13652556
0.02466733
0.05916881
0.09583501
0.11980466
0.13432622
0.12543805
0.02047946
0.00114833
0.18223859
0.16826565
0.15097561
0.12813385
0.16273905
0.13348367
0.08548962
0.01416789
0.13584882
0.17802581
0.13284662
0.05783665
0.02492497
0.03812973
0.05364048
0.02588437
0.01058936
0.03302776
0.15370661
0.17123271
0.16799288
0.13001675
0.14254690
0.11922733
0.16483638
0.18219523
0.04037476
0.01007483
0.14017129
0.15617126
0.00017461
0.17460676
0.17652863
0.15401562
0.00535894
0.01694298
0.08799103
0.16826670
0.13136706
0.01184518
0.08922817
0.12278018
0.13781045
0.02854550
0.11119586
0.04522181
0.17653527
0.13956310
0.00120707
0.18176730
0.00927270
0.15213443
0.00064911
0.02799860
0.10084510
0.09277169
0.00594441
0.11028061
0.12691663
