# NTRAJ	1000
0.05215511
0.00059483
0.01032571
0.00904889
0.13837693
0.17764038
0.16547471
0.01378493
0.02667765
0.15704153
0.01391285
0.13074874
0.06937940
0.00310270
0.10716949
0.07304552
0.06517323
0.13667553
0.09427500
0.07031040
0.00088243
0.07480018
0.06013784
0.11522465
0.05325302
0.07662859
0.03486376
0.13952953
0.08115348
0.11612987
0.03253453
0.13581261
0.01672818
0.14103569
0.05683888
0.00003649
0.14594189
0.11706671
0.00190089
0.17303842
0.13705551
0.11315240
0.00117564
0.03020430
0.08468899
0.00877852
0.10857233
0.17011436
0.00174898
0.10504840
0.00003229
0.07564203
0.12766796
0.13865936
0.09624513
0.01851923
0.01185749
0.01829930
0.09380273
0.08087385
0.05303158
0.00130304
0.00208792
0.08474677
0.16721845
0.15394382
0.15422510
0.12456946
0.02558324
0.01722186
0.04914640
0.08744237
0.03322617
0.15348541
0.07705204
0.10796789
0.17149665
0.08432550
0.07033950
0.10876121
0.04957182
0.06616607
0.07380825
0.00587293
0.18252357
0.15523014
0.04676256
0.07409103
0.10106106
0.02687909
0.04625389
0.11307913
0.15381860
0.00053326
0.15742646
0.03551438
0.07953541
0.09915334
0.14248550
0.05300512
0.08042054
0.05860216
0.00035763
0.12335151
0.01699493
0.04183330
0.04912798
0.04415203
0.12634385
0.10760932
0.09129095
0.00792660
0.12748081
0.02813957
0.10621891
0.00606738
0.03172287
0.10452436
0.05555714
0.02459429
0.07738802
0.14687937
0.08657863
0.12387484
0.00342461
0.12662707
0.00267520
0.04945550
0.06418721
0.09409007
0.14163322
0.08490770
0.11692437
0.03925519
0.00829277
0.04421769
0.13930280
0.06769284
0.02413587
0.14133580
0.00251830
0.11572471
0.00030824
0.00602227
0.06981232
0.18987748
0.10496292
0.03122144
0.10690622
0.00300984
0.14136821
0.18688904
0.10728930
0.11803909
0.09463667
0.10314645
0.02499112
0.04080285
0.07895189
0.17160078
0.06870199
0.16543287
0.15458089
0.02208622
0.06008149
0.05752728
0.00525323
0.12826043
0.01827143
0.14400724
0.11282092
0.08750273
0.00069992
0.06201788
0.05400972
0.10560479
0.09604378
0.00126918
0.12007992
0.07047449
0.08195911
0.00118909
0.07903580
0.01330262
0.11714213
0.16166454
0.14757775
0.03904746
0.14613064
0.14424989
0.16616884
0.07178311
0.01844649
0.10922748
0.02518462
0.03946938
0.14630207
0.15536748
0.04793063
0.18363517
0.13477149
0.14477044
0.01086947
0.05695530
0.01260507
0.01347679
0.00042059
0.04242660
0.18043847
0.05470314
0.00435942
0.00902547
0.07620319
0.01232702
0.00451152
0.13894577
0.12493047
0.02569435
0.11206248
0.04642280
0.01113412
0.05035001
0.07656395
0.10258351
0.16451174
0.02507797
0.15413762
0.13264538
0.11771199
0.07772427
0.13433390
0.03901632
0.08246431
0.12427759
0.07227683
0.16574807
0.07064650
0.11572982
0.14031468
0.03374109
0.05418674
0.08196792
0.15725676
0.05532781
0.03187960
0.18024268
0.12438064
0.11959508
0.01231609
0.14588338
0.13826095
0.18598688
0.07786247
0.00398959
0.11578732
0.11954691
0.09534377
0.02892196
0.04218958
0.03276829
0.00076974
0.00688829
0.12362209
0.08937835
0.00058073
0.01872334
0.18279277
0.18619217
0.05966518
0.18528745
0.03778694
0.01412688
0.03230355
0.03857058
0.14461527
0.14412020
0.17493880
0.07433972
0.06015044
0.10991993
0.17488987
0.10496107
0.12011446
0.15535239
0.10015893
0.00286432
0.10424022
0.11228015
0.03120979
0.18078015
0.03631516
0.08563448
0.14384908
0.07860182
0.01105646
0.09515116
0.18442760
0.12540507
0.00488419
0.14490214
0.10154061
0.03881881
0.15919861
0.17488771
0.00611899
0.00216654
0.07688156
0.00012163
0.11819100
0.18742514
0.02135156
0.04975935
0.16818954
0.00527818
0.09509027
0.04332010
0.06563666
0.19012422
0.04781379
0.12247787
0.18958479
0.10212061
0.07073734
0.01998896
0.04256222
0.03519677
0.00014738
0.00700541
0.16275357
0.02192221
0.06251725
0.08769008
0.18482845
0.05134078
0.08891954
0.13718800
0.03987970
0.18089877
0.03514038
0.16733018
0.11330827
0.03985473
0.03077052
0.09125493
0.16393173
0.00207488
0.07448264
0.13812427
0.04759907
0.04879042
0.08066696
0.06308969
0.12193129
0.01839611
0.15728066
0.05939475
0.17976947
0.13728306
0.13012106
0.06595353
0.11585887
0.00115289
0.01888778
0.07332022
0.10026011
0.09977087
0.07196944
0.04213598
0.00537278
0.11315216
0.00976043
0.10580812
0.07191086
0.14109438
0.11109639
0.11123853
0.07504409
0.01760899
0.05542672
0.01376591
0.07477174
0.00603694
0.10405393
0.05403952
0.00059156
0.01311491
0.05267652
0.09412477
0.16541263
0.06817651
0.02601205
0.07205710
0.05419495
0.03118250
0.08967341
0.00426085
0.04318332
0.05378233
0.00832750
0.10246694
0.15471838
0.01325731
0.11389790
0.10256218
0.00744629
0.13034344
0.01499943
0.05770965
0.09198635
0.15567487
0.03751281
0.07892099
0.06855178
0.18821064
0.12717487
0.05505056
0.17060390
0.05334326
0.01016916
0.05560796
0.11420428
0.14282273
0.07902875
0.02816515
0.17483605
0.17850033
0.02399429
0.02984216
0.02835412
0.05549220
0.03203700
0.04817703
0.05988291
0.03617865
0.00237458
0.07044851
0.08620222
0.14199824
0.01318710
0.03120667
0.12506324
0.15701671
0.02151235
0.01772027
0.13289987
0.05914823
0.03521675
0.09445550
0.06505824
0.11279909
0.03879541
0.07124547
0.09233341
0.12205453
0.04092087
0.00024065
0.09574948
0.07834103
0.10771007
0.01459857
0.12215925
0.07491199
0.08404724
0.08903529
0.15190629
0.09606068
0.12643206
0.06133577
0.06690178
0.12329201
0.15714426
0.08435565
0.17968741
0.01413096
0.14259619
0.09953262
0.01009330
0.16249556
0.02793645
0.14342939
0.06103028
0.09372152
0.09718763
0.14388760
0.02178901
0.03317979
0.08570136
0.00867378
0.00573579
0.15133050
0.14303057
0.05166644
0.04913522
0.08204231
0.07253432
0.00492839
0.11313173
0.05923326
0.00021182
0.17640453
0.00162895
0.05361256
0.00583506
0.02778751
0.00061555
0.04769315
0.11743605
0.12290990
0.00502366
0.03761550
0.10811529
0.00008991
0.09959705
0.09409750
0.03739085
0.18816451
0.11760602
0.16606975
0.01866902
0.07049381
0.02195548
0.18906522
0.00177841
0.13018550
0.13802776
0.05696579
0.00828538
0.12800890
0.14098834
0.04952969
0.00517953
0.00056615
0.07548157
0.11620936
0.13537647
0.06067745
0.05356319
0.02626499
0.08851497
0.15878878
0.06294970
0.10310686
0.16904287
0.13334743
0.06468768
0.04563369
0.01410287
0.09885621
0.00006347
0.05475949
0.12980554
0.15462837
0.15421211
0.00846852
0.12930917
0.04307035
0.10618313
0.17959084
0.11018669
0.08299821
0.15579523
0.00802591
0.04046041
0.05396788
0.15731528
0.08658337
0.02057919
0.00010808
0.00007846
0.02399048
0.08560092
0.06299713
0.14890823
0.05366648
0.00011923
0.02022082
0.00868188
0.14772518
0.03690921
0.02496196
0.10883074
0.18203329
0.01713880
0.16303212
0.08738127
0.10272201
0.17900384
0.08402558
0.00005583
0.15814380
0.12412011
0.00344348
0.05718156
0.03832851
0.00244774
0.03948058
0.09110798
0.01783313
0.07099314
0.02823227
0.05219993
0.00967543
0.02937786
0.07561513
0.04524782
0.02012551
0.14366504
0.07061541
0.00392251
0.14589547
0.14755305
0.12562222
0.06619934
0.15879224
0.01652291
0.06775692
0.17549502
0.11803559
0.03467638
0.16333325
0.10533673
0.08439281
0.06199891
0.15185147
0.16247192
0.07679049
0.09779994
0.08048023
0.15515128
0.11935971
0.02588100
0.00118075
0.11412728
0.03626975
0.00736191
0.00952761
0.02402314
0.00975323
0.09785640
0.16542724
0.10849717
0.14284778
0.05387126
0.18818660
0.13814688
0.15460638
0.05964634
0.00239402
0.00548368
0.01843666
0.18822118
0.02109757
0.10792578
0.01063021
0.00488566
0.15221781
0.06785241
0.02548740
0.08434815
0.12182336
0.06483908
0.02089462
0.02554170
0.02938474
0.05473981
0.00348969
0.12325322
0.13277429
0.01696854
0.12592264
0.01030846
0.14330591
0.12591750
0.05516347
0.02527461
0.08789276
0.16944028
0.15166068
0.07296803
0.09756261
0.12854196
0.01971526
0.00282636
0.02655001
0.00217290
0.01709148
0.06701878
0.03717268
0.02646902
0.01305577
0.00002843
0.07136577
0.10940736
0.03230282
0.09050139
0.00011913
0.03392755
0.08213833
0.05232689
0.05985871
0.00896912
0.18261811
0.17153425
0.13108358
0.02900057
0.06761398
0.12483615
0.13846423
0.00115878
0.14153816
0.01314442
0.00055738
0.03562771
0.02417153
0.08426914
0.17042856
0.12719578
0.02799604
0.02824568
0.03332869
0.16174247
0.06393698
0.13966845
0.00666114
0.12331369
0.08772879
0.05283509
0.02790187
0.00052562
0.10421300
0.04815387
0.12663669
0.07316044
0.15769991
0.01707524
0.10578403
0.16588958
0.07223143
0.18866262
0.00925346
0.12127881
0.03297699
0.11155707
0.00069820
0.00003138
0.06564987
0.01378715
0.11256857
0.18914542
0.02826723
0.02285839
0.11518717
0.02862928
0.10386356
0.05965508
0.03241874
0.05063325
0.04564454
0.15973462
0.01256814
0.17691008
0.03644379
0.09038991
0.03984646
0.11368927
0.07923700
0.19012187
0.08958125
0.02579939
0.01963005
0.15299686
0.02858066
0.06199372
0.09107139
0.06518508
0.13937051
0.08775073
0.17676124
0.16698604
0.04544483
0.15742171
0.16468451
0.14718713
0.07319187
0.13969079
0.04755318
0.10985300
0.07806014
0.12825605
0.08430570
0.00309466
0.10371981
0.06564680
0.05161616
0.14067050
0.01619385
0.12345510
0.15787910
0.11907113
0.05008573
0.14307657
0.09464081
0.15054362
0.15526575
0.02550475
0.08133585
0.16441913
0.13036239
0.00455866
0.18584967
0.07754405
0.03082074
0.18651782
0.05208203
0.15584572
0.04695554
0.05017101
0.00074025
0.00501031
0.05792614
0.00229969
0.02183311
0.15931851
0.01639933
0.09704694
0.03378713
0.08722852
0.14833267
0.11558553
0.11566722
0.10050928
0.08649137
0.05417946
0.04546650
0.03463664
0.17864190
0.10387235
0.11748794
0.05077558
0.12107190
0.16164217
0.02299336
0.04912877
0.02026379
0.03447805
0.12352055
0.01228617
0.10394211
0.16459651
0.17361400
0.10979220
0.02254990
0.00147841
0.00871653
0.04630473
0.16601418
0.02041366
0.05477468
0.13069494
0.02276929
0.12506364
0.07060297
0.18473685
0.09269886
0.02908068
0.06866548
0.17309470
0.07219450
0.03217184
0.11052897
0.18058065
0.12241534
0.12022416
0.02563405
0.16123465
0.15633362
0.17601030
0.13475088
0.00432052
0.14261016
0.00043297
0.04647925
0.02911117
0.11442949
0.09949243
0.07883623
0.11034881
0.00427995
0.06062784
0.09188836
0.13829140
0.17129662
0.16311206
0.17028864
0.15621787
0.08833367
0.08828987
0.15454355
0.10682521
0.14198025
0.01938571
0.13749676
0.16163533
0.03391224
0.18672280
0.02486981
0.08038326
0.02879564
0.02588132
0.02870759
0.00385303
0.09459403
0.00628126
0.05563157
0.05764807
0.15445659
0.13086085
0.10221377
0.09691712
0.16345862
0.00723622
0.11160069
0.12172620
0.14768654
0.09855329
0.10208362
0.09718105
0.01140027
0.16027957
0.08400288
0.07700119
0.08648570
0.05283259
0.08278669
0.03665104
0.14558657
0.07280254
0.12853595
0.12778869
0.00437904
0.02411963
0.15875467
0.01619725
0.12256471
0.12094557
0.07787319
0.10851870
0.12472365
0.03478719
0.14651592
0.18859975
0.12832032
0.03125003
0.11696075
0.00589321
0.04784156
0.05685421
0.04289545
0.01739815
0.15766949
0.10267538
0.18341471
0.06028679
0.10452522
0.14794111
0.16700008
0.14713292
0.04229221
0.06708899
0.14930314
0.09942905
0.01156446
0.06813015
0.18421083
0.16778449
0.04056284
0.01077900
0.05953378
0.15439252
0.12143000
0.00079893
0.10003152
0.10566939
0.06213332
0.01425587
0.09373308
0.04995173
0.18603251
0.14326904
0.00415897
0.15595677
0.01320775
0.12441957
0.00100351
0.13460946
0.16658964
0.03487260
0.11508972
0.05468257
0.13544901
