# NTRAJ	1000
0.14806384
0.07493565
0.31605772
0.24573128
0.18332097
0.46754825
0.13150394
0.35831735
0.54233419
0.19051580
0.43376411
0.31270894
0.19191170
0.56312802
0.69114931
0.18103956
0.52672587
0.30285586
0.15249051
0.32673027
0.53687492
0.47868739
0.57196867
0.30812292
0.54280385
0.39556085
0.29524103
0.58850308
0.44188914
0.31852741
0.38295063
0.10343629
0.40389052
0.16116355
0.58942454
0.10905243
0.14435340
0.47522202
0.29701530
0.29245900
0.37581999
0.46174950
0.51381642
0.54226071
0.41395541
0.07971524
0.63558454
0.28385904
0.22292962
0.48236459
0.12515710
0.39040224
0.27907430
0.52376670
0.54919473
0.36709024
0.42469971
0.34286387
0.28431122
0.36049167
0.28977892
0.16708050
0.31946957
0.58006532
0.33038739
0.22892208
0.22056781
0.47224627
0.17908362
0.29755854
0.31502299
0.50179622
0.16621344
0.41589637
0.37219426
0.33980514
0.27597780
0.41660513
0.53524439
0.11657500
0.52678203
0.30453955
0.25192326
0.28455778
0.28083517
0.27813270
0.14444414
0.30421036
0.26465628
0.38009522
0.49976461
0.14042559
0.16222586
0.32814845
0.46136888
0.48290901
0.27560889
0.45052568
0.14153329
0.17287067
0.62506106
0.32924083
0.16410175
0.33228056
0.15098914
0.31647646
0.27089374
0.25730107
0.33118779
0.59512092
0.27477183
0.28931759
0.50333736
0.12196312
0.55018986
0.20525740
0.41718561
0.43319618
0.42988903
0.43722844
0.43550889
0.27023134
0.47253093
0.33740871
0.37172697
0.23584802
0.21241986
0.40218541
0.22393635
0.42734234
0.45539597
0.34684387
0.58473193
0.30998754
0.43596513
0.45775974
0.30469096
0.16517118
0.31254742
0.33927780
0.16168679
0.10370797
0.19989239
0.37542950
0.24102054
0.27403607
0.34197003
0.50797101
0.45164710
0.56037559
0.43251334
0.21463413
0.25597455
0.15741573
0.19335908
0.26146588
0.45139572
0.30323669
0.49296472
0.63277438
0.31820223
0.33204504
0.25928675
0.37055964
0.18714172
0.17948353
0.21654415
0.46637113
0.39723621
0.28353811
0.56270754
0.38427279
0.25738029
0.17723603
0.66287932
0.27785749
0.45028743
0.56668583
0.26876948
0.46116772
0.14897450
0.11187984
0.31762236
0.47349142
0.17511285
0.40431703
0.23487058
0.61701895
0.45229536
0.17848297
0.26083132
0.30014830
0.35736033
0.15633625
0.25622299
0.34762547
0.38197074
0.32347992
0.10043414
0.16359336
0.18112791
0.60042643
0.20984730
0.42057669
0.13832407
0.26878776
0.17085642
0.33032199
0.49792304
0.53739253
0.21148814
0.33856467
0.17162704
0.38969883
0.39287014
0.28544031
0.34479751
0.48284634
0.29094113
0.58291994
0.45672980
0.19435241
0.45520989
0.28823435
0.54508943
0.34217003
0.21736842
0.16859620
0.17396873
0.12528247
0.42581695
0.40859786
0.57458029
0.36728700
0.48884980
0.35341503
0.22800881
0.41215129
0.53166286
0.13777327
0.25064975
0.14627332
0.67247763
0.11704103
0.41175617
0.63695963
0.36632834
0.24772348
0.28458898
0.14492267
0.19634991
0.09094444
0.26149469
0.22122095
0.24350133
0.59691324
0.22655586
0.23510263
0.64045664
0.34444203
0.26589311
0.22923659
0.21155475
0.47329734
0.29603246
0.26846011
0.14896908
0.40451699
0.22301568
0.13609381
0.70722014
0.36900393
0.19770765
0.34988805
0.59861722
0.44909950
0.24305977
0.29633941
0.54207906
0.37737102
0.24636084
0.21396809
0.30320303
0.17935067
0.42522503
0.36103559
0.32594948
0.43972137
0.66526708
0.50887615
0.30276915
0.14367882
0.41705236
0.29823184
0.30755024
0.29383151
0.30830858
0.33110575
0.33162352
0.23535384
0.59328816
0.24131549
0.38664375
0.28379628
0.18397701
0.25839369
0.38401433
0.36605056
0.22341765
0.23906417
0.53056449
0.69926709
0.44829449
0.35306558
0.47645434
0.18092993
0.43721858
0.07499215
0.48008039
0.49069671
0.48117512
0.38927092
0.18624954
0.18147319
0.50872650
0.38393885
0.37670702
0.41356486
0.34475409
0.25159566
0.20025363
0.21813965
0.30019745
0.17663564
0.45170297
0.24768927
0.13467699
0.41149776
0.40794484
0.33763733
0.38523935
0.16827596
0.29066791
0.63185882
0.07502568
0.30339501
0.47517275
0.31974081
0.13255683
0.11932088
0.34011614
0.32991381
0.27284487
0.47526617
0.11019379
0.56292979
0.41933131
0.46352592
0.29512182
0.36933691
0.44655092
0.15022855
0.34495262
0.30498017
0.27549044
0.33183913
0.55688750
0.24722225
0.12738640
0.17145654
0.43869466
0.68266129
0.39116548
0.10767066
0.49474876
0.37541837
0.38303395
0.66464748
0.28625534
0.30729520
0.18045189
0.76981757
0.22246333
0.58087737
0.40979876
0.13418788
0.33506128
0.48659164
0.13926732
0.32117970
0.61994105
0.49090932
0.11476957
0.08662426
0.20088677
0.36957233
0.34024210
0.52772490
0.29541646
0.54913040
0.13595816
0.12637766
0.18084369
0.08251005
0.27035910
0.32173249
0.22553868
0.25612534
0.28966104
0.21349353
0.36303056
0.24410403
0.34310229
0.31402689
0.68348225
0.18687458
0.61948519
0.67028715
0.17766830
0.25160511
0.51394358
0.32619228
0.30111496
0.37656986
0.22798721
0.17659621
0.34679422
0.24087477
0.12813368
0.27199764
0.27447994
0.31751007
0.50253747
0.46870293
0.21647450
0.54910872
0.25154620
0.54011573
0.58487475
0.24992110
0.35394918
0.07776730
0.46749072
0.38333945
0.10356324
0.55615641
0.47562861
0.65914489
0.23448988
0.32890872
0.32287088
0.35765425
0.13329382
0.27201139
0.50776895
0.41575035
0.15762125
0.14286212
0.44960127
0.35050772
0.62582722
0.42691588
0.24842352
0.42472817
0.25396704
0.25584581
0.37102715
0.53776351
0.44479861
0.22983033
0.50199114
0.33306963
0.38349467
0.44132343
0.11613944
0.45992535
0.35870555
0.16600285
0.21255923
0.35933828
0.42848467
0.42222692
0.23029009
0.14283799
0.09415244
0.27477505
0.37892742
0.29379783
0.48971496
0.20350737
0.33121980
0.31968789
0.47184526
0.32805366
0.28404924
0.42243478
0.13222140
0.36900578
0.20073088
0.29047716
0.27399538
0.48412256
0.53095856
0.27439869
0.13826903
0.49882505
0.14668678
0.57865818
0.29184887
0.26302090
0.30831221
0.31398178
0.67360264
0.47444892
0.20445282
0.52753288
0.46655664
0.16377033
0.53345271
0.41641374
0.14136691
0.19378433
0.30369946
0.17273400
0.43426483
0.13857227
0.34419969
0.39334582
0.10534013
0.64573100
0.29110502
0.07954003
0.51171362
0.29120109
0.52737628
0.14092058
0.25653295
0.26472465
0.34790082
0.48144298
0.34619350
0.48268920
0.45127345
0.43674100
0.13182554
0.36528017
0.48136080
0.56584891
0.13889858
0.41953821
0.22929928
0.37725513
0.72447866
0.38581403
0.20516824
0.31757559
0.13271996
0.26586275
0.19336227
0.23043696
0.42302438
0.14042075
0.61891872
0.36464097
0.24657142
0.14435785
0.41096300
0.18990562
0.20232535
0.32315203
0.51821566
0.50747816
0.28954093
0.28247962
0.53941770
0.54853861
0.56357704
0.55804905
0.33211914
0.45974302
0.26296880
0.32695952
0.46521342
0.27746439
0.41520661
0.23521361
0.18825495
0.09216769
0.65017991
0.12895215
0.22595921
0.40427065
0.32047597
0.26425384
0.09832143
0.45920210
0.38342174
0.30018331
0.43506228
0.41826454
0.54084492
0.42726619
0.26120949
0.50036493
0.37456337
0.37101735
0.21487459
0.37465852
0.58344022
0.13994479
0.52388591
0.33992165
0.29509815
0.16839912
0.46575649
0.42366322
0.54604540
0.48262053
0.09656363
0.37409112
0.30208275
0.61882465
0.13413154
0.19879468
0.36077015
0.52361328
0.13670590
0.48056436
0.40188075
0.65130459
0.33215880
0.37078346
0.07649108
0.26479320
0.32902830
0.22332140
0.11603253
0.31761552
0.52484648
0.33849988
0.42610019
0.25098925
0.21064824
0.19463970
0.54560224
0.24996923
0.39361003
0.25931288
0.45076947
0.46370225
0.12925599
0.12300922
0.14734098
0.27091997
0.46786457
0.30369373
0.28504658
0.34379688
0.22312826
0.52168790
0.57048581
0.50296417
0.24297125
0.29099594
0.23065260
0.37411195
0.63461571
0.21151852
0.19071424
0.38555454
0.38660316
0.28577895
0.27999221
0.13019261
0.26207104
0.29175174
0.20949008
0.28367661
0.39905192
0.26675108
0.19446653
0.13036162
0.11482920
0.21839869
0.36072663
0.22564809
0.27920828
0.24795142
0.35894104
0.45192922
0.34338397
0.18071487
0.40047024
0.15088555
0.17138097
0.39082662
0.16646868
0.24631794
0.25210729
0.53426463
0.46649571
0.08803901
0.35858337
0.22441403
0.18317483
0.27483384
0.38483757
0.39178670
0.47984931
0.27734216
0.34607130
0.54994132
0.36057001
0.43717465
0.54405569
0.29253219
0.50074067
0.20464231
0.47370200
0.38842648
0.62434381
0.46559564
0.49961774
0.30004214
0.30098140
0.44285621
0.34275865
0.31272974
0.58719444
0.50800780
0.25504581
0.33467230
0.26979956
0.40580666
0.42530739
0.39039777
0.42765025
0.72088992
0.65846848
0.22479117
0.19019631
0.46053352
0.45770966
0.25137516
0.41513232
0.16040650
0.28043370
0.28307866
0.21292506
0.35550219
0.60457436
0.31277913
0.35179364
0.21595605
0.28198401
0.28022104
0.45895284
0.44258093
0.47120517
0.38113472
0.32898956
0.51309102
0.35985947
0.23079411
0.15364521
0.11191409
0.42112092
0.26994101
0.14934925
0.47224394
0.47495327
0.48069575
0.28399296
0.35283415
0.18650666
0.47557647
0.34761582
0.24899915
0.19548730
0.43468330
0.19411366
0.51412758
0.15066559
0.24129333
0.32418193
0.21774412
0.51723167
0.41258623
0.21275924
0.42916848
0.53468198
0.41783868
0.25071938
0.32108476
0.30850789
0.19851955
0.36896334
0.17655969
0.10669354
0.34596830
0.23117104
0.29093068
0.27651294
0.50226327
0.57782808
0.14036620
0.08931201
0.29433734
0.06563439
0.29329099
0.39994066
0.39603989
0.44169712
0.16824157
0.48109772
0.51196403
0.60742189
0.42142291
0.37298663
0.29430234
0.41907597
0.08992435
0.29485030
0.29546751
0.35046489
0.38013954
0.56590449
0.13497682
0.35712067
0.47334046
0.23583545
0.24001971
0.06982975
0.17719447
0.40643452
0.40651716
0.36708450
0.39492507
0.58937741
0.49392164
0.19439892
0.14115322
0.23952851
0.23239422
0.46668662
0.32385312
0.40447839
0.11106138
0.33252358
0.42275790
0.42270827
0.25951280
0.26584271
0.25680093
0.19845344
0.15559809
0.23751810
0.25172742
0.42350936
0.37224888
0.31444429
0.49509755
0.26450803
0.56455719
0.21359434
0.26407185
0.42595104
0.49022279
0.30006220
0.49113365
0.51537599
0.30318574
0.35549131
0.10439457
0.11808815
0.19474951
0.36673309
0.32357701
0.19500361
0.18600161
0.12758157
0.22809586
0.32405170
0.43771911
0.51686929
0.09283094
0.57756069
0.52446191
0.22691474
0.32744250
0.24702541
0.39898478
0.29459578
0.24260975
0.46209033
0.18705589
0.12934578
0.30696988
0.26673994
0.32547739
0.21148385
0.12451601
0.23084255
0.36095198
0.60529595
0.09901875
0.27260688
0.37958781
0.26071824
0.27747188
0.43749512
0.57301370
0.40844154
0.50737068
0.21163693
0.34138779
0.37648053
0.26302587
0.21777247
0.12805013
0.18716882
0.25946547
0.41783237
0.14063877
0.45721793
0.42186647
0.32120691
0.30920824
0.40011154
0.34257980
0.41126665
0.26744037
0.38674066
0.23847804
0.16236507
0.43871375
0.29529927
0.25510693
0.38503638
0.29778575
0.50054866
0.27917347
0.50341185
0.19934723
0.16898628
0.27441232
0.11728279
0.20350477
0.44607850
0.49024274
0.31831047
0.38492946
0.11491443
0.12202802
0.31654395
0.36687348
0.15898516
0.36392764
0.46843885
0.47335905
0.49656614
0.20022652
0.35532929
0.22964870
0.17095339
0.53326398
0.26461184
0.25979455
0.43259253
0.51560043
0.36074994
0.33692266
0.26498659
0.50235686
0.18149431
0.29755851
0.29103403
0.39263300
0.20188512
0.44830416
0.21570061
0.24357001
0.39675786
0.31279599
0.13129638
0.23372022
0.64283699
0.36340883
0.54576047
0.36821484
0.36422318
0.16276290
0.27555611
0.42501915
0.37295320
0.49215003
0.23704230
0.38095986
0.39386799
0.28224101
