# NTRAJ	1000
0.14202600
0.22238366
0.25142841
0.12330916
0.11475627
0.24364029
0.12510616
0.39893699
0.40422865
0.17204547
0.26161163
0.39613562
0.07077725
0.28309688
0.55470794
0.44883314
0.42872435
0.38254254
0.07816626
0.24388706
0.46117554
0.39061490
0.39485198
0.28908949
0.49578382
0.17686228
0.41637852
0.44761780
0.34971781
0.29776767
0.31746953
0.11859890
0.27342643
0.13168721
0.26948793
0.19646262
0.20906576
0.55465369
0.37293582
0.23283867
0.39480957
0.17693281
0.47053361
0.29743637
0.15280024
0.15729139
0.55880034
0.29512777
0.14871027
0.37668598
0.10529124
0.26670270
0.23983844
0.39506495
0.35726626
0.30274653
0.28283039
0.14438703
0.36008654
0.42094662
0.25240534
0.15805212
0.34397280
0.39461864
0.46999330
0.33472826
0.23734743
0.28521625
0.22633636
0.09672445
0.11024122
0.48353619
0.18727521
0.12380991
0.39091104
0.40538057
0.09042034
0.43666852
0.28680631
0.24285626
0.17281177
0.32390236
0.26723142
0.34173981
0.18912665
0.24304676
0.15446527
0.21499612
0.42162983
0.33346669
0.16962811
0.27523830
0.05426202
0.24418066
0.59326978
0.31141882
0.12174303
0.51599253
0.12464614
0.19234715
0.48675343
0.32982388
0.06446779
0.22036418
0.13940881
0.35088173
0.18393334
0.10096814
0.23452308
0.55891366
0.28684469
0.35743215
0.43200270
0.11927080
0.37991015
0.21300062
0.24005329
0.35135645
0.23559203
0.50432980
0.50319637
0.38489395
0.47346940
0.25830220
0.25598295
0.16986334
0.13414658
0.46146266
0.04983203
0.42743281
0.31772993
0.15791260
0.32987713
0.19407359
0.37846203
0.29753550
0.24325361
0.18664327
0.37072262
0.24487192
0.30313463
0.13629912
0.12909924
0.24835426
0.07572590
0.20511594
0.25468167
0.29335150
0.26808757
0.45787618
0.29431463
0.17711519
0.10930545
0.36168402
0.26094313
0.14298130
0.31350910
0.17580062
0.34656248
0.46284339
0.20377044
0.09700182
0.13173222
0.28603102
0.39882514
0.19764818
0.37563544
0.20005030
0.28864398
0.33410477
0.42923339
0.20771453
0.08547979
0.21760229
0.61889507
0.12901925
0.10838026
0.43660999
0.18936968
0.45871525
0.12707664
0.09829708
0.26281684
0.32307161
0.11676578
0.45957615
0.09717600
0.46285904
0.37451566
0.08754174
0.09711687
0.22196440
0.24745995
0.14260379
0.21182356
0.18856989
0.37245931
0.20108064
0.07925725
0.16987369
0.34192158
0.61930624
0.21405891
0.33215933
0.24366313
0.13571492
0.15107999
0.10783807
0.27471123
0.60807273
0.09241689
0.30632624
0.36600126
0.29181768
0.24497942
0.21580033
0.14755571
0.36962586
0.15626633
0.41113895
0.50175572
0.22341062
0.37090429
0.36668405
0.37548833
0.24097065
0.17561491
0.21569197
0.10390377
0.17640631
0.33006843
0.43119060
0.39319683
0.12703304
0.35424108
0.16392646
0.11137876
0.48645845
0.24260632
0.24199804
0.38630217
0.28040531
0.46131239
0.13637315
0.29564005
0.65919398
0.39766866
0.28198096
0.11985273
0.22151227
0.17272081
0.10960683
0.40320577
0.12726619
0.16700219
0.57436200
0.09070469
0.19146533
0.61290874
0.32135103
0.35593422
0.16731725
0.16014964
0.24819886
0.32108755
0.15461907
0.33585733
0.33083322
0.33115517
0.15638330
0.37489279
0.47603802
0.24382392
0.23526157
0.44857029
0.41720119
0.13114139
0.23005187
0.45400574
0.20998097
0.25291030
0.14261568
0.16404538
0.16580325
0.20585838
0.37368807
0.15835239
0.36490211
0.55434212
0.27363987
0.38148838
0.34632209
0.45677855
0.33659841
0.15060575
0.20943106
0.21005491
0.16232958
0.20116357
0.23306397
0.50194584
0.07767304
0.10135191
0.21350464
0.09185265
0.29366513
0.17100989
0.35178730
0.20425950
0.17375569
0.44479892
0.58252010
0.47534041
0.26566870
0.26407034
0.16319895
0.25161069
0.09357253
0.40998411
0.42722830
0.37724973
0.30005254
0.08371799
0.13935603
0.58404123
0.09067345
0.46437685
0.48602528
0.32586406
0.19160075
0.18056727
0.17690424
0.24972748
0.32450598
0.51048255
0.24564762
0.07977402
0.27045518
0.30097104
0.37069097
0.32429180
0.12293241
0.29676681
0.56719774
0.07796626
0.15203231
0.13134052
0.26166633
0.11034638
0.10428099
0.32097828
0.29318522
0.29365559
0.51013655
0.08606047
0.34582000
0.37976347
0.36751348
0.29047793
0.21563176
0.21806102
0.22991551
0.33242249
0.35098420
0.21419421
0.38832502
0.40493536
0.09680096
0.15443430
0.30136042
0.32079359
0.47506721
0.34283813
0.12056557
0.39105982
0.15153847
0.16486074
0.61892287
0.17800092
0.15729712
0.32286174
0.72812883
0.34452254
0.43744420
0.32285423
0.26696019
0.15119603
0.32306777
0.09972810
0.17394357
0.48864070
0.33322862
0.14163991
0.16515567
0.06758758
0.41858377
0.21290405
0.30761838
0.19921738
0.41618098
0.10250386
0.27952646
0.17223420
0.17288445
0.15466292
0.11852434
0.27546045
0.22049529
0.21214963
0.26239064
0.44525331
0.26794745
0.36666315
0.22175089
0.58126537
0.38578765
0.47135418
0.53790137
0.25524388
0.21352886
0.48113343
0.18083251
0.26455664
0.34667278
0.21914509
0.29538464
0.30451501
0.20118446
0.09561583
0.32375553
0.20087620
0.40058797
0.56802853
0.37927885
0.24376502
0.59670396
0.14048669
0.46753523
0.33514889
0.26905922
0.28462638
0.20341674
0.28899448
0.06834495
0.17984681
0.39100173
0.51494728
0.35281817
0.17807716
0.31768151
0.23065753
0.13819210
0.34263212
0.43016466
0.27145370
0.35543576
0.14246054
0.18361534
0.34072815
0.26200202
0.56674336
0.50002440
0.19378975
0.29755615
0.27151770
0.09568248
0.26864638
0.36689840
0.36139946
0.09698557
0.20553638
0.36317357
0.22364178
0.41666942
0.25512703
0.24853591
0.16170777
0.21695460
0.24418799
0.32825044
0.40011923
0.25972465
0.34296402
0.18404037
0.14335567
0.07938593
0.10279616
0.24290983
0.37914457
0.09462675
0.49303487
0.23758778
0.27279492
0.21999006
0.29661272
0.36533732
0.12363015
0.32212439
0.06541392
0.23031490
0.33219887
0.39516433
0.39081031
0.20182768
0.05872653
0.38602982
0.05906384
0.52536005
0.23018991
0.43178285
0.22160834
0.20136053
0.64035945
0.24432999
0.16340881
0.34462736
0.29417419
0.11664117
0.34414353
0.30975233
0.13830923
0.20020973
0.07731393
0.21256384
0.26676332
0.12252509
0.38956234
0.10303577
0.06421613
0.33152214
0.13607464
0.14114730
0.34907996
0.20241383
0.51693446
0.18710784
0.25338110
0.16750609
0.14927351
0.40513021
0.29812387
0.41544038
0.44811389
0.30706076
0.11292709
0.39888900
0.27714326
0.47777950
0.07537788
0.07031897
0.29946187
0.34525940
0.61690274
0.28550761
0.26138182
0.25861943
0.15178630
0.25061666
0.26032401
0.08007504
0.35410741
0.21152496
0.61041947
0.30210388
0.30064194
0.08367631
0.23657929
0.16611182
0.18796454
0.28486149
0.27319527
0.32952483
0.43476657
0.29420190
0.48049240
0.42902871
0.39434916
0.41582057
0.27477155
0.37792371
0.16575747
0.34121908
0.29377530
0.29032776
0.48525673
0.26863014
0.08196686
0.11831202
0.46218715
0.22162185
0.23613873
0.12266272
0.05268868
0.25322119
0.08340526
0.47028149
0.27302107
0.06133060
0.24328628
0.08383716
0.41494953
0.09272481
0.14852609
0.41559877
0.21082133
0.35296319
0.18344315
0.41291510
0.60184962
0.23666750
0.40462975
0.14152951
0.52115128
0.09600215
0.43616667
0.44697865
0.40515350
0.53099806
0.13701299
0.28552859
0.16726360
0.47381426
0.11444990
0.14841468
0.35947867
0.40313038
0.22348778
0.26959675
0.41553001
0.39285052
0.26892411
0.28998201
0.10102166
0.20539420
0.15833424
0.23969504
0.12729154
0.10104664
0.33119578
0.16766382
0.48878601
0.12738507
0.19841827
0.15644540
0.52532534
0.18024898
0.38033233
0.19920569
0.40439223
0.38832772
0.24350905
0.08637237
0.05176637
0.10100891
0.48584431
0.35329349
0.30854442
0.10688951
0.23321607
0.47057664
0.42135952
0.15501638
0.24787242
0.27446484
0.09824810
0.29808774
0.54937882
0.19723314
0.11148798
0.24647863
0.22498385
0.23091658
0.19175773
0.14827427
0.06471266
0.26553448
0.17643142
0.20743233
0.31155312
0.24084434
0.25141405
0.05216218
0.19885904
0.14511107
0.31232975
0.31899399
0.43848184
0.21220942
0.07644513
0.34453239
0.25438161
0.25030051
0.33811789
0.07920543
0.22102432
0.41015304
0.15005863
0.20396392
0.25798221
0.24417687
0.23071497
0.08493673
0.46295357
0.28312924
0.16696478
0.23900363
0.38874562
0.39205776
0.45787803
0.22016618
0.29081992
0.32930292
0.37854144
0.08550488
0.52507348
0.10020994
0.34902022
0.09670074
0.37644070
0.50484017
0.55374597
0.24831583
0.54921292
0.25919324
0.16097079
0.26274733
0.45914661
0.30885237
0.52205793
0.31938718
0.18943591
0.16033555
0.22843062
0.37612235
0.46631424
0.29209792
0.24012592
0.67284621
0.57142232
0.43671757
0.09148115
0.20062790
0.06480711
0.12480583
0.34033919
0.09532918
0.12446760
0.11794034
0.18350431
0.24449271
0.48032822
0.27739419
0.10943380
0.34100736
0.40565632
0.13398250
0.28601434
0.26431210
0.43362339
0.14981654
0.47098625
0.25198325
0.35740182
0.17195200
0.29665648
0.32965987
0.34401743
0.13961521
0.15818959
0.36422038
0.39336028
0.35651754
0.22031917
0.26735597
0.17363555
0.36655784
0.14883433
0.29664926
0.29276514
0.19711498
0.21243826
0.34566797
0.16505015
0.13821591
0.14263993
0.33760137
0.43123386
0.44914876
0.21840079
0.61794454
0.32217624
0.43176672
0.41913140
0.33621286
0.29939994
0.12577946
0.47755036
0.22264751
0.20880452
0.26085911
0.26301916
0.17080492
0.40213325
0.20297473
0.42150745
0.29585411
0.15163220
0.11356412
0.35547117
0.27053087
0.38655726
0.30138280
0.40615272
0.16721043
0.53860457
0.55875190
0.51373614
0.52589396
0.39031066
0.18155308
0.27285846
0.19137421
0.30638813
0.36689326
0.16986487
0.43188412
0.48031789
0.22860724
0.28357349
0.30899946
0.22649365
0.07923876
0.06536309
0.32256149
0.40954088
0.41661008
0.26828199
0.32584770
0.35080726
0.51116554
0.19819971
0.13498436
0.15328785
0.39246706
0.25171296
0.29072786
0.39575288
0.25920660
0.20639467
0.45160371
0.37279298
0.23457065
0.14904998
0.18608078
0.32285390
0.25491323
0.18426755
0.23103809
0.46400962
0.35832464
0.19107379
0.15722604
0.24907087
0.42930715
0.17208174
0.23099569
0.42361975
0.27373276
0.26824448
0.27855624
0.42595182
0.10958390
0.35195371
0.29575450
0.07919514
0.18226432
0.35030545
0.23037413
0.29600655
0.06761899
0.09669547
0.07153499
0.19412335
0.24254087
0.43338283
0.22234559
0.46742143
0.29278407
0.09940015
0.47852013
0.22769362
0.14704085
0.12772921
0.22808647
0.34246986
0.11530256
0.16806469
0.22171629
0.35313884
0.45173991
0.29867907
0.10683303
0.16829263
0.28918381
0.46610190
0.14524029
0.19015663
0.31366487
0.25072184
0.24735552
0.49631306
0.40557321
0.24316292
0.29020951
0.19289869
0.25004060
0.22731925
0.21938501
0.23759860
0.13761037
0.20452034
0.18472196
0.25304005
0.30208280
0.39529009
0.26531222
0.33802803
0.28050175
0.24867182
0.30233832
0.29293162
0.17426394
0.34403645
0.12750749
0.13158773
0.35900843
0.31545290
0.16369381
0.38229975
0.32733015
0.36506755
0.37532135
0.36907703
0.24726195
0.18680932
0.51554718
0.13413203
0.17392219
0.35289309
0.28054843
0.18317279
0.32239274
0.09702610
0.26325992
0.36735924
0.15653731
0.21090948
0.27567039
0.36574291
0.53960372
0.53697750
0.21586382
0.46066502
0.14094287
0.30980568
0.30777221
0.27361011
0.20125662
0.29602360
0.29943238
0.20911370
0.22712209
0.19647970
0.44441816
0.18628350
0.27138926
0.14185414
0.20495236
0.35146794
0.27005856
0.19845335
0.28800504
0.22999443
0.08998274
0.13000954
0.16526622
0.61872439
0.41535232
0.51263460
0.32119866
0.26292418
0.25186874
0.43865448
0.45494465
0.21832451
0.30321756
0.08344796
0.18706153
0.33407789
0.15469059
