# NTRAJ	1000
0.99907658
0.99979777
0.99572731
0.99906642
0.99251276
0.99882086
0.98335604
0.99612140
0.99970934
0.99840983
0.99282326
0.97753551
0.99899455
0.99993156
0.99990956
0.99958606
0.99960649
0.99200788
0.99192091
0.99382197
0.99995864
0.99788207
0.99729536
0.99838609
0.99888487
0.93275278
0.99911762
0.99862567
0.99884711
0.99906814
0.98321292
0.98621766
0.99017520
0.99783759
0.98578315
0.99993227
0.96236785
0.99982118
0.99396574
0.99976108
0.99990139
0.99981058
0.99702793
0.94432136
0.98245892
0.99944650
0.99277906
0.99576624
0.99649224
0.99060006
0.99911648
0.96345779
0.99891589
0.99543934
0.99855203
0.99837812
0.99587279
0.97906319
0.99729976
0.99692180
0.98878238
0.99962272
0.99784358
0.99978578
0.99687976
0.99019698
0.99862740
0.99805708
0.99814713
0.99995727
0.99935717
0.98379048
0.98743640
0.99858836
0.99891561
0.99869650
0.99872450
0.99532160
0.99941737
0.99896149
0.99654336
0.92341623
0.98968292
0.99842178
0.99947515
0.99976835
0.99298960
0.99983737
0.99977200
0.99967310
0.99762094
0.99990625
0.99956453
0.99582583
0.99603271
0.99782659
0.99453260
0.98468477
0.99926526
0.99979405
0.99310750
0.99823623
0.99920214
0.99965371
0.99896629
0.98673234
0.99785568
0.98510746
0.99957338
0.99543890
0.99813390
0.99898692
0.98739132
0.98458684
0.99709232
0.97891422
0.99999101
0.99427965
0.99972881
0.99987845
0.99925886
0.99952106
0.99583404
0.96460407
0.99820589
0.99991730
0.99969077
0.99987167
0.99413768
0.99781788
0.98743638
0.99990324
0.99297800
0.95633254
0.97285749
0.99985832
0.99544887
0.99979297
0.98839531
0.99084366
0.99964669
0.99977611
0.98948742
0.99868586
0.99602670
0.99778466
0.99782467
0.99996015
0.99456443
0.99818654
0.99853716
0.99680983
0.96866957
0.99922974
0.99793716
0.99942602
0.98564062
0.99991427
0.98246192
0.99921101
0.99909633
0.99972433
0.95683925
0.99901332
0.99917380
0.99958338
0.99842976
0.98689497
0.99664016
0.99942502
0.93419577
0.99956354
0.99990097
0.99962836
0.99787764
0.99912955
0.99720650
0.99983581
0.99762820
0.98716065
0.99816830
0.99961067
0.98976005
0.99126352
0.99692543
0.98290669
0.99882057
0.99981394
0.99982026
0.99788689
0.99990673
0.99891920
0.99725491
0.99989455
0.99962694
0.99729743
0.97509714
0.99943158
0.99927601
0.97782159
0.99413718
0.99777449
0.99941168
0.99945220
0.99893734
0.99726601
0.99889092
0.99901412
0.99841486
0.99919680
0.99901148
0.99949664
0.98324514
0.99917690
0.99484032
0.99969270
0.99700869
0.99672197
0.99934958
0.99979077
0.99813785
0.98607315
0.99888080
0.92977877
0.99929848
0.99991313
0.99079298
0.99671179
0.99953391
0.99236290
0.99952458
0.99793248
0.99951446
0.99950852
0.99724314
0.99900548
0.98339793
0.99917908
0.99919049
0.99915834
0.99170506
0.99824048
0.99841927
0.97476655
0.99976317
0.99984159
0.99993005
0.99313770
0.96805709
0.97848942
0.99810572
0.99982504
0.96641573
0.99938515
0.99672431
0.99694874
0.99988176
0.99998942
0.98758172
0.97096196
0.99971539
0.99537016
0.99987651
0.99886383
0.99953797
0.99705217
0.99384071
0.96845748
0.99916173
0.99972482
0.99956055
0.99619695
0.99625054
0.99132182
0.99732334
0.99786131
0.96806508
0.98410259
0.99952098
0.97753321
0.97176353
0.99876689
0.97495127
0.99944173
0.99525907
0.98757244
0.99882855
0.94253659
0.99887627
0.99976260
0.99700467
0.99601701
0.99935307
0.99906370
0.99908698
0.99879763
0.99823803
0.99962525
0.99933270
0.99803916
0.99610777
0.98929822
0.99045896
0.99820337
0.99448446
0.99329379
0.99580645
0.99998107
0.99122938
0.99627546
0.98963764
0.99929340
0.99976263
0.99815784
0.99952620
0.95694270
0.99925025
0.99994407
0.99964404
0.99710543
0.98493717
0.98873206
0.99983740
0.99992299
0.99900347
0.99457620
0.99844986
0.99537692
0.99938454
0.99898501
0.99974430
0.99869558
0.99944261
0.99971178
0.97865933
0.99974771
0.98748890
0.99902822
0.99827278
0.99671222
0.99994042
0.99773403
0.99787018
0.99819473
0.99962747
0.99877072
0.99815588
0.98344117
0.99709880
0.99742222
0.99944143
0.99484839
0.99964128
0.99981816
0.99786417
0.99952572
0.99994978
0.99980049
0.98506187
0.99701563
0.99600888
0.99601744
0.99380588
0.99911878
0.99243803
0.99775351
0.99974152
0.98843140
0.99966843
0.99722501
0.99144078
0.99960029
0.99982191
0.99785267
0.99946970
0.99967992
0.99921948
0.99318964
0.98161182
0.99749707
0.99644049
0.99972661
0.96987569
0.99903951
0.99131613
0.96958028
0.99951826
0.99232217
0.99784523
0.99992193
0.98242712
0.99233028
0.99692000
0.99614148
0.99842731
0.99587965
0.99930198
0.98815012
0.99119572
0.95719710
0.99793625
0.98723808
0.98964814
0.99933246
0.98958867
0.99882087
0.99961880
0.99692709
0.99151939
0.98202188
0.99996825
0.99819668
0.99884053
0.97283990
0.99976307
0.99459816
0.99925655
0.97275803
0.99897310
0.99756422
0.99973880
0.97068077
0.99999177
0.98110860
0.99982959
0.99989598
0.99922299
0.99676764
0.99719392
0.99872931
0.99187793
0.97663016
0.99955515
0.98007324
0.99909788
0.99570056
0.97464781
0.99055131
0.98968738
0.99998086
0.99521521
0.99988330
0.99861799
0.99595833
0.99998556
0.99977881
0.99793649
0.99993709
0.99982566
0.99964201
0.99966860
0.98140679
0.99758752
0.97607589
0.99940292
0.99936207
0.99883512
0.99945471
0.99821674
0.99831758
0.99516681
0.99930184
0.99980464
0.99697645
0.99149481
0.99789885
0.99894875
0.98552460
0.99920192
0.99992568
0.99767083
0.99330997
0.96113100
0.99417796
0.99784218
0.99843140
0.99479593
0.99798729
0.99966675
0.99988343
0.99660074
0.99125196
0.99994748
0.95080919
0.99864319
0.99993967
0.99962797
0.99959285
0.99987978
0.99760882
0.99961076
0.99999157
0.98568131
0.97754930
0.95135485
0.99989269
0.99968130
0.99796752
0.99998161
0.98984100
0.97584056
0.99971780
0.99961089
0.99757763
0.99776606
0.99956067
0.99490983
0.98053130
0.99988810
0.99989297
0.99114488
0.99981208
0.99798321
0.96853044
0.99953005
0.99851880
0.99946221
0.99846909
0.99983157
0.99923323
0.99828705
0.99780899
0.99547348
0.98079657
0.99836638
0.99975499
0.99601192
0.99809470
0.98138560
0.98101466
0.99825611
0.98397769
0.99739211
0.97465428
0.99636067
0.99973277
0.99985155
0.99942466
0.99837374
0.99983227
0.99421164
0.99996426
0.99137628
0.99987290
0.99628539
0.98755896
0.99743315
0.99977516
0.99974424
0.99861031
0.99985617
0.99801281
0.99986424
0.99157384
0.99841261
0.97577120
0.99978179
0.98851513
0.99183287
0.99692724
0.99437057
0.99798702
0.99926095
0.99872011
0.99892673
0.99919173
0.99680406
0.98514492
0.99776353
0.98797571
0.98483343
0.99979134
0.99978272
0.99822288
0.99952593
0.99144459
0.96275512
0.99955167
0.99613827
0.99967858
0.93842597
0.99271841
0.99869331
0.99940310
0.99810202
0.97883436
0.99752524
0.99609084
0.99991525
0.99145923
0.99990415
0.97115962
0.99912209
0.99977744
0.99387829
0.95303182
0.99865105
0.98713642
0.92728584
0.99553420
0.99784240
0.99826898
0.99994181
0.99660530
0.99980092
0.99996729
0.99980577
0.99971727
0.99164673
0.98691726
0.99795234
0.99980575
0.99426684
0.99839541
0.99884886
0.99882931
0.99285620
0.99575238
0.99469825
0.99948902
0.96469075
0.99457660
0.99630472
0.97998754
0.99897753
0.99907971
0.99530024
0.99913968
0.99759171
0.99856554
0.99029862
0.99303837
0.98811883
0.99596848
0.99959266
0.99847120
0.99973085
0.99880313
0.99861383
0.99970234
0.99879449
0.95459935
0.99214154
0.99492828
0.99946614
0.99935864
0.99715610
0.99979424
0.99097585
0.99959789
0.99576712
0.99991140
0.99751665
0.99893364
0.99997314
0.99866291
0.98046219
0.98220053
0.99961383
0.99301305
0.99812164
0.99828678
0.99788085
0.99941495
0.99952576
0.99941281
0.99823480
0.99931950
0.99847525
0.99870591
0.99662883
0.99864837
0.99937752
0.99641924
0.99624729
0.99636297
0.99976781
0.99975783
0.99994223
0.99156292
0.99660838
0.95094810
0.99247460
0.99981154
0.99788906
0.99915990
0.99993797
0.99935747
0.99367239
0.99799743
0.99962644
0.97982341
0.99867886
0.99816334
0.99889565
0.99131297
0.99938746
0.99970295
0.99952602
0.99966369
0.99913406
0.97017939
0.99123768
0.99926783
0.99994057
0.99961308
0.99717201
0.99833106
0.99912291
0.97195487
0.99911200
0.98976363
0.99997776
0.99054709
0.98833257
0.99329266
0.99497405
0.99679130
0.98831185
0.99873324
0.96370131
0.99994005
0.99743915
0.99978666
0.99798960
0.99927740
0.99876266
0.99885400
0.99668241
0.99274899
0.99713016
0.99911387
0.99978163
0.99086988
0.94487686
0.99976136
0.99356932
0.98834622
0.99977928
0.99456709
0.93975167
0.97564726
0.99207991
0.99988199
0.99923463
0.99991923
0.99954822
0.96136834
0.99521975
0.99938410
0.99994763
0.99378755
0.99908814
0.99877732
0.99840005
0.99965944
0.99354041
0.99421674
0.99764107
0.99558182
0.95839984
0.99992830
0.99940280
0.98925022
0.99910043
0.99471186
0.99976105
0.99220603
0.99705509
0.98602502
0.98884001
0.99744273
0.99722438
0.99518149
0.99985124
0.99849504
0.99916837
0.99973345
0.99995259
0.99941595
0.99864160
0.98108832
0.99986364
0.99605278
0.99993936
0.99997851
0.98438158
0.98876610
0.99837292
0.99591084
0.99426817
0.99501579
0.99396087
0.99690929
0.99104170
0.99940312
0.99979500
0.99515163
0.97745206
0.99890649
0.99995261
0.98288069
0.99989617
0.98848330
0.99807747
0.99839315
0.99984731
0.99935528
0.95923160
0.99845915
0.99718616
0.99513422
0.99992671
0.99966804
0.99976511
0.99158343
0.99666112
0.99715521
0.99863383
0.99395464
0.99996573
0.99911307
0.99975325
0.99508638
0.99933484
0.99932094
0.99978906
0.99322915
0.99969357
0.99628510
0.99617793
0.99878682
0.99995983
0.98896478
0.98933031
0.99246660
0.99851494
0.95026836
0.99896270
0.99949733
0.99950777
0.99733190
0.98012295
0.99921808
0.99973166
0.99946204
0.98746770
0.99998510
0.98486449
0.99636835
0.99579346
0.99877904
0.99870985
0.98257601
0.99423516
0.99777815
0.98514315
0.99882878
0.99976840
0.99974891
0.99991996
0.99615351
0.99391020
0.99861799
0.99944961
0.99945937
0.99900213
0.99981768
0.98438334
0.99992311
0.99884538
0.99197360
0.99549739
0.99977813
0.99908932
0.99094288
0.99985504
0.99295899
0.98991432
0.99611022
0.96759659
0.99986787
0.99920464
0.99916684
0.98370258
0.99898491
0.99769931
0.99796224
0.99955821
0.99881077
0.96303076
0.96831463
0.99682605
0.99679159
0.99217777
0.99491429
0.99349472
0.99912035
0.98483011
0.99048369
0.99917993
0.99420448
0.98723663
0.99919069
0.99982098
0.99980087
0.99981769
0.94513387
0.99965119
0.99975660
0.99943601
0.99771841
0.99030623
0.99619172
0.99972851
0.99987500
0.99962913
0.99554942
0.99841633
0.99969897
0.99973677
0.99829474
0.93577725
0.97301957
0.99816519
0.99382128
0.96099537
0.99998001
0.98592499
0.99914381
0.99954600
0.99919382
0.99715253
0.99762222
0.99927453
0.99980935
0.99668558
0.99870429
0.99916039
0.99984750
0.97769243
0.99352031
0.99903402
0.99969884
0.99625526
0.99931237
0.99930149
0.99312070
0.99797745
0.96733450
0.99793036
0.99839285
0.98690029
0.99548632
0.95150906
0.94022756
0.99970118
0.99827356
0.99985691
0.99978659
0.95296008
0.99995920
0.96725670
0.99672094
0.99581896
0.99963977
0.97652303
0.99940527
0.99864116
0.99902145
0.99954360
0.99738871
0.99627493
0.99375358
0.98832864
0.99986641
0.99831275
0.99630952
0.99973652
0.99983474
0.99958628
0.99986544
0.99449641
0.99189230
0.99184809
0.99977695
0.99985837
0.99966259
0.99938750
0.98885557
0.97389394
0.99949160
0.99041312
0.99504343
0.96675614
0.98753777
0.99914843
0.99882512
0.99914500
0.99896111
