# NTRAJ	1000
0.15425290
0.13522394
0.25997448
0.38319406
0.42837984
0.60549702
0.84906298
0.16005677
0.10976940
0.56222701
0.16050528
0.36208829
0.29463589
0.14152113
0.45376505
0.68432309
0.17320369
0.77428836
0.18346720
0.20091105
0.18655863
0.11746199
0.17103642
0.53920367
0.11842161
0.17668680
0.14469482
0.77317224
0.10179889
0.39491079
0.12858422
0.22867133
0.53351544
0.41810937
0.14713471
0.32014354
0.34880647
0.10909030
0.10936104
0.72763128
0.33500594
0.35867351
0.10412416
0.19334979
0.29853450
0.10132679
0.28374009
0.62527016
0.16513872
0.23581790
0.16478609
0.13494954
0.21507239
0.74620110
0.41489833
0.24845021
0.16350660
0.59855184
0.63544944
0.24727604
0.20616129
0.57159209
0.29960038
0.13995709
0.38470158
0.80876673
0.76961994
0.21337362
0.26539971
0.18286872
0.27004786
0.38475872
0.10586908
0.42836128
0.49316744
0.63187113
0.76892402
0.46098170
0.65632786
0.60082503
0.22341215
0.50036423
0.10219045
0.27620465
0.64375214
0.49308684
0.16913672
0.33021423
0.09968469
0.33500617
0.33161690
0.13774049
0.72867177
0.51468265
0.22602430
0.26538097
0.38642455
0.31399893
0.10284404
0.12181226
0.15408724
0.43764372
0.55929587
0.71996052
0.18788416
0.21228725
0.25147180
0.18039985
0.11285682
0.40407614
0.63590955
0.45399027
0.27675690
0.10067705
0.16801164
0.56218545
0.16256674
0.27430839
0.23533569
0.20012493
0.25230203
0.10020606
0.40148791
0.28198056
0.17925430
0.43946323
0.31808443
0.13096376
0.10526573
0.36081846
0.52294467
0.23574252
0.33121276
0.17090099
0.32557855
0.11327432
0.72845304
0.15429292
0.10674667
0.42952363
0.10854128
0.23580385
0.21406471
0.11516048
0.28953895
0.31823891
0.30302565
0.33299741
0.15656345
0.25507548
0.65746174
0.80495553
0.12885602
0.11883134
0.69415314
0.44770105
0.35996330
0.23231802
0.10770824
0.67022342
0.31195435
0.68766924
0.22880106
0.12903628
0.11252505
0.23806791
0.41932536
0.16180553
0.17968034
0.43879267
0.39897675
0.66453097
0.14807604
0.30292865
0.14074752
0.39899622
0.61384956
0.25330635
0.61076297
0.41784516
0.24393183
0.15673934
0.23283107
0.10994090
0.32269989
0.80764605
0.35463475
0.44750616
0.42343474
0.10708525
0.51131628
0.11483426
0.26640148
0.38556099
0.10316857
0.54962280
0.22898877
0.35916767
0.15703364
0.74588250
0.10503421
0.52027288
0.37167315
0.30840168
0.09958914
0.33955674
0.10029006
0.23170243
0.56726465
0.29494993
0.25078163
0.25416255
0.40358215
0.10968666
0.25569301
0.75640208
0.54128231
0.10542783
0.55769511
0.33285867
0.09958716
0.40212432
0.09984304
0.13529404
0.19064362
0.38858584
0.68707968
0.53247455
0.29676606
0.10024606
0.38973584
0.26279285
0.30652553
0.43749526
0.54009956
0.36855952
0.16007841
0.16992097
0.58760394
0.35400264
0.52310127
0.29904001
0.26186703
0.18591147
0.26741346
0.43029551
0.45011012
0.76441666
0.56090048
0.52832441
0.58819732
0.75627902
0.10072563
0.19613421
0.67430080
0.41891410
0.11482535
0.36299863
0.12263413
0.13728334
0.26125493
0.39121930
0.30593121
0.54516459
0.22422115
0.15806945
0.55349335
0.66266544
0.12328610
0.87873551
0.60317204
0.28246640
0.70345978
0.60546457
0.44045472
0.22800603
0.79208610
0.42803200
0.28946306
0.26191153
0.50405961
0.32027435
0.43233900
0.30238691
0.50996021
0.65650853
0.61915504
0.64991210
0.10307878
0.64092527
0.54649991
0.33234115
0.68313470
0.53518597
0.44685187
0.10323951
0.76481827
0.44051104
0.13841202
0.74513285
0.29113799
0.10072262
0.10931337
0.29490162
0.49793760
0.13421617
0.24955039
0.15710881
0.52561857
0.62830076
0.10115080
0.18517447
0.87898594
0.26594974
0.24462744
0.13912805
0.17954022
0.83250085
0.28424891
0.29973988
0.52140531
0.42885829
0.13455882
0.10387653
0.10524791
0.62383619
0.10067215
0.38990999
0.78792471
0.42238915
0.36637588
0.61410535
0.79720778
0.37055510
0.51595127
0.10747851
0.26405042
0.82512613
0.28342983
0.36059190
0.66338927
0.18760475
0.47590008
0.24105154
0.78529079
0.10118454
0.69964390
0.72298195
0.22969121
0.21916061
0.28332314
0.39534879
0.15751424
0.41988064
0.50986028
0.38134523
0.80306928
0.30046684
0.58152403
0.11111172
0.38607740
0.13049721
0.31091290
0.31727505
0.64262898
0.29005424
0.13390656
0.16693551
0.11355019
0.39897775
0.10013242
0.68779171
0.48726645
0.76045794
0.13427527
0.65819796
0.24962606
0.32179433
0.14819373
0.10577386
0.29287139
0.20412620
0.12534673
0.09965386
0.20628729
0.33883002
0.29110643
0.10863696
0.65707449
0.13550758
0.12045373
0.10186309
0.27873463
0.27487610
0.10431273
0.22279346
0.12880573
0.12100783
0.10222446
0.43842973
0.13842567
0.24100326
0.10347896
0.47178722
0.18260631
0.44902711
0.39554863
0.13919295
0.37837037
0.45871207
0.10980970
0.10204563
0.14379563
0.82941906
0.09963484
0.53295377
0.45040688
0.29957707
0.11977262
0.21416306
0.48011912
0.47548650
0.10627777
0.52388244
0.80392817
0.69644414
0.10192447
0.12696928
0.63823249
0.31603796
0.27920322
0.13264332
0.32136732
0.29145656
0.14583350
0.44890492
0.30443234
0.72801494
0.30731356
0.17239680
0.17904264
0.45156103
0.32477172
0.14964308
0.28818641
0.19031914
0.35006708
0.25206932
0.15382725
0.49227893
0.47459171
0.76851542
0.24161026
0.28635682
0.19861957
0.12759961
0.19221861
0.47125567
0.34274815
0.21681800
0.11729072
0.30989072
0.37493721
0.26489594
0.76027337
0.14109788
0.55461077
0.42530557
0.14966666
0.09964477
0.28702988
0.30719846
0.72262484
0.43513220
0.17652838
0.55898069
0.21318570
0.64430899
0.13521562
0.42067039
0.51038197
0.58231337
0.19481639
0.23314939
0.20353402
0.13945324
0.30835139
0.18077258
0.23757516
0.51278351
0.63520809
0.54615859
0.28231452
0.18791627
0.27073860
0.33295147
0.45761149
0.52085117
0.17063948
0.79201687
0.49065512
0.36908765
0.10521824
0.10773904
0.44340640
0.49287101
0.38588315
0.55558589
0.35292294
0.31853324
0.72771442
0.61940002
0.43773838
0.18464174
0.43358944
0.59281905
0.59995312
0.41580503
0.23729871
0.28653679
0.10094320
0.70990768
0.14087372
0.53248270
0.68583249
0.44448505
0.35411250
0.17024051
0.45613057
0.17351265
0.14704245
0.29673473
0.36222385
0.63117674
0.23455155
0.25141599
0.40067015
0.22423951
0.26088020
0.61478255
0.47396832
0.39348434
0.60047525
0.62929277
0.10433547
0.14263168
0.24577777
0.55965437
0.10077567
0.16246748
0.40989263
0.31925800
0.55871600
0.10787045
0.33210616
0.69029085
0.22794673
0.28873782
0.25161628
0.22272217
0.34304231
0.27790172
0.33539764
0.34625551
0.45902046
0.23986100
0.58457503
0.10671450
0.16231445
0.21240958
0.19246473
0.20311164
0.68571341
0.15599146
0.24013025
0.14006673
0.24642481
0.69566859
0.14236257
0.10242966
0.40177086
0.78238132
0.64977172
0.10963281
0.14420647
0.62506507
0.59166313
0.43479674
0.17210399
0.52975961
0.64265034
0.27435112
0.64446041
0.32005606
0.44091292
0.15443133
0.52828206
0.31421272
0.18571431
0.57395138
0.38105565
0.13999672
0.55584051
0.61830567
0.31209022
0.15108105
0.55821529
0.55359237
0.20749119
0.20670738
0.64665538
0.53444794
0.09998907
0.38381962
0.28542459
0.14420715
0.15064075
0.75873551
0.37719747
0.65294766
0.52109275
0.35749958
0.22460967
0.49803468
0.51217297
0.23602428
0.37435228
0.21084359
0.80619997
0.70716483
0.15878288
0.15341892
0.48727243
0.13195408
0.19192031
0.30683914
0.28527087
0.35722175
0.32469326
0.71389439
0.48381042
0.49501976
0.38208012
0.74925727
0.11000540
0.69455734
0.29574512
0.10613534
0.10962706
0.13110636
0.66065662
0.28280408
0.34593016
0.12770662
0.14227759
0.54242308
0.35368157
0.38802625
0.53592549
0.36231988
0.36418913
0.13395758
0.10122256
0.23044530
0.28033017
0.24286060
0.72307126
0.34563527
0.16327554
0.60415846
0.34733247
0.75908300
0.37116752
0.64107938
0.10714272
0.64144119
0.38018472
0.56966609
0.68991212
0.14273120
0.28189025
0.35978902
0.16111131
0.27514768
0.10290288
0.12374232
0.14408960
0.49035256
0.42838472
0.31942435
0.13241733
0.10540446
0.52350985
0.15478831
0.40119652
0.56556496
0.37494863
0.18591644
0.10233108
0.76331146
0.37061020
0.83930498
0.81431861
0.38693977
0.41976131
0.18185009
0.10620575
0.77820019
0.30479286
0.42120453
0.19192363
0.43832703
0.69792577
0.22707222
0.47127864
0.67662920
0.52137952
0.19927340
0.19196961
0.29727804
0.52178175
0.12501490
0.79463810
0.10506827
0.32802258
0.17454130
0.15088485
0.35047460
0.19936762
0.21409030
0.31563300
0.10411411
0.39209153
0.52952322
0.27306404
0.73995392
0.68782408
0.16400402
0.84642985
0.60530896
0.47516378
0.15748276
0.64124593
0.41001341
0.17697068
0.29851273
0.45320177
0.40155768
0.79048555
0.20782957
0.44967083
0.12115499
0.11241862
0.16754701
0.23510508
0.20604658
0.13669117
0.15712480
0.74151751
0.57808631
0.77257067
0.40033141
0.18684395
0.10410777
0.66510699
0.10798734
0.35576988
0.50884780
0.10978385
0.10515704
0.17437026
0.11122598
0.10488061
0.33026657
0.57074975
0.35029260
0.11483736
0.74117808
0.52543893
0.31142402
0.54932076
0.55164449
0.79915771
0.24997006
0.47322965
0.20009005
0.21314615
0.30045604
0.32691197
0.09962065
0.17888526
0.56309602
0.16912333
0.47276314
0.57649738
0.37399722
0.28878391
0.63956401
0.17428653
0.49439038
0.55290037
0.54918925
0.73658545
0.76219830
0.24259154
0.43949163
0.56758494
0.21710046
0.10097185
0.37732845
0.44854908
0.21394387
0.74348975
0.20102928
0.63394700
0.36877393
0.12991703
0.20492642
0.11777343
0.33616374
0.10261871
0.62504497
0.28345004
0.23116013
0.69342159
0.14406640
0.43714932
0.61527815
0.14716043
0.17475568
0.11143381
0.65670039
0.14787368
0.38107898
0.58303198
0.79993451
0.30391774
0.17126400
0.12543603
0.50910998
0.43020379
0.51723863
0.56002187
0.33961940
0.78707772
0.58881435
0.41914779
0.69485630
0.78513739
0.71375533
0.50716825
0.27761413
0.17721559
0.20125215
0.50193523
0.42794202
0.13069126
0.27214849
0.46339689
0.10331591
0.45352170
0.34270242
0.81190657
0.55190331
0.17399853
0.10272112
0.36642368
0.28357067
0.12795167
0.46040222
0.74060859
0.38426481
0.55326273
0.75445032
0.11126664
0.68605721
0.64687239
0.53511286
0.27417482
0.65943732
0.18224071
0.51203541
0.13497005
0.10668796
0.38420296
0.46110667
0.41672682
0.29991156
0.54525968
0.61791572
0.10287764
0.60456214
0.77974611
0.68775590
0.36927874
0.77396032
0.37206885
0.48054433
0.10176495
0.61568242
0.38166041
0.36545936
0.75342541
0.31030133
0.83432510
0.25629642
0.37051483
0.25020806
0.11666384
0.10000422
0.13639528
0.56852181
0.24583213
0.09977190
0.33106322
0.16515165
0.33507911
0.10019660
0.37855208
0.09997113
0.34451022
0.60038417
0.18623582
0.48779031
0.10058824
0.53048214
0.13135298
0.34823589
0.60647921
0.31509995
0.23465948
0.44616087
0.45790614
0.38338652
0.10142126
0.30636557
0.36793978
0.55944669
0.31651735
0.38981586
0.11780003
0.80101040
0.54386417
0.58620628
0.61835287
0.42220458
0.39784901
0.11844760
0.14181906
0.26476109
0.68180930
0.41667216
0.41483290
0.14592497
0.10366851
0.14202298
0.17950577
0.22745413
0.40864491
0.43680255
0.71284133
0.54824722
0.60806837
0.22957343
0.68011546
0.51253996
0.89941113
0.13224878
0.24714839
0.48963755
0.51763910
0.21991510
0.64551805
0.70522339
0.53722973
0.19202219
0.21401729
0.62762856
0.76656942
0.39694086
0.12643502
0.48046118
0.64619829
0.49216369
0.10320030
0.10676784
0.30050027
0.80396659
0.32644880
0.10001273
0.64642253
0.39161964
0.38945133
0.11965776
0.13162902
0.14032907
0.29563331
0.16514670
0.24597596
0.40601583
