# NTRAJ	1000
0.11281615
0.09925201
0.05506684
0.13688090
0.15850886
0.16729818
0.14696847
0.04470377
0.00716034
0.16132168
0.05274061
0.13173174
0.07953748
0.03183385
0.12322433
0.16554125
0.03769915
0.16200829
0.06959649
0.05992329
0.09498716
0.01598788
0.10070170
0.14044431
0.00086497
0.00667877
0.10125218
0.16716717
0.10354689
0.14244002
0.01598649
0.07539455
0.16735785
0.13812509
0.07705937
0.13837074
0.02256077
0.04937113
0.04201079
0.16578333
0.10780901
0.06247933
0.01507600
0.03255049
0.11522295
0.04379503
0.14245544
0.16556029
0.00056465
0.07625505
0.12195764
0.00061462
0.00354995
0.16180984
0.15829948
0.05564583
0.02633891
0.15029729
0.16561473
0.09807708
0.00878076
0.14419061
0.11126469
0.00703660
0.14447680
0.15785575
0.15318391
0.00970057
0.00319702
0.00046264
0.03865481
0.00644599
0.00439496
0.12401071
0.16076921
0.15968243
0.16840043
0.09974273
0.15590226
0.15999923
0.03991337
0.14076279
0.01382370
0.02499924
0.15947307
0.16686883
0.00463733
0.11908078
0.03509373
0.13663237
0.00462153
0.01619917
0.16811598
0.15187102
0.05862880
0.02723390
0.01441652
0.09390405
0.03205359
0.04398774
0.00568071
0.06419846
0.16108124
0.16382469
0.02501470
0.09811616
0.10806084
0.06738732
0.03246633
0.11202161
0.07086067
0.15502769
0.07238578
0.00729962
0.01914647
0.13250932
0.14563762
0.00431398
0.11824746
0.00490319
0.12119295
0.01370051
0.07768848
0.11324856
0.10904191
0.07800076
0.02765305
0.03481614
0.09353379
0.08078918
0.16538324
0.08715721
0.06844443
0.03048967
0.03845242
0.07021327
0.16759791
0.04060815
0.00536942
0.09848973
0.00060514
0.10332389
0.09208408
0.02476145
0.12087036
0.07870061
0.08115254
0.15830562
0.00346570
0.16596327
0.14014832
0.16475966
0.06707721
0.01953604
0.16572339
0.14217849
0.08103618
0.07361529
0.04554879
0.16609064
0.01729336
0.16785340
0.00420194
0.00066631
0.01819894
0.07083713
0.14767309
0.04609405
0.00882162
0.03107888
0.06806459
0.14956015
0.04880091
0.06666962
0.02098139
0.15751497
0.15169146
0.01578348
0.16757498
0.02410267
0.00144823
0.00544711
0.08660661
0.04013104
0.10797177
0.16530958
0.03428543
0.14869378
0.11897468
0.10040951
0.13440313
0.06217637
0.04210397
0.10709952
0.03561023
0.15579936
0.09459363
0.10794981
0.00077990
0.16824823
0.02155402
0.15811762
0.15424157
0.00087563
0.04620876
0.03010558
0.05330329
0.05759937
0.10644491
0.08054658
0.00065830
0.09960681
0.14872556
0.01196907
0.00040335
0.15782956
0.15216763
0.02532736
0.05863802
0.16521472
0.01182530
0.14030861
0.00605676
0.06772597
0.00112257
0.11496813
0.16321633
0.10791988
0.11274660
0.01188706
0.14265919
0.00495985
0.07364337
0.11774567
0.16080321
0.13269660
0.00201197
0.01779574
0.16738438
0.10107933
0.13374556
0.07458496
0.08553088
0.03435885
0.11302184
0.04938145
0.15599989
0.16117679
0.16515656
0.14768135
0.16020425
0.14841625
0.05706463
0.04312142
0.16742853
0.15590924
0.05472019
0.11269523
0.02105091
0.01175131
0.12609068
0.08603774
0.10894794
0.16130899
0.02819904
0.11319641
0.09816563
0.11968153
0.06849681
0.16055300
0.13659704
0.11520343
0.16670834
0.16175743
0.08991958
0.02928182
0.16843469
0.06612895
0.12100327
0.09621745
0.15794592
0.06248517
0.07729296
0.04879263
0.05780291
0.15248827
0.16618875
0.16729039
0.00061738
0.16526323
0.16698335
0.07749077
0.16121040
0.14974796
0.15358219
0.03344260
0.16963549
0.14192959
0.10892483
0.15233611
0.03684847
0.04046079
0.02506537
0.06889606
0.08707535
0.05898127
0.13999514
0.01327765
0.16738383
0.12654645
0.01057668
0.03981357
0.13845549
0.08505743
0.12660547
0.03704048
0.01776344
0.16893028
0.05744853
0.03968711
0.15918116
0.13366769
0.06854853
0.00138091
0.00189302
0.16744421
0.04178203
0.08072204
0.16793194
0.11673281
0.00745116
0.14010837
0.15324589
0.01860904
0.14483791
0.03377730
0.10888408
0.16762115
0.11525594
0.15264347
0.13391147
0.10490993
0.01362104
0.11287663
0.16425207
0.04502899
0.16410204
0.16436359
0.14292042
0.07486008
0.13792702
0.11733050
0.06401896
0.01464710
0.12906426
0.07163545
0.14827263
0.15099976
0.16388096
0.00050479
0.15386514
0.03118242
0.09199142
0.15774837
0.13965695
0.00600273
0.02002811
0.03055223
0.03413087
0.11898893
0.03720546
0.16123756
0.15110974
0.16389797
0.02689882
0.16460625
0.00131160
0.03734032
0.04505470
0.04600304
0.09081267
0.00500007
0.04627910
0.04359193
0.00204479
0.03533238
0.11465709
0.00838304
0.16537500
0.06026014
0.02278889
0.04290121
0.06026792
0.10752318
0.08126298
0.07828026
0.10290062
0.03405562
0.00470456
0.12473567
0.07267186
0.12940188
0.05814154
0.11079097
0.01232933
0.09515621
0.04180935
0.08992692
0.13038044
0.12603053
0.11410794
0.14299493
0.06701964
0.16851433
0.00054833
0.16724167
0.09406081
0.11066680
0.02705752
0.14130372
0.01052744
0.15689226
0.07695594
0.16171331
0.16041106
0.16863624
0.01420970
0.01123264
0.15634083
0.05953016
0.08120567
0.01922563
0.13072731
0.05786178
0.00840144
0.09003941
0.00918869
0.13316766
0.08995905
0.01979155
0.07259663
0.06146340
0.10709175
0.05382183
0.01696249
0.08496499
0.07003548
0.00057253
0.13051138
0.02153863
0.07094407
0.15677233
0.16413831
0.09434243
0.01311223
0.00133254
0.08347097
0.11948746
0.04672015
0.02512844
0.04958786
0.14126711
0.11629985
0.07926061
0.16816918
0.03662965
0.13103729
0.13021023
0.04900553
0.04574787
0.12289255
0.01070729
0.16798201
0.08577143
0.14262979
0.12539083
0.00048265
0.15627405
0.08496041
0.10296253
0.09039011
0.14026315
0.02536920
0.02035900
0.05236842
0.04364127
0.07257920
0.11745463
0.04508510
0.16065700
0.16044055
0.12583236
0.04267712
0.05385519
0.06517124
0.07606391
0.12486461
0.16327036
0.08628373
0.16577650
0.16193112
0.14058029
0.02971677
0.06184270
0.06827867
0.14484250
0.09019715
0.16085903
0.11834462
0.04251258
0.15509080
0.16665340
0.06267441
0.05449688
0.13393277
0.14748956
0.16763207
0.06200054
0.07761873
0.00114121
0.01369986
0.16857841
0.00051688
0.14820324
0.16379908
0.10942750
0.15593678
0.00063331
0.10616647
0.00463770
0.00917103
0.11035883
0.07090482
0.16560102
0.03515113
0.04176266
0.07262028
0.13089973
0.13134211
0.16662779
0.14481277
0.06635179
0.16051139
0.16365058
0.03061483
0.00136603
0.13134205
0.15481047
0.00187225
0.00418728
0.12148721
0.13159415
0.09080140
0.06598829
0.09626426
0.16477327
0.02361855
0.09770244
0.05197070
0.05687117
0.11957299
0.04765995
0.14061676
0.00787877
0.12514103
0.04736490
0.16701619
0.03680586
0.00928058
0.13653986
0.03681671
0.13359127
0.15139044
0.00293390
0.07525395
0.10014372
0.04506069
0.16342350
0.00086300
0.02310530
0.09357073
0.16845077
0.16699321
0.01375077
0.02311239
0.15511264
0.16055613
0.13705996
0.03441952
0.10394247
0.16675847
0.02472227
0.14988803
0.05188444
0.16551414
0.00356638
0.15396585
0.06568852
0.02830553
0.07056429
0.08022957
0.00599647
0.16696541
0.15276274
0.07137451
0.06966194
0.14311112
0.05485563
0.00081818
0.06591351
0.16759694
0.12924872
0.05742192
0.13556405
0.05615813
0.03190221
0.09283176
0.15942997
0.03073089
0.14543997
0.15909737
0.03527387
0.00801668
0.10138040
0.16398996
0.12655601
0.15944048
0.02450265
0.16611505
0.16069358
0.12077916
0.01372779
0.16165725
0.00104655
0.05249608
0.09869584
0.04328421
0.14499543
0.13487136
0.16676503
0.16379034
0.15653213
0.13558476
0.16708968
0.00129590
0.16518654
0.06341513
0.00807510
0.00827953
0.03923168
0.13386812
0.05934003
0.12271326
0.00064360
0.01630796
0.14151834
0.03760225
0.13330943
0.16675260
0.15254508
0.09282527
0.03456149
0.07301883
0.06245381
0.06862702
0.05887400
0.16713754
0.04363712
0.03091663
0.07146648
0.12688079
0.16776904
0.10817665
0.16736850
0.01643728
0.16074894
0.07676455
0.15388598
0.16699657
0.11128793
0.02488534
0.14549701
0.06966675
0.07022821
0.04077512
0.04917491
0.03505107
0.14892250
0.04448035
0.06517375
0.05744823
0.11385816
0.08949011
0.06092516
0.16421836
0.09773653
0.03042372
0.03500921
0.01646216
0.15996936
0.06051441
0.16287065
0.16033099
0.08898679
0.00333608
0.06710220
0.13438923
0.16302422
0.06572907
0.13021280
0.00051681
0.11558679
0.16633160
0.06367617
0.16105710
0.16503685
0.13862840
0.09423853
0.07483724
0.03083315
0.10923679
0.03439012
0.16558855
0.11825752
0.11395476
0.02308722
0.06903147
0.06758059
0.09722635
0.00284798
0.11429204
0.08126308
0.06380148
0.07312924
0.14686942
0.16383051
0.16279600
0.10785265
0.16080091
0.13034205
0.15130541
0.12465529
0.16723863
0.13384622
0.06279027
0.15329702
0.16417577
0.06483378
0.16718919
0.04072845
0.14703296
0.02539636
0.05637724
0.00938405
0.08429976
0.06588010
0.06867507
0.04329348
0.16618043
0.16402074
0.14748507
0.13003857
0.06492642
0.01722968
0.15001267
0.04419042
0.03688170
0.14740831
0.03933516
0.00632231
0.01550061
0.02211749
0.01670450
0.15064552
0.09719428
0.09110629
0.02148064
0.16671618
0.15708249
0.00442671
0.16747573
0.15340952
0.16782683
0.00612374
0.06132941
0.07514726
0.02272793
0.05214532
0.14642320
0.00557063
0.09173037
0.06644236
0.02140816
0.15732921
0.14509145
0.00043613
0.03720957
0.15742251
0.12572890
0.13698049
0.16240795
0.16055318
0.16309184
0.14677122
0.09017769
0.14250708
0.08511987
0.09919342
0.01252073
0.11945963
0.08530589
0.05970678
0.16253995
0.04001618
0.14965540
0.02379913
0.08791082
0.10278497
0.04290463
0.12057897
0.06391793
0.16623718
0.06440079
0.13933460
0.16651753
0.07651385
0.03115724
0.10212470
0.03669096
0.00202301
0.06035496
0.16434272
0.06468288
0.11473599
0.13087440
0.15783477
0.04917917
0.13827268
0.14431127
0.13377527
0.07257963
0.11803701
0.16100238
0.13330596
0.16095041
0.16738020
0.14819641
0.13276704
0.15610932
0.16672363
0.13823598
0.11539255
0.00562229
0.12858189
0.15560358
0.01263039
0.08795244
0.11106212
0.05872892
0.10967034
0.14813258
0.03256790
0.16847162
0.14916622
0.13774439
0.07537807
0.14366839
0.08750001
0.09912984
0.08398504
0.16494545
0.07743741
0.14667445
0.16279764
0.01011818
0.16615108
0.16793207
0.14775556
0.00092857
0.16632025
0.11377215
0.16662440
0.00113796
0.00825568
0.03510143
0.10647475
0.09313135
0.05988091
0.16709926
0.16713450
0.05436980
0.13298668
0.15700416
0.16609154
0.10251282
0.16695083
0.10619123
0.03457118
0.00483862
0.15221743
0.08255158
0.13747368
0.16413776
0.08343790
0.14056051
0.00176781
0.00244082
0.00175809
0.02657316
0.00125882
0.05809346
0.16297424
0.05850604
0.01630689
0.13835227
0.12152248
0.10879363
0.09158517
0.10721005
0.01860234
0.04154801
0.16667750
0.04707511
0.11376188
0.00953664
0.08801534
0.07707911
0.05015137
0.09841871
0.09925534
0.02682786
0.09265522
0.15100810
0.09090980
0.01071233
0.01808445
0.13899984
0.16316441
0.13351944
0.08788081
0.07231142
0.14462430
0.16748226
0.13182890
0.16761840
0.11519140
0.14764445
0.05596924
0.01613831
0.00128138
0.15012810
0.02796258
0.12494031
0.01971510
0.05152579
0.06865746
0.02371747
0.04521677
0.15419194
0.12271786
0.16768827
0.14723623
0.16646010
0.01012428
0.16758533
0.15285224
0.13958880
0.02555727
0.05158423
0.16495740
0.08427774
0.05201551
0.16034909
0.16639024
0.03975341
0.13884278
0.02187427
0.16642842
0.15869375
0.00102203
0.01103022
0.13270044
0.16737847
0.13215131
0.05795521
0.03823873
0.00951517
0.15767399
0.11282284
0.06416235
0.14918148
0.13603455
0.04864074
0.02391713
0.02898856
0.05679992
0.08580490
0.00099123
0.06658635
0.02458255
