# NTRAJ	1000
0.00006730
0.00006730
0.00006730
0.00006730
0.00006730
0.00006730
0.00006730
0.00006730
0.00006730
0.00006730
0.00006730
0.00006730
0.00006730
0.00006730
0.00006730
0.00006730
0.00006730
0.00006730
0.00220526
0.00006730
0.00006730
0.00006730
0.00006730
0.00006730
0.00006730
0.00006730
0.00006730
0.00006730
0.00006730
0.00006730
0.00006730
0.00006730
0.00006730
0.00006730
0.00006730
0.00006730
0.00006730
0.00006730
0.00006730
0.00006730
0.00006730
0.00006730
0.00006730
0.00071536
0.00006730
0.00006730
0.00006730
0.00006730
0.00006730
0.00063496
0.00006730
0.00006730
0.00006730
0.00006730
0.00006730
0.00006730
0.00006730
0.00006730
0.00006730
0.00006730
0.00006730
0.00006730
0.00006730
0.00006730
0.00006730
0.00006730
0.00006730
0.00006730
0.00006730
0.00006730
0.00000782
0.00006730
0.00006730
0.00006730
0.00006730
0.00006730
0.00006730
0.00006730
0.00006730
0.00006730
0.00006730
0.00006730
0.00006730
0.00006730
0.00249638
0.00006730
0.00006730
0.00006730
0.00006730
0.00006730
0.00006730
0.00006730
0.00006730
0.00006730
0.00006730
0.00006730
0.00006730
0.00006730
0.00006730
0.00006730
0.00006730
0.00006730
0.00155211
0.00006730
0.00006730
0.00027650
0.00006730
0.00006730
0.00039029
0.00006730
0.00006730
0.00006730
0.00006730
0.00006730
0.00268684
0.00006730
0.00006730
0.00006730
0.00052306
0.00006730
0.00158219
0.00006730
0.00006730
0.00006730
0.00006730
0.00006730
0.00006730
0.00006730
0.00249638
0.00006730
0.00006730
0.00006730
0.00006730
0.00006730
0.00006730
0.00011513
0.00006730
0.00006730
0.00006730
0.00006730
0.00006730
0.00006730
0.00006730
0.00006730
0.00006730
0.00006730
0.00006730
0.00006730
0.00006730
0.00006730
0.00006730
0.00296436
0.00006730
0.00006730
0.00006730
0.00006730
0.00006730
0.00006730
0.00006730
0.00006730
0.00006730
0.00006730
0.00006730
0.00006730
0.00006730
0.00006730
0.00006730
0.00006730
0.00000144
0.00006730
0.00006730
0.00006730
0.00006730
0.00006730
0.00055919
0.00006730
0.00006730
0.00006730
0.00006730
0.00006730
0.00006730
0.00006730
0.00006730
0.00006730
0.00006730
0.00006730
0.00006730
0.00006730
0.00006730
0.00006730
0.00006730
0.00006730
0.00006730
0.00006730
0.00006730
0.00006730
0.00006730
0.00006730
0.00006730
0.00006730
0.00006730
0.00006730
0.00006730
0.00006730
0.00006730
0.00006730
0.00006730
0.00006730
0.00006730
0.00006730
0.00149275
0.00183269
0.00006730
0.00006730
0.00006730
0.00006730
0.00006730
0.00006730
0.00006730
0.00006730
0.00006730
0.00006730
0.00006730
0.00006730
0.00006730
0.00006730
0.00006730
0.00006730
0.00006730
0.00006730
0.00006730
0.00006730
0.00006730
0.00006730
0.00006730
0.00006730
0.00006730
0.00006730
0.00006730
0.00006730
0.00006730
0.00006730
0.00006730
0.00006730
0.00006730
0.00006730
0.00006730
0.00176844
0.00006730
0.00006730
0.00006730
0.00006730
0.00288378
0.00006730
0.00006730
0.00006730
0.00006730
0.00006730
0.00006730
0.00006730
0.00006730
0.00006730
0.00006730
0.00006730
0.00006730
0.00006730
0.00006730
0.00057770
0.00006730
0.00010681
0.00006730
0.00006730
0.00006730
0.00140578
0.00006730
0.00004065
0.00006730
0.00006730
0.00006730
0.00006730
0.00006730
0.00006730
0.00006730
0.00006730
0.00006730
0.00006730
0.00006730
0.00006730
0.00006730
0.00006730
0.00006730
0.00006730
0.00006730
0.00006730
0.00006730
0.00006730
0.00006730
0.00006730
0.00006730
0.00006730
0.00006730
0.00006730
0.00006730
0.00006730
0.00050543
0.00006730
0.00006730
0.00006730
0.00105775
0.00006730
0.00006730
0.00006730
0.00006730
0.00006730
0.00006730
0.00110822
0.00006730
0.00006730
0.00006730
0.00006730
0.00006730
0.00006730
0.00006730
0.00006730
0.00006730
0.00006730
0.00006730
0.00006730
0.00006730
0.00006730
0.00006730
0.00006730
0.00006730
0.00006730
0.00006730
0.00006730
0.00006730
0.00006730
0.00006730
0.00006730
0.00006730
0.00006730
0.00006730
0.00006730
0.00006730
0.00006730
0.00006730
0.00006730
0.00300503
0.00006730
0.00006730
0.00006730
0.00006730
0.00006730
0.00006730
0.00006730
0.00006730
0.00006730
0.00006730
0.00006730
0.00006730
0.00006730
0.00006730
0.00006730
0.00006730
0.00006730
0.00006730
0.00006730
0.00006730
0.00006986
0.00006730
0.00006730
0.00006730
0.00006730
0.00006730
0.00006730
0.00006730
0.00006730
0.00006730
0.00006730
0.00006730
0.00006730
0.00006730
0.00006730
0.00006730
0.00006730
0.00206604
0.00006730
0.00224072
0.00006730
0.00073619
0.00006730
0.00006730
0.00113387
0.00006730
0.00006730
0.00006730
0.00006730
0.00006730
0.00006730
0.00006730
0.00006730
0.00006730
0.00001926
0.00006730
0.00006730
0.00016131
0.00006730
0.00006730
0.00006730
0.00006730
0.00006730
0.00006730
0.00006730
0.00272571
0.00006730
0.00006730
0.00006730
0.00006730
0.00199803
0.00006730
0.00006730
0.00006730
0.00006730
0.00006730
0.00006730
0.00006730
0.00006730
0.00006730
0.00006730
0.00006730
0.00006730
0.00006730
0.00006730
0.00006730
0.00006730
0.00006730
0.00006730
0.00006730
0.00006730
0.00006730
0.00006730
0.00006730
0.00006730
0.00006730
0.00006730
0.00006730
0.00006730
0.00006730
0.00050543
0.00006730
0.00006730
0.00023877
0.00006730
0.00006730
0.00006730
0.00006730
0.00006730
0.00006730
0.00006730
0.00006730
0.00006730
0.00006730
0.00006730
0.00006730
0.00006730
0.00006730
0.00006730
0.00006730
0.00249638
0.00006730
0.00006730
0.00006730
0.00006730
0.00006730
0.00006730
0.00006730
0.00006730
0.00006730
0.00006730
0.00006730
0.00006730
0.00006730
0.00006730
0.00006730
0.00002688
0.00006730
0.00006730
0.00006730
0.00006730
0.00006730
0.00245907
0.00006730
0.00006730
0.00006730
0.00006730
0.00006730
0.00006730
0.00006730
0.00006730
0.00006730
0.00006730
0.00006730
0.00006730
0.00006730
0.00006730
0.00006730
0.00006730
0.00006730
0.00006730
0.00034538
0.00006730
0.00006730
0.00006730
0.00006730
0.00006730
0.00006730
0.00006730
0.00006730
0.00006730
0.00006730
0.00006730
0.00006730
0.00006730
0.00006730
0.00006730
0.00006730
0.00006730
0.00006730
0.00006730
0.00006730
0.00006730
0.00006730
0.00006730
0.00006730
0.00006730
0.00006730
0.00006730
0.00006730
0.00006730
0.00006730
0.00006730
0.00006730
0.00006730
0.00006730
0.00006730
0.00000016
0.00006730
0.00006730
0.00006730
0.00006730
0.00006730
0.00006730
0.00006730
0.00006730
0.00006730
0.00006730
0.00006730
0.00006730
0.00006730
0.00006730
0.00006730
0.00006730
0.00006730
0.00006730
0.00006730
0.00006730
0.00006730
0.00186522
0.00006730
0.00006730
0.00006730
0.00006730
0.00006730
0.00006730
0.00006730
0.00006730
0.00006730
0.00006730
0.00006730
0.00006730
0.00006730
0.00006730
0.00006730
0.00006730
0.00006730
0.00006730
0.00006730
0.00006730
0.00006730
0.00006730
0.00006730
0.00006730
0.00006730
0.00006730
0.00006730
0.00006730
0.00006730
0.00006730
0.00006730
0.00006730
0.00006730
0.00006730
0.00006730
0.00006730
0.00006730
0.00006730
0.00006730
0.00006730
0.00006730
0.00006730
0.00006730
0.00115981
0.00006730
0.00006730
0.00006730
0.00006730
0.00006730
0.00006730
0.00000016
0.00006730
0.00006730
0.00006730
0.00006730
0.00006730
0.00006730
0.00006730
0.00037502
0.00006730
0.00006730
0.00006730
0.00006730
0.00006730
0.00006730
0.00006730
0.00006730
0.00006730
0.00006730
0.00006730
0.00006730
0.00006730
0.00006730
0.00006730
0.00006730
0.00006730
0.00006730
0.00006730
0.00006730
0.00006730
0.00006730
0.00006730
0.00006730
0.00006730
0.00006730
0.00006730
0.00006730
0.00006730
0.00006730
0.00006730
0.00006730
0.00006730
0.00006730
0.00006730
0.00006730
0.00006730
0.00006730
0.00006730
0.00006730
0.00006730
0.00006730
0.00006730
0.00321224
0.00006730
0.00284387
0.00006730
0.00203190
0.00006730
0.00006730
0.00034538
0.00006730
0.00006730
0.00006730
0.00006730
0.00006730
0.00006730
0.00006730
0.00006730
0.00006730
0.00006730
0.00006730
0.00006730
0.00006730
0.00006730
0.00006730
0.00006730
0.00006730
0.00006730
0.00006730
0.00006730
0.00006730
0.00006730
0.00006730
0.00006730
0.00006730
0.00006730
0.00006730
0.00006730
0.00006730
0.00006730
0.00006730
0.00006730
0.00006730
0.00006730
0.00006730
0.00006730
0.00006730
0.00006730
0.00006730
0.00006730
0.00006730
0.00006730
0.00006730
0.00006730
0.00006730
0.00006730
0.00006730
0.00006730
0.00006730
0.00006730
0.00006730
0.00006730
0.00006730
0.00006730
0.00006730
0.00006730
0.00006730
0.00006730
0.00006730
0.00006730
0.00006730
0.00006730
0.00006730
0.00006730
0.00006730
0.00006730
0.00006730
0.00006730
0.00006730
0.00006730
0.00006730
0.00006730
0.00006730
0.00006730
0.00006730
0.00006730
0.00006730
0.00280423
0.00006730
0.00006730
0.00186522
0.00006730
0.00006730
0.00006730
0.00006730
0.00006730
0.00113387
0.00006730
0.00006730
0.00006730
0.00006730
0.00006730
0.00006730
0.00006730
0.00006730
0.00006730
0.00006730
0.00006730
0.00006730
0.00006730
0.00006730
0.00006730
0.00006730
0.00006730
0.00006730
0.00006730
0.00006730
0.00006730
0.00006730
0.00006730
0.00006730
0.00006730
0.00016131
0.00006730
0.00006730
0.00006730
0.00006730
0.00006730
0.00006730
0.00006730
0.00006730
0.00006730
0.00006730
0.00126635
0.00006730
0.00006730
0.00006730
0.00006730
0.00006730
0.00006730
0.00006730
0.00006730
0.00006730
0.00006730
0.00006730
0.00006730
0.00006730
0.00006730
0.00006730
0.00006730
0.00006730
0.00006730
0.00006730
0.00304596
0.00006730
0.00006730
0.00006730
0.00006730
0.00006730
0.00006730
0.00006730
0.00006730
0.00006730
0.00006730
0.00006730
0.00006730
0.00006730
0.00006730
0.00006730
0.00006730
0.00006730
0.00006730
0.00006730
0.00006730
0.00006730
0.00006730
0.00006730
0.00006730
0.00006730
0.00006730
0.00006730
0.00006730
0.00006730
0.00006730
0.00006730
0.00006730
0.00006730
0.00006730
0.00006730
0.00006730
0.00006730
0.00006730
0.00006730
0.00006730
0.00006730
0.00006730
0.00006730
0.00006730
0.00006730
0.00006730
0.00006730
0.00006730
0.00006730
0.00006730
0.00006730
0.00006730
0.00006730
0.00006730
0.00075730
0.00006730
0.00006730
0.00006730
0.00006730
0.00006730
0.00006730
0.00006730
0.00006730
0.00006730
0.00006730
0.00006730
0.00006730
0.00006730
0.00006730
0.00006730
0.00006730
0.00006730
0.00006730
0.00006730
0.00006730
0.00006339
0.00006730
0.00006730
0.00006730
0.00006730
0.00006730
0.00006730
0.00006730
0.00006730
0.00006730
0.00006730
0.00006730
0.00006730
0.00006730
0.00006730
0.00006730
0.00006730
0.00006730
0.00006730
0.00006730
0.00006730
0.00006730
0.00006730
0.00006730
0.00006730
0.00006730
0.00006730
0.00006730
0.00006730
0.00006730
0.00006730
0.00006730
0.00006730
0.00006730
0.00006730
0.00006730
0.00006730
0.00006730
0.00006730
0.00006730
0.00045432
0.00006730
0.00006730
0.00006730
0.00006730
0.00006730
0.00006730
0.00006730
0.00006730
0.00009110
0.00006730
0.00006730
0.00006730
0.00006730
0.00006730
0.00006730
0.00006730
0.00006730
0.00006730
0.00006730
0.00006730
0.00006730
0.00006730
0.00006730
0.00006730
0.00006730
0.00006730
0.00006730
0.00050543
0.00006730
0.00006730
0.00006730
0.00006730
0.00006730
0.00006730
0.00006730
0.00006730
0.00006730
0.00006730
0.00006730
0.00006730
0.00006730
0.00006730
0.00006730
0.00006730
0.00006730
0.00006730
0.00006730
0.00006730
0.00006730
0.00006730
0.00006730
0.00006730
0.00006730
0.00006730
0.00006730
0.00006730
0.00006730
0.00006730
0.00006730
0.00006730
0.00006730
