# NTRAJ	1000
0.00015907
0.00016131
0.00015907
0.00015907
0.00015907
0.00015907
0.00015907
0.00015907
0.00015907
0.00015907
0.00015907
0.00015907
0.00015907
0.00015907
0.00015907
0.00015907
0.00015907
0.00015907
0.00429421
0.00015907
0.00015907
0.00015907
0.00015907
0.00015907
0.00015907
0.00015907
0.00015907
0.00015907
0.00015907
0.00015907
0.00015907
0.00015907
0.00015907
0.00015907
0.00015907
0.00015907
0.00015907
0.00015907
0.00015907
0.00015907
0.00015907
0.00015907
0.00015907
0.00210044
0.00015907
0.00015907
0.00015907
0.00015907
0.00015907
0.00196442
0.00015907
0.00015907
0.00015907
0.00015907
0.00015907
0.00015907
0.00015907
0.00015907
0.00015907
0.00015907
0.00015907
0.00015907
0.00015907
0.00015907
0.00015907
0.00015907
0.00015907
0.00015907
0.00015907
0.00015907
0.00050543
0.00015907
0.00015907
0.00015907
0.00015907
0.00015907
0.00015907
0.00015907
0.00015907
0.00015907
0.00015907
0.00015907
0.00015907
0.00015907
0.00468636
0.00015907
0.00015907
0.00015907
0.00015907
0.00015907
0.00015907
0.00015907
0.00015907
0.00015907
0.00015907
0.00015907
0.00015907
0.00015907
0.00015907
0.00015907
0.00015907
0.00015907
0.00338257
0.00015907
0.00015907
0.00129368
0.00015907
0.00015907
0.00152229
0.00015907
0.00015907
0.00015907
0.00015907
0.00015907
0.00493929
0.00015907
0.00015907
0.00015907
0.00176844
0.00015907
0.00342579
0.00015907
0.00015907
0.00015907
0.00015907
0.00015907
0.00015907
0.00015907
0.00468636
0.00015907
0.00015907
0.00015907
0.00015907
0.00015907
0.00015907
0.00091310
0.00015907
0.00015907
0.00015907
0.00015907
0.00015907
0.00015907
0.00015907
0.00015907
0.00015907
0.00015907
0.00015907
0.00015907
0.00015907
0.00015907
0.00015907
0.00530339
0.00015907
0.00015907
0.00015907
0.00015907
0.00015907
0.00015907
0.00015907
0.00015907
0.00015907
0.00015907
0.00015907
0.00015907
0.00015907
0.00015907
0.00015907
0.00015907
0.00043787
0.00015907
0.00015907
0.00015907
0.00015907
0.00015907
0.00183269
0.00015907
0.00015907
0.00015907
0.00015907
0.00015907
0.00015907
0.00015907
0.00015907
0.00015907
0.00015907
0.00015907
0.00015907
0.00015907
0.00015907
0.00015907
0.00015907
0.00015907
0.00015907
0.00015907
0.00015907
0.00015907
0.00015907
0.00015907
0.00015907
0.00015907
0.00015907
0.00015907
0.00015907
0.00015907
0.00015907
0.00015907
0.00015907
0.00015907
0.00015907
0.00015907
0.00329690
0.00378053
0.00015907
0.00015907
0.00015907
0.00015907
0.00015907
0.00015907
0.00015907
0.00015907
0.00015907
0.00015907
0.00015907
0.00015907
0.00015907
0.00015907
0.00015907
0.00015907
0.00015907
0.00015907
0.00015907
0.00015907
0.00015907
0.00015907
0.00015907
0.00015907
0.00015907
0.00015907
0.00015907
0.00015907
0.00015907
0.00015907
0.00015907
0.00015907
0.00015907
0.00015907
0.00015907
0.00369035
0.00008371
0.00015907
0.00015907
0.00015907
0.00519817
0.00015907
0.00015907
0.00015907
0.00015907
0.00015907
0.00015907
0.00015907
0.00015907
0.00015907
0.00015907
0.00015907
0.00015907
0.00015907
0.00015907
0.00186522
0.00015907
0.00088999
0.00015907
0.00015907
0.00015907
0.00317029
0.00015907
0.00067458
0.00015907
0.00015907
0.00015907
0.00015907
0.00015907
0.00015907
0.00015907
0.00015907
0.00015907
0.00015907
0.00015907
0.00015907
0.00015907
0.00015907
0.00015907
0.00015907
0.00015907
0.00015907
0.00015907
0.00015907
0.00015907
0.00015907
0.00015907
0.00015907
0.00015907
0.00030315
0.00015907
0.00015907
0.00173672
0.00015907
0.00015907
0.00015907
0.00264822
0.00015907
0.00015907
0.00015907
0.00015907
0.00015907
0.00015907
0.00272571
0.00015907
0.00015907
0.00015907
0.00015907
0.00015907
0.00015907
0.00015907
0.00015907
0.00015907
0.00015907
0.00015907
0.00015907
0.00015907
0.00015907
0.00015907
0.00000399
0.00015907
0.00015907
0.00015907
0.00015907
0.00015907
0.00015907
0.00015907
0.00015907
0.00015907
0.00001291
0.00015907
0.00015907
0.00015907
0.00015907
0.00015907
0.00015907
0.00535635
0.00015907
0.00015907
0.00015907
0.00015907
0.00015907
0.00015907
0.00015907
0.00015907
0.00015907
0.00015907
0.00015907
0.00015907
0.00015907
0.00015907
0.00015907
0.00015907
0.00015907
0.00015907
0.00015907
0.00015907
0.00077870
0.00015907
0.00015907
0.00015907
0.00015907
0.00015907
0.00015907
0.00015907
0.00015907
0.00015907
0.00015907
0.00015907
0.00015907
0.00015907
0.00015907
0.00015907
0.00015907
0.00410398
0.00015907
0.00434238
0.00015907
0.00213512
0.00015907
0.00015907
0.00276484
0.00015907
0.00015907
0.00015907
0.00015907
0.00000016
0.00015907
0.00015907
0.00015907
0.00015907
0.00057770
0.00015907
0.00015907
0.00103293
0.00015907
0.00015907
0.00015907
0.00015907
0.00015907
0.00015907
0.00015907
0.00499059
0.00015907
0.00015907
0.00015907
0.00015907
0.00401033
0.00015907
0.00015907
0.00015907
0.00015907
0.00015907
0.00015907
0.00015907
0.00015907
0.00015907
0.00015907
0.00015907
0.00015907
0.00015907
0.00015907
0.00015907
0.00015907
0.00015907
0.00015907
0.00015907
0.00015907
0.00015907
0.00015907
0.00015907
0.00015907
0.00015907
0.00015907
0.00015907
0.00015907
0.00015907
0.00173672
0.00015907
0.00000016
0.00121252
0.00015907
0.00015907
0.00015907
0.00015907
0.00015907
0.00015907
0.00015907
0.00015907
0.00015907
0.00015907
0.00015907
0.00015907
0.00015907
0.00015907
0.00015907
0.00015907
0.00468636
0.00015907
0.00015907
0.00015907
0.00015907
0.00015907
0.00005140
0.00015907
0.00015907
0.00015907
0.00015907
0.00015907
0.00015907
0.00015907
0.00015907
0.00015907
0.00061558
0.00015907
0.00015907
0.00015907
0.00015907
0.00015907
0.00463650
0.00015907
0.00015907
0.00015907
0.00015907
0.00015907
0.00015907
0.00015907
0.00015907
0.00015907
0.00008371
0.00015907
0.00015907
0.00015907
0.00015907
0.00015907
0.00026362
0.00015907
0.00015907
0.00143450
0.00015907
0.00015907
0.00015907
0.00015907
0.00015907
0.00015907
0.00015907
0.00015907
0.00015907
0.00015907
0.00015907
0.00015907
0.00015907
0.00015907
0.00015907
0.00015907
0.00015907
0.00015907
0.00015907
0.00015907
0.00015907
0.00015907
0.00015907
0.00015907
0.00015907
0.00015907
0.00015907
0.00015907
0.00015907
0.00015907
0.00015907
0.00015907
0.00015907
0.00015907
0.00015907
0.00040585
0.00015907
0.00015907
0.00015907
0.00015907
0.00015907
0.00015907
0.00015907
0.00015907
0.00015907
0.00015907
0.00015907
0.00015907
0.00015907
0.00036005
0.00015907
0.00015907
0.00015907
0.00015907
0.00015907
0.00015907
0.00015907
0.00382599
0.00015907
0.00015907
0.00015907
0.00015907
0.00015907
0.00015907
0.00015907
0.00015907
0.00015907
0.00015907
0.00015907
0.00015907
0.00015907
0.00015907
0.00015907
0.00015907
0.00000064
0.00015907
0.00015907
0.00015907
0.00015907
0.00015907
0.00015907
0.00015907
0.00015907
0.00015907
0.00015907
0.00015907
0.00015907
0.00015907
0.00015907
0.00015907
0.00015907
0.00015907
0.00015907
0.00015907
0.00015907
0.00015907
0.00015907
0.00015907
0.00015907
0.00015907
0.00015907
0.00280423
0.00015907
0.00015907
0.00015907
0.00015907
0.00015907
0.00015907
0.00040585
0.00015907
0.00015907
0.00015907
0.00013269
0.00015907
0.00015907
0.00015907
0.00149275
0.00015907
0.00015907
0.00015907
0.00010681
0.00015907
0.00015907
0.00015907
0.00015907
0.00015907
0.00015907
0.00015907
0.00015907
0.00015907
0.00015907
0.00015907
0.00015907
0.00015907
0.00015907
0.00015907
0.00015907
0.00015907
0.00015907
0.00015907
0.00015907
0.00015907
0.00015907
0.00015907
0.00015907
0.00015907
0.00015907
0.00015907
0.00015907
0.00015907
0.00015907
0.00015907
0.00015907
0.00015907
0.00015907
0.00015907
0.00015907
0.00015907
0.00015907
0.00015907
0.00562467
0.00015907
0.00514592
0.00015907
0.00405703
0.00015907
0.00015907
0.00143450
0.00015907
0.00015907
0.00015907
0.00015907
0.00015907
0.00015907
0.00015907
0.00015907
0.00015907
0.00015907
0.00015907
0.00015907
0.00015907
0.00015907
0.00015907
0.00015907
0.00015907
0.00015907
0.00015907
0.00015907
0.00015907
0.00015907
0.00015907
0.00015907
0.00015907
0.00015907
0.00015907
0.00015907
0.00015907
0.00015907
0.00015907
0.00015907
0.00015907
0.00015907
0.00015907
0.00015907
0.00015907
0.00015907
0.00015907
0.00015907
0.00015907
0.00015907
0.00015907
0.00015907
0.00015907
0.00015907
0.00015907
0.00015907
0.00015907
0.00015907
0.00015907
0.00015907
0.00015907
0.00015907
0.00015907
0.00015907
0.00015907
0.00015907
0.00015907
0.00015907
0.00015907
0.00015907
0.00015907
0.00015907
0.00004587
0.00015907
0.00015907
0.00015907
0.00015907
0.00015907
0.00015907
0.00015907
0.00015907
0.00015907
0.00015907
0.00015907
0.00015907
0.00509391
0.00015907
0.00025104
0.00382599
0.00015907
0.00015907
0.00015907
0.00015907
0.00015907
0.00276484
0.00015907
0.00015907
0.00015907
0.00015907
0.00015907
0.00015907
0.00015907
0.00015907
0.00015907
0.00015907
0.00015907
0.00015907
0.00015907
0.00015907
0.00015907
0.00015907
0.00015907
0.00015907
0.00005140
0.00015907
0.00015907
0.00015907
0.00015907
0.00015907
0.00015907
0.00103293
0.00015907
0.00015907
0.00015907
0.00015907
0.00015907
0.00015907
0.00015907
0.00015907
0.00015907
0.00015907
0.00296436
0.00015907
0.00015907
0.00015907
0.00015907
0.00015907
0.00015907
0.00015907
0.00015907
0.00015907
0.00015907
0.00015907
0.00015907
0.00015907
0.00010681
0.00015907
0.00015907
0.00015907
0.00015907
0.00015907
0.00540954
0.00015907
0.00015907
0.00015907
0.00015907
0.00015907
0.00015907
0.00015907
0.00015907
0.00015907
0.00015907
0.00015907
0.00015907
0.00015907
0.00015907
0.00015907
0.00036005
0.00015907
0.00015907
0.00015907
0.00015907
0.00015907
0.00015907
0.00015907
0.00015907
0.00015907
0.00015907
0.00015907
0.00015907
0.00015907
0.00015907
0.00015907
0.00015907
0.00015907
0.00015907
0.00015907
0.00015907
0.00015907
0.00015907
0.00015907
0.00015907
0.00015907
0.00015907
0.00015907
0.00015907
0.00015907
0.00015907
0.00015907
0.00015907
0.00015907
0.00015907
0.00015907
0.00015907
0.00015907
0.00015907
0.00217005
0.00015907
0.00015907
0.00015907
0.00015907
0.00015907
0.00015907
0.00015907
0.00015907
0.00015907
0.00015907
0.00015907
0.00015907
0.00015907
0.00015907
0.00015907
0.00015907
0.00015907
0.00015907
0.00015907
0.00015907
0.00075730
0.00015907
0.00015907
0.00015907
0.00015907
0.00015907
0.00015907
0.00015907
0.00015907
0.00015907
0.00015907
0.00015907
0.00015907
0.00015907
0.00015907
0.00015907
0.00015907
0.00015907
0.00015907
0.00016131
0.00015907
0.00015907
0.00015907
0.00015907
0.00015907
0.00015907
0.00015907
0.00015907
0.00015907
0.00015907
0.00015907
0.00018193
0.00015907
0.00015907
0.00015907
0.00015907
0.00015907
0.00015907
0.00015907
0.00015907
0.00164319
0.00015907
0.00015907
0.00015907
0.00015907
0.00015907
0.00015907
0.00003575
0.00015907
0.00084462
0.00015907
0.00015907
0.00015907
0.00015907
0.00015907
0.00015907
0.00015907
0.00015907
0.00015907
0.00015907
0.00015907
0.00015907
0.00015907
0.00015907
0.00015907
0.00015907
0.00015907
0.00015907
0.00173672
0.00015907
0.00015907
0.00015907
0.00015907
0.00015907
0.00015907
0.00015907
0.00015907
0.00015907
0.00015907
0.00015907
0.00015907
0.00015907
0.00015907
0.00015907
0.00015907
0.00015907
0.00015907
0.00015907
0.00019269
0.00015907
0.00015907
0.00015907
0.00017147
0.00015907
0.00015907
0.00015907
0.00015907
0.00001020
0.00015907
0.00015907
0.00015907
0.00015907
