# NTRAJ	1000
0.36215217
0.64017063
0.27575555
0.76983021
0.22650940
0.55115218
0.25708046
0.37242356
0.55838248
0.11614576
0.53535883
0.32057975
0.05386553
0.08656288
0.02500992
0.04762288
0.04452825
0.69612554
0.16067643
0.13885486
0.16863573
0.29244392
0.45141771
0.00735538
0.52033924
0.00031693
0.31481744
0.14121334
0.78436937
0.03936077
0.04862644
0.21244347
0.14562577
0.40822321
0.17645344
0.06233897
0.17230343
0.21340318
0.39333403
0.58390800
0.00868616
0.10682802
0.06450870
0.46435146
0.00836063
0.95982055
0.34413832
0.08583391
0.31201019
0.34614488
0.16927334
0.93901681
0.09898770
0.05103476
0.22682879
0.02401178
0.18620231
0.05845731
0.01764335
0.26959418
0.15084114
0.00729442
0.37685991
0.01386311
0.18780169
0.55205557
0.27938390
0.25898402
0.00161255
0.32974572
0.99501313
0.14184292
0.12185206
0.04749788
0.35015419
0.29652395
0.51733707
0.01934644
0.00601012
0.09898770
0.42003789
0.26627197
0.23480789
0.64017063
0.59360811
0.17214389
0.34537328
0.00888404
0.08802462
0.34290287
0.28647125
0.33996672
0.01260923
0.18396365
0.64017063
0.04246112
0.00612232
0.19068116
0.01330853
0.01170127
0.35077056
0.24961599
0.00026362
0.56818624
0.49572932
0.42185296
0.05077963
0.00040585
0.12619432
0.45217020
0.12262602
0.19596158
0.30012875
0.46705636
0.02632977
0.57785552
0.00100840
0.07833234
0.41913011
0.51598623
0.12030611
0.00640685
0.64017063
0.13024315
0.60561167
0.74102745
0.19644167
0.53806433
0.48537538
0.08802462
0.10199100
0.30795069
0.55250731
0.09600071
0.06464495
0.05334757
0.33903893
0.03350859
0.09928731
0.27638685
0.35615873
0.05347692
0.64017063
0.20940392
0.15543611
0.08452503
0.25850822
0.39546436
0.00028967
0.15972281
0.10758715
0.03807219
0.99991380
0.03783942
0.18988124
0.39637701
0.05270214
0.07492257
0.64017063
0.25152312
0.13086739
0.03691307
0.50848282
0.46314907
0.26009398
0.00023877
0.31232224
0.29903208
0.23448894
0.18636224
0.09022651
0.41155860
0.28631392
0.36353373
0.51463547
0.00118603
0.26041105
0.64939466
0.55762897
0.20684386
0.18524281
0.15416752
0.00249638
0.19324119
0.23895244
0.09838897
0.01354507
0.44900926
0.26595541
0.28159051
0.13321129
0.64017063
0.22347452
0.16226656
0.15988172
0.23703999
0.01118475
0.04724818
0.09868825
0.64017063
0.73532258
0.00021512
0.12619432
0.38739339
0.23385098
0.48162308
0.89605945
0.23592406
0.49873011
0.95548061
0.02541337
0.21596202
0.61551516
0.00140578
0.75230352
0.01410362
0.66344771
0.00011513
0.02653502
0.59421507
0.00149275
0.50893297
0.46645533
0.08005007
0.65294059
0.01307370
0.64017063
0.31372604
0.00942105
0.22491226
0.61063640
0.33036614
0.22491226
0.23129843
0.53460742
0.23321295
0.45457770
0.47246429
0.00000782
0.31107387
0.00005724
0.49422890
0.30998112
0.40518887
0.00140578
0.00312859
0.14736252
0.04963625
0.64017063
0.41216477
0.01284060
0.15289968
0.02767420
0.03830543
0.17485683
0.36077004
0.57498313
0.04687438
0.00280423
0.00026362
0.23321295
0.15797544
0.51073366
0.45893957
0.00346925
0.53671149
0.64017063
0.17980792
0.04161902
0.30185129
0.52649529
0.10758715
0.13211688
0.35277293
0.74340705
0.07478126
0.27354506
0.39394281
0.03497020
0.01871186
0.09081552
0.02064006
0.01925528
0.14767848
0.01898281
0.41655714
0.45818767
0.41928142
0.35184892
0.02788318
0.03021876
0.48267378
0.59178776
0.94431989
0.19052118
0.53265400
0.19916230
0.20828394
0.48642592
0.00288378
0.19756192
0.09614966
0.47516743
0.03633799
0.07605527
0.00304596
0.43408848
0.88876824
0.11799227
0.31434975
0.07182848
0.07761911
0.10229220
0.17709223
0.29291497
0.23863375
0.29589660
0.02819771
0.45788690
0.06206913
0.09140528
0.06274431
0.52664547
0.21004388
0.27291322
0.02725795
0.00741656
0.64017063
0.13932624
0.20540368
0.13039918
0.35154085
0.29589660
0.12961926
0.24341190
0.22619001
0.24707179
0.27875317
0.33950286
0.10168996
0.26215447
0.06478127
0.21756097
0.26342189
0.28725777
0.15956391
0.19740188
0.64017063
0.10455597
0.86099939
0.15718160
0.01215173
0.09853859
0.35508181
0.64308339
0.22634971
0.09510794
0.05116246
0.46600453
0.11399684
0.38358040
0.35092463
0.32897001
0.64017063
0.98760784
0.04282366
0.87490429
0.09258704
0.07876099
0.29887538
0.07790423
0.73611439
0.43469202
0.53520854
0.19276116
0.12759409
0.31122994
0.14783649
0.33718253
0.42049172
0.31294623
0.18156580
0.22315498
0.01330853
0.03508350
0.01230345
0.22347452
0.36890106
0.55777966
0.07224857
0.28379563
0.13477645
0.64154592
0.64123851
0.29511224
0.14783649
0.73358120
0.00005140
0.19516144
0.31731059
0.33253664
0.00077870
0.12092417
0.90623899
0.45788690
0.32959059
0.63555664
0.00804049
0.33934823
0.11799227
0.38586866
0.44449130
0.27528199
0.47591821
0.74150325
0.43891508
0.38586866
0.76647956
0.42381856
0.38266470
0.29150162
0.14673077
0.04762288
0.44735300
0.49302853
0.14168550
0.14878479
0.51748717
0.35477406
0.30435508
0.11399684
0.25247636
0.42381856
0.19724185
0.46780760
0.02705068
0.10108835
0.64017063
0.00249638
0.12309070
0.03830543
0.34737906
0.56365948
0.05296004
0.50233101
0.26737972
0.07890399
0.00006339
0.20172294
0.00004587
0.58527085
0.43484289
0.42412090
0.31715483
0.46465204
0.04687438
0.05898868
0.29008764
0.14168550
0.03983280
0.30529348
0.47441660
0.51703688
0.01738010
0.31263425
0.44388869
0.26421381
0.19612161
0.64017063
0.16417592
0.11676080
0.37043303
0.02872472
0.14089865
0.43303215
0.23257485
0.64017063
0.60606819
0.29605345
0.08787822
0.31294623
0.00000064
0.30544985
0.24707179
0.10063756
0.04246112
0.13524638
0.64017063
0.47802022
0.26722149
0.32057975
0.27006853
0.18828156
0.12588352
0.69018631
0.12386568
0.51793747
0.04173899
0.01541453
0.12138800
0.64017063
0.43393759
0.12138800
0.00612232
0.05103476
0.20812393
0.64017063
0.64017063
0.00997146
0.52874814
0.09421673
0.28647125
0.07619713
0.19692178
0.00717316
0.22267565
0.44419000
0.17262252
0.20556370
0.30873179
0.00108284
0.17517611
0.44388869
0.64017063
0.42910693
0.17278208
0.71165280
0.04173899
0.36844134
0.14815253
0.01659978
0.00005724
0.23974908
0.35769655
0.26674676
0.12092417
0.24500353
0.11109011
0.40579591
0.32819411
0.09317902
0.02819771
0.02054659
0.60850390
0.26231292
0.08510623
0.21836034
0.26991042
0.00173672
0.05039765
0.20316326
0.01694483
0.22139728
0.64017063
0.01162689
0.34089422
0.41746540
0.41625435
0.35046239
0.23576462
0.39774560
0.64017063
0.26136211
0.10606977
0.03195865
0.35107870
0.47817035
0.43091890
0.01998921
0.01817452
0.02936173
0.24277510
0.01971274
0.79044766
0.40108911
0.35215695
0.01067805
0.58633111
0.06491767
0.00530339
0.45532990
0.14578359
0.42502780
0.64017063
0.64017063
0.43227751
0.00000064
0.53550911
0.05154613
0.01046392
0.00458687
0.64017063
0.34568194
0.12340061
0.57664590
0.06491767
0.64017063
0.38724094
0.09170044
0.42804967
0.01659978
0.00199803
0.31154207
0.27733358
0.30232091
0.43167372
0.22938327
0.19420129
0.39516010
0.00073619
0.69456146
0.01200079
0.34552762
0.08963827
0.33501532
0.09510794
0.04452825
0.30951268
0.29275796
0.27386093
0.51328479
0.10018711
0.05490573
0.18620231
0.32881485
0.40579591
0.50173086
0.02064006
0.08919760
0.01207616
0.72915247
0.14483694
0.01668578
0.06085872
0.02694726
0.17070835
0.02622736
0.80276973
0.37609542
0.34861275
0.58799773
0.51493564
0.45111670
0.32664170
0.00001020
0.19740188
0.41943272
0.02819771
0.27875317
0.18076670
0.55386268
0.14815253
0.30216438
0.35061648
0.16799825
0.67585503
0.00396388
0.14578359
0.06848952
0.99956331
0.22986212
0.59816236
0.44162842
0.59269784
0.64017063
0.44870815
0.44449130
0.11017459
0.00280423
0.19948238
0.34336622
0.15527749
0.13024315
0.02480909
0.25930118
0.17996771
0.00149275
0.48282388
0.66453134
0.09853859
0.64017063
0.27117508
0.04799847
0.09332713
0.00895043
0.24611733
0.46435146
0.40791987
0.45262166
0.15115770
0.07619713
0.05039765
0.06315034
0.19004122
0.18732185
0.71070955
0.33377623
0.38174877
0.01853207
0.00962589
0.06959816
0.99575717
0.08350997
0.00855531
0.23337247
0.64017063
0.64017063
0.27875317
0.03273045
0.01338719
0.33903893
0.00419861
0.09066819
0.01103897
0.70160609
0.39500796
0.23958976
0.27196525
0.74610569
0.00875191
0.23512681
0.55551959
0.31980170
0.49722972
0.04650148
0.15543611
0.42200419
0.11078480
0.64985695
0.14767848
0.05451499
0.06287957
0.31450565
0.04054426
0.56531889
0.40397454
0.66267391
0.02592101
0.16560876
0.01133133
0.03830543
0.87769484
0.00443945
0.01467134
0.28001451
0.46915972
0.28253575
0.33424095
0.16497186
0.00206604
0.24850309
0.31372604
0.01773145
0.53235351
0.56396116
0.06945934
0.64017063
0.64017063
0.36092364
0.02904261
0.16943275
0.39455150
0.99421550
0.00001291
0.05218744
0.23496735
0.01253249
0.00021512
0.12076962
0.02480909
0.04294472
0.09406835
0.01338719
0.04913057
0.29464153
0.18764174
0.56169894
0.19180113
0.45322357
0.33129654
0.11384358
0.77158609
0.01442691
0.18492301
0.13430669
0.14184292
0.07407566
0.49692964
0.46329938
0.32741800
0.07154876
0.04102082
0.07520537
0.11599207
0.00729442
0.27275525
0.04637738
0.08350997
0.06342140
0.18060690
0.57604120
0.02725795
0.38663110
0.06642290
0.18156580
0.40791987
0.09273496
0.00123930
0.31637590
0.21931949
0.21276338
0.22075802
0.00098415
0.07904705
0.42699221
0.19500141
0.42306265
0.09704425
0.58057822
0.59224277
0.09155283
0.34583627
0.16290288
0.54633591
0.10561525
0.50008044
0.26563882
0.01330853
0.13196062
0.04588202
0.42336503
0.15020818
0.01533123
0.65294059
0.36061643
0.64017063
0.34274840
0.30716940
0.07154876
0.04625339
0.33563468
0.60120125
0.35892629
0.64031647
0.29197281
0.04379516
0.00816790
0.29856196
0.17533576
0.71306819
0.84171843
0.43876431
0.66917983
0.47651881
0.64816222
0.14783649
0.01237960
0.00778829
0.29934546
0.06546400
0.34290287
0.64017063
0.43906585
0.24548091
0.22507199
0.25501722
0.34475586
0.35308088
0.01952926
0.06018904
0.00612232
0.04489621
0.09659676
0.11845454
0.00369035
0.13196062
0.64017063
0.10576672
0.43001299
0.27401886
0.18428342
0.12977520
0.24993390
0.14625711
0.00711287
0.00231245
0.00170527
0.33826557
0.11353714
0.64017063
0.55943753
0.43288123
0.64017063
0.01442691
0.38006897
0.03011115
0.07847517
0.42351621
0.52063948
0.54046984
0.19340121
0.17837003
0.50773256
0.53580969
0.09719349
0.17517611
0.07876099
0.64017063
0.00804049
0.54167282
0.42533006
0.10500973
0.23177712
0.16975161
0.00006986
0.09958709
0.02064006
0.31263425
0.21004388
0.41807082
0.11154830
0.01574958
0.39363843
0.32275723
0.28536979
0.14531019
0.47486710
0.54468097
0.27386093
0.19292117
0.56999793
0.05218744
0.23385098
0.54814167
0.15940502
0.62774058
0.05490573
0.68052084
0.00325444
0.34352066
0.14026948
0.53505826
0.06848952
0.37012669
0.25628704
0.03519693
0.00669708
0.67523346
0.53145207
0.00158219
0.00990193
0.03531049
0.28159051
0.17597440
0.29903208
0.21500253
0.40685802
0.00036005
0.30216438
0.07591346
0.01133133
0.11261855
0.00073619
0.23767755
0.02401178
0.22331475
0.24436694
0.32337908
0.64017063
0.88309649
0.05832467
0.00997146
0.64017063
0.03760712
0.13242947
0.20556370
0.02158365
0.29244392
0.54377842
0.22347452
0.19996250
0.04234050
0.03440553
0.41943272
0.19372124
0.04837496
0.65649051
0.08249755
0.48012197
0.46735686
0.11430347
0.14389084
0.08206447
0.16051747
0.01591819
0.14074134
0.49032760
0.33718253
0.16799825
0.47711939
