# NTRAJ	1000
0.000	0.00000000
0.001	0.03149752
0.002	0.04494621
0.003	0.05442649
0.004	0.06286803
0.005	0.07029890
0.006	0.07674405
0.007	0.08222639
0.008	0.08766904
0.009	0.09307247
0.010	0.09754477
0.011	0.10203364
0.012	0.10641220
0.013	0.11079498
0.014	0.11515590
0.015	0.11862395
0.016	0.12293426
0.017	0.12636313
0.018	0.12977287
0.019	0.13316315
0.020	0.13653600
0.021	0.13988902
0.022	0.14240348
0.023	0.14571434
0.024	0.14901938
0.025	0.15148440
0.026	0.15453464
0.027	0.15719887
0.028	0.15963854
0.029	0.16285064
0.030	0.16525862
0.031	0.16765594
0.032	0.17005003
0.033	0.17244841
0.034	0.17484415
0.035	0.17721866
0.036	0.17957044
0.037	0.18188312
0.038	0.18417758
0.039	0.18647251
0.040	0.18875789
0.041	0.19103836
0.042	0.19330774
0.043	0.19501535
0.044	0.19713151
0.045	0.19934764
0.046	0.20157435
0.047	0.20316128
0.048	0.20530265
0.049	0.20728674
0.050	0.20902706
0.051	0.21116336
0.052	0.21275985
0.053	0.21479757
0.054	0.21645107
0.055	0.21841009
0.056	0.22005165
0.057	0.22197830
0.058	0.22355828
0.059	0.22550359
0.060	0.22701082
0.061	0.22898371
0.062	0.23045601
0.063	0.23203072
0.064	0.23388325
0.065	0.23534859
0.066	0.23693216
0.067	0.23870345
0.068	0.24013881
0.069	0.24165500
0.070	0.24343907
0.071	0.24484082
0.072	0.24626980
0.073	0.24780355
0.074	0.24946703
0.075	0.25084208
0.076	0.25223378
0.077	0.25367575
0.078	0.25519840
0.079	0.25670407
0.080	0.25804802
0.081	0.25939304
0.082	0.26075819
0.083	0.26214324
0.084	0.26355066
0.085	0.26501553
0.086	0.26633646
0.087	0.26762095
0.088	0.26891509
0.089	0.27021758
0.090	0.27150103
0.091	0.27279549
0.092	0.27410437
0.093	0.27537518
0.094	0.27666051
0.095	0.27792209
0.096	0.27918095
0.097	0.28043214
0.098	0.28167644
0.099	0.28291493
0.100	0.28412511
0.101	0.28532211
0.102	0.28650095
0.103	0.28769040
0.104	0.28885953
0.105	0.29001781
0.106	0.29116731
0.107	0.29230498
0.108	0.29343591
0.109	0.29454786
0.110	0.29566300
0.111	0.29676707
0.112	0.29787799
0.113	0.29896982
0.114	0.30007180
0.115	0.30118016
0.116	0.30227429
0.117	0.30334091
0.118	0.30442076
0.119	0.30550139
0.120	0.30657519
0.121	0.30761343
0.122	0.30862200
0.123	0.30964529
0.124	0.31066284
0.125	0.31167806
0.126	0.31267978
0.127	0.31369568
0.128	0.31472966
0.129	0.31572423
0.130	0.31667814
0.131	0.31764770
0.132	0.31862264
0.133	0.31960269
0.134	0.32056690
0.135	0.32153892
0.136	0.32251168
0.137	0.32342747
0.138	0.32436438
0.139	0.32528643
0.140	0.32625683
0.141	0.32717793
0.142	0.32810356
0.143	0.32898391
0.144	0.32989834
0.145	0.33079182
0.146	0.33171440
0.147	0.33262036
0.148	0.33349384
0.149	0.33434036
0.150	0.33520663
0.151	0.33607376
0.152	0.33695316
0.153	0.33780971
0.154	0.33865490
0.155	0.33950743
0.156	0.34037497
0.157	0.34121034
0.158	0.34201888
0.159	0.34284138
0.160	0.34366548
0.161	0.34448786
0.162	0.34528520
0.163	0.34609771
0.164	0.34692957
0.165	0.34773296
0.166	0.34851995
0.167	0.34928961
0.168	0.35007637
0.169	0.35085953
0.170	0.35160183
0.171	0.35235851
0.172	0.35312953
0.173	0.35391022
0.174	0.35465413
0.175	0.35539227
0.176	0.35613468
0.177	0.35689833
0.178	0.35762043
0.179	0.35833359
0.180	0.35906227
0.181	0.35976983
0.182	0.36048350
0.183	0.36120360
0.184	0.36192887
0.185	0.36263616
0.186	0.36332399
0.187	0.36401501
0.188	0.36469998
0.189	0.36538505
0.190	0.36603973
0.191	0.36676381
0.192	0.36742470
0.193	0.36810549
0.194	0.36876983
0.195	0.36944181
0.196	0.37009284
0.197	0.37075059
0.198	0.37142604
0.199	0.37208645
0.200	0.37276344
0.201	0.37340249
0.202	0.37403667
0.203	0.37470220
0.204	0.37533577
0.205	0.37597118
0.206	0.37658957
0.207	0.37724927
0.208	0.37784648
0.209	0.37841868
0.210	0.37904316
0.211	0.37964451
0.212	0.38028299
0.213	0.38085491
0.214	0.38144064
0.215	0.38204133
0.216	0.38261904
0.217	0.38323844
0.218	0.38380515
0.219	0.38434909
0.220	0.38492238
0.221	0.38554071
0.222	0.38610300
0.223	0.38665299
0.224	0.38722554
0.225	0.38773098
0.226	0.38828592
0.227	0.38881076
0.228	0.38935245
0.229	0.38987186
0.230	0.39044971
0.231	0.39097436
0.232	0.39151934
0.233	0.39205643
0.234	0.39256366
0.235	0.39309086
0.236	0.39361530
0.237	0.39411099
0.238	0.39463837
0.239	0.39513631
0.240	0.39566274
0.241	0.39614485
0.242	0.39663770
0.243	0.39715822
0.244	0.39762467
0.245	0.39811980
0.246	0.39866489
0.247	0.39916641
0.248	0.39967940
0.249	0.40016491
0.250	0.40064675
0.251	0.40109098
0.252	0.40152823
0.253	0.40200279
0.254	0.40247389
0.255	0.40296541
0.256	0.40342954
0.257	0.40384768
0.258	0.40431496
0.259	0.40477077
0.260	0.40517008
0.261	0.40560153
0.262	0.40602102
0.263	0.40643008
0.264	0.40677699
0.265	0.40720109
0.266	0.40760897
0.267	0.40804949
0.268	0.40841183
0.269	0.40883548
0.270	0.40931431
0.271	0.40969888
0.272	0.41008865
0.273	0.41048799
0.274	0.41091495
0.275	0.41127904
0.276	0.41168471
0.277	0.41204757
0.278	0.41244101
0.279	0.41280454
0.280	0.41312524
0.281	0.41349560
0.282	0.41377866
0.283	0.41412432
0.284	0.41453130
0.285	0.41491518
0.286	0.41531416
0.287	0.41571544
0.288	0.41611548
0.289	0.41643094
0.290	0.41682070
0.291	0.41716713
0.292	0.41747938
0.293	0.41772883
0.294	0.41800780
0.295	0.41834020
0.296	0.41864002
0.297	0.41895578
0.298	0.41920478
0.299	0.41959004
0.300	0.41993179
0.301	0.42022030
0.302	0.42055785
0.303	0.42091852
0.304	0.42124043
0.305	0.42154073
0.306	0.42179114
0.307	0.42209824
0.308	0.42229871
0.309	0.42257602
0.310	0.42276554
0.311	0.42304622
0.312	0.42325790
0.313	0.42357125
0.314	0.42379779
0.315	0.42410296
0.316	0.42427403
0.317	0.42448251
0.318	0.42478592
0.319	0.42502022
0.320	0.42530280
0.321	0.42547957
0.322	0.42576227
0.323	0.42597014
0.324	0.42616669
0.325	0.42643483
0.326	0.42666739
0.327	0.42688351
0.328	0.42707516
0.329	0.42716275
0.330	0.42738155
0.331	0.42747179
0.332	0.42764588
0.333	0.42777224
0.334	0.42803570
0.335	0.42806705
0.336	0.42816798
0.337	0.42825615
0.338	0.42849620
0.339	0.42867288
0.340	0.42884866
0.341	0.42897158
0.342	0.42905093
0.343	0.42927588
0.344	0.42946113
0.345	0.42958403
0.346	0.42963024
0.347	0.42987012
0.348	0.43007423
0.349	0.43022383
0.350	0.43039127
0.351	0.43058546
0.352	0.43064910
0.353	0.43067171
0.354	0.43074091
0.355	0.43081685
0.356	0.43090223
0.357	0.43094082
0.358	0.43115559
0.359	0.43121684
0.360	0.43140249
0.361	0.43154968
0.362	0.43158775
0.363	0.43162627
0.364	0.43166756
0.365	0.43171739
0.366	0.43175304
0.367	0.43169147
0.368	0.43180097
0.369	0.43171866
0.370	0.43176569
0.371	0.43173885
0.372	0.43194705
0.373	0.43207055
0.374	0.43212737
0.375	0.43230038
0.376	0.43255542
0.377	0.43250853
0.378	0.43228161
0.379	0.43240420
0.380	0.43234067
0.381	0.43234992
0.382	0.43208869
0.383	0.43212561
0.384	0.43180564
0.385	0.43183886
0.386	0.43166243
0.387	0.43147828
0.388	0.43143315
0.389	0.43140709
0.390	0.43133366
0.391	0.43143838
0.392	0.43153269
0.393	0.43163757
0.394	0.43164667
0.395	0.43134018
0.396	0.43127967
0.397	0.43116747
0.398	0.43116237
0.399	0.43120754
0.400	0.43080773
0.401	0.43037478
0.402	0.43022417
0.403	0.43017671
0.404	0.42996769
0.405	0.42973201
0.406	0.42955408
0.407	0.42926418
0.408	0.42921782
0.409	0.42898196
0.410	0.42872159
0.411	0.42857771
0.412	0.42847093
0.413	0.42821563
0.414	0.42824982
0.415	0.42797550
0.416	0.42780579
0.417	0.42778142
0.418	0.42756031
0.419	0.42724675
0.420	0.42710570
0.421	0.42700783
0.422	0.42661068
0.423	0.42635189
0.424	0.42612174
0.425	0.42583512
0.426	0.42562846
0.427	0.42548885
0.428	0.42509413
0.429	0.42501488
0.430	0.42443151
0.431	0.42429661
0.432	0.42389526
0.433	0.42376631
0.434	0.42343373
0.435	0.42319544
0.436	0.42294614
0.437	0.42269275
0.438	0.42259845
0.439	0.42241087
0.440	0.42217875
0.441	0.42168804
0.442	0.42078069
0.443	0.41989984
0.444	0.41879086
0.445	0.41792597
0.446	0.41764937
0.447	0.41732084
0.448	0.41649098
0.449	0.41609249
0.450	0.41560401
0.451	0.41493595
0.452	0.41462627
0.453	0.41404106
0.454	0.41374223
0.455	0.41307156
0.456	0.41245833
0.457	0.41152854
0.458	0.41063934
0.459	0.41017263
0.460	0.40945811
0.461	0.40868724
0.462	0.40784583
0.463	0.40696075
0.464	0.40634484
0.465	0.40527138
0.466	0.40449911
0.467	0.40328087
0.468	0.40185696
0.469	0.40080097
0.470	0.39946486
0.471	0.39860723
0.472	0.39767553
0.473	0.39593124
0.474	0.39406310
0.475	0.39198085
0.476	0.39101951
0.477	0.38934624
0.478	0.38784158
0.479	0.38649388
0.480	0.38565962
0.481	0.38528369
0.482	0.38292255
0.483	0.38097837
0.484	0.37933586
0.485	0.37673953
0.486	0.37523717
0.487	0.37225051
0.488	0.37038431
0.489	0.36771428
0.490	0.36465625
0.491	0.36197570
0.492	0.35930564
0.493	0.35611924
0.494	0.35456639
0.495	0.35132877
0.496	0.34858898
0.497	0.34711383
0.498	0.34409556
0.499	0.34150794
0.501	0.33923690
0.502	0.33555126
0.503	0.33008316
0.504	0.32830449
0.505	0.32420043
0.506	0.32095819
0.507	0.31660650
0.508	0.31322292
0.509	0.31017798
0.510	0.30600560
0.511	0.30263422
0.512	0.29813485
0.513	0.29420245
0.514	0.29026414
0.515	0.28617893
0.516	0.28043987
0.517	0.27484323
0.518	0.26728603
0.519	0.25768812
0.520	0.24997926
0.521	0.24301053
0.522	0.23063501
0.523	0.22115039
0.524	0.20702751
0.525	0.19705234
0.526	0.18358957
0.527	0.17019060
0.528	0.15225073
0.529	0.12448831
0.530	0.10301489
0.531	0.07389860
0.532	0.04306892
0.533	0.02773651
0.534	0.02773651
0.535	0.02773651
0.536	0.02773651
0.537	0.02773651
0.538	0.02773651
0.539	0.02773651
0.540	0.02773651
0.541	0.02773651
0.542	0.02773651
0.543	0.02773651
0.544	0.02773651
0.545	0.02773651
0.546	0.02773651
0.547	0.02773651
0.548	0.02773651
0.549	0.02773651
0.550	0.02773651
0.551	0.02773651
0.552	0.02773651
0.553	0.02773651
0.554	0.02773651
0.555	0.02773651
0.556	0.02773651
0.557	0.02773651
0.558	0.02773651
0.559	0.02773651
0.560	0.02773651
0.561	0.02773651
0.562	0.02773651
0.563	0.02773651
0.564	0.02773651
0.565	0.02773651
0.566	0.02773651
0.567	0.02773651
0.568	0.02773651
0.569	0.02773651
0.570	0.02773651
0.571	0.02773651
0.572	0.02773651
0.573	0.02773651
0.574	0.02773651
0.575	0.02773651
0.576	0.02773651
0.577	0.02773651
0.578	0.02773651
0.579	0.02773651
0.580	0.02773651
0.581	0.02773651
0.582	0.02773651
0.583	0.02773651
0.584	0.02773651
0.585	0.02773651
0.586	0.02773651
0.587	0.02773651
0.588	0.02773651
0.589	0.02773651
0.590	0.02773651
0.591	0.02773651
0.592	0.02773651
0.593	0.02773651
0.594	0.02773651
0.595	0.02773651
0.596	0.02773651
0.597	0.02773651
0.598	0.02773651
0.599	0.02773651
0.600	0.02773651
0.601	0.02773651
0.602	0.02773651
0.603	0.02773651
0.604	0.02773651
0.605	0.02773651
0.606	0.02773651
0.607	0.02773651
0.608	0.02773651
0.609	0.02773651
0.610	0.02773651
0.611	0.02773651
0.612	0.02773651
0.613	0.02773651
0.614	0.02773651
0.615	0.02773651
0.616	0.02773651
0.617	0.02773651
0.618	0.02773651
0.619	0.02773651
0.620	0.02773651
0.621	0.02773651
0.622	0.02773651
0.623	0.02773651
0.624	0.02773651
0.625	0.02773651
0.626	0.02773651
0.627	0.02773651
0.628	0.02773651
0.629	0.02773651
0.630	0.02773651
0.631	0.02773651
0.632	0.02773651
0.633	0.02773651
0.634	0.02773651
0.635	0.02773651
0.636	0.02773651
0.637	0.02773651
0.638	0.02773651
0.639	0.02773651
0.640	0.02773651
0.641	0.02773651
0.642	0.02773651
0.643	0.02773651
0.644	0.02773651
0.645	0.02773651
0.646	0.02773651
0.647	0.02773651
0.648	0.02773651
0.649	0.02773651
0.650	0.02773651
0.651	0.02773651
0.652	0.02773651
0.653	0.02773651
0.654	0.02773651
0.655	0.02773651
0.656	0.02773651
0.657	0.02773651
0.658	0.02773651
0.659	0.02773651
0.660	0.02773651
0.661	0.02773651
0.662	0.02773651
0.663	0.02773651
0.664	0.02773651
0.665	0.02773651
0.666	0.02773651
0.667	0.02773651
0.668	0.02773651
0.669	0.02773651
0.670	0.02773651
0.671	0.02773651
0.672	0.02773651
0.673	0.02773651
0.674	0.02773651
0.675	0.02773651
0.676	0.02773651
0.677	0.02773651
0.678	0.02773651
0.679	0.02773651
0.680	0.02773651
0.681	0.02773651
0.682	0.02773651
0.683	0.02773651
0.684	0.02773651
0.685	0.02773651
0.686	0.02773651
0.687	0.02773651
0.688	0.02773651
0.689	0.02773651
0.690	0.02773651
0.691	0.02773651
0.692	0.02773651
0.693	0.02773651
0.694	0.02773651
0.695	0.02773651
0.696	0.02773651
0.697	0.02773651
0.698	0.02773651
0.699	0.02773651
0.700	0.02773651
0.701	0.02773651
0.702	0.02773651
0.703	0.02773651
0.704	0.02773651
0.705	0.02773651
0.706	0.02773651
0.707	0.02773651
0.708	0.02773651
0.709	0.02773651
0.710	0.02773651
0.711	0.02773651
0.712	0.02773651
0.713	0.02773651
0.714	0.02773651
0.715	0.02773651
0.716	0.02773651
0.717	0.02773651
0.718	0.02773651
0.719	0.02773651
0.720	0.02773651
0.721	0.02773651
0.722	0.02773651
0.723	0.02773651
0.724	0.02773651
0.725	0.02773651
0.726	0.02773651
0.727	0.02773651
0.728	0.02773651
0.729	0.02773651
0.730	0.02773651
0.731	0.02773651
0.732	0.02773651
0.733	0.02773651
0.734	0.02773651
0.735	0.02773651
0.736	0.02773651
0.737	0.02773651
0.738	0.02773651
0.739	0.02773651
0.740	0.02773651
0.741	0.02773651
0.742	0.02773651
0.743	0.02773651
0.744	0.02773651
0.745	0.02773651
0.746	0.02773651
0.747	0.02773651
0.748	0.02773651
0.749	0.02773651
0.750	0.02773651
0.751	0.02773651
0.752	0.02773651
0.753	0.02773651
0.754	0.02773651
0.755	0.02773651
0.756	0.02773651
0.757	0.02773651
0.758	0.02773651
0.759	0.02773651
0.760	0.02773651
0.761	0.02773651
0.762	0.02773651
0.763	0.02773651
0.764	0.02773651
0.765	0.02773651
0.766	0.02773651
0.767	0.02773651
0.768	0.02773651
0.769	0.02773651
0.770	0.02773651
0.771	0.02773651
0.772	0.02773651
0.773	0.02773651
0.774	0.02773651
0.775	0.02773651
0.776	0.02773651
0.777	0.02773651
0.778	0.02773651
0.779	0.02773651
0.780	0.02773651
0.781	0.02773651
0.782	0.02773651
0.783	0.02773651
0.784	0.02773651
0.785	0.02773651
0.786	0.02773651
0.787	0.02773651
0.788	0.02773651
0.789	0.02773651
0.790	0.02773651
0.791	0.02773651
0.792	0.02773651
0.793	0.02773651
0.794	0.02773651
0.795	0.02773651
0.796	0.02773651
0.797	0.02773651
0.798	0.02773651
0.799	0.02773651
0.800	0.02773651
0.801	0.02773651
0.802	0.02773651
0.803	0.02773651
0.804	0.02773651
0.805	0.02773651
0.806	0.02773651
0.807	0.02773651
0.808	0.02773651
0.809	0.02773651
0.810	0.02773651
0.811	0.02773651
0.812	0.02773651
0.813	0.02773651
0.814	0.02773651
0.815	0.02773651
0.816	0.02773651
0.817	0.02773651
0.818	0.02773651
0.819	0.02773651
0.820	0.02773651
0.821	0.02773651
0.822	0.02773651
0.823	0.02773651
0.824	0.02773651
0.825	0.02773651
0.826	0.02773651
0.827	0.02773651
0.828	0.02773651
0.829	0.02773651
0.830	0.02773651
0.831	0.02773651
0.832	0.02773651
0.833	0.02773651
0.834	0.02773651
0.835	0.02773651
0.836	0.02773651
0.837	0.02773651
0.838	0.02773651
0.839	0.02773651
0.840	0.02773651
0.841	0.02773651
0.842	0.02773651
0.843	0.02773651
0.844	0.02773651
0.845	0.02773651
0.846	0.02773651
0.847	0.02773651
0.848	0.02773651
0.849	0.02773651
0.850	0.02773651
0.851	0.02773651
0.852	0.02773651
0.853	0.02773651
0.854	0.02773651
0.855	0.02773651
0.856	0.02773651
0.857	0.02773651
0.858	0.02773651
0.859	0.02773651
0.860	0.02773651
0.861	0.02773651
0.862	0.02773651
0.863	0.02773651
0.864	0.02773651
0.865	0.02773651
0.866	0.02773651
0.867	0.02773651
0.868	0.02773651
0.869	0.02773651
0.870	0.02773651
0.871	0.02773651
0.872	0.02773651
0.873	0.02773651
0.874	0.02773651
0.875	0.02773651
0.876	0.02773651
0.877	0.02773651
0.878	0.02773651
0.879	0.02773651
0.880	0.02773651
0.881	0.02773651
0.882	0.02773651
0.883	0.02773651
0.884	0.02773651
0.885	0.02773651
0.886	0.02773651
0.887	0.02773651
0.888	0.02773651
0.889	0.02773651
0.890	0.02773651
0.891	0.02773651
0.892	0.02773651
0.893	0.02773651
0.894	0.02773651
0.895	0.02773651
0.896	0.02773651
0.897	0.02773651
0.898	0.02773651
0.899	0.02773651
0.900	0.02773651
0.901	0.02773651
0.902	0.02773651
0.903	0.02773651
0.904	0.02773651
0.905	0.02773651
0.906	0.02773651
0.907	0.02773651
0.908	0.02773651
0.909	0.02773651
0.910	0.02773651
0.911	0.02773651
0.912	0.02773651
0.913	0.02773651
0.914	0.02773651
0.915	0.02773651
0.916	0.02773651
0.917	0.02773651
0.918	0.02773651
0.919	0.02773651
0.920	0.02773651
0.921	0.02773651
0.922	0.02773651
0.923	0.02773651
0.924	0.02773651
0.925	0.02773651
0.926	0.02773651
0.927	0.02773651
0.928	0.02773651
0.929	0.02773651
0.930	0.02773651
0.931	0.02773651
0.932	0.02773651
0.933	0.02773651
0.934	0.02773651
0.935	0.02773651
0.936	0.02773651
0.937	0.02773651
0.938	0.02773651
0.939	0.02773651
0.940	0.02773651
0.941	0.02773651
0.942	0.02773651
0.943	0.02773651
0.944	0.02773651
0.945	0.02773651
0.946	0.02773651
0.947	0.02773651
0.948	0.02773651
0.949	0.02773651
0.950	0.02773651
0.951	0.02773651
0.952	0.02773651
0.953	0.02773651
0.954	0.02773651
0.955	0.02773651
0.956	0.02773651
0.957	0.02773651
0.958	0.02773651
0.959	0.02773651
0.960	0.02773651
0.961	0.02773651
0.962	0.02773651
0.963	0.02773651
0.964	0.02773651
0.965	0.02773651
0.966	0.02773651
0.967	0.02773651
0.968	0.02773651
0.969	0.02773651
0.970	0.02773651
0.971	0.02773651
0.972	0.02773651
0.973	0.02773651
0.974	0.02773651
0.975	0.02773651
0.976	0.02773651
0.977	0.02773651
0.978	0.02773651
0.979	0.02773651
0.980	0.02773651
0.981	0.02773651
0.982	0.02773651
0.983	0.02773651
0.984	0.02773651
0.985	0.02773651
0.986	0.02773651
0.987	0.02773651
0.988	0.02773651
0.989	0.02773651
0.990	0.02773651
0.991	0.02773651
0.992	0.02773651
0.993	0.02773651
0.994	0.02773651
0.995	0.02773651
0.996	0.02773651
0.997	0.02773651
0.998	0.02773651
0.999	0.02773651
1.000	0.02773651
