# NTRAJ	1000
0.000	0.00000000
0.001	0.03149940
0.002	0.04494052
0.003	0.05441056
0.004	0.06279314
0.005	0.06990448
0.006	0.07639740
0.007	0.08230174
0.008	0.08780233
0.009	0.09295138
0.010	0.09782404
0.011	0.10241021
0.012	0.10681174
0.013	0.11097077
0.014	0.11501848
0.015	0.11887519
0.016	0.12261246
0.017	0.12622958
0.018	0.12975880
0.019	0.13313855
0.020	0.13643415
0.021	0.13961802
0.022	0.14272910
0.023	0.14575753
0.024	0.14869050
0.025	0.15160483
0.026	0.15444020
0.027	0.15717688
0.028	0.15989985
0.029	0.16262055
0.030	0.16519636
0.031	0.16777004
0.032	0.17032096
0.033	0.17275510
0.034	0.17515469
0.035	0.17751561
0.036	0.17985394
0.037	0.18215660
0.038	0.18441237
0.039	0.18663644
0.040	0.18888736
0.041	0.19104037
0.042	0.19322793
0.043	0.19538507
0.044	0.19747211
0.045	0.19955861
0.046	0.20161855
0.047	0.20361765
0.048	0.20559466
0.049	0.20755602
0.050	0.20947683
0.051	0.21142002
0.052	0.21325818
0.053	0.21505828
0.054	0.21696214
0.055	0.21885581
0.056	0.22059983
0.057	0.22238550
0.058	0.22411394
0.059	0.22583225
0.060	0.22762230
0.061	0.22932990
0.062	0.23102591
0.063	0.23267821
0.064	0.23433642
0.065	0.23597665
0.066	0.23766108
0.067	0.23923092
0.068	0.24078140
0.069	0.24237258
0.070	0.24397817
0.071	0.24548469
0.072	0.24697888
0.073	0.24857030
0.074	0.25003732
0.075	0.25160096
0.076	0.25305902
0.077	0.25450185
0.078	0.25600912
0.079	0.25750959
0.080	0.25889520
0.081	0.26039695
0.082	0.26182054
0.083	0.26311054
0.084	0.26439551
0.085	0.26577706
0.086	0.26704489
0.087	0.26845384
0.088	0.26986025
0.089	0.27109626
0.090	0.27244256
0.091	0.27380120
0.092	0.27504158
0.093	0.27632280
0.094	0.27761422
0.095	0.27881071
0.096	0.28015386
0.097	0.28134395
0.098	0.28261040
0.099	0.28372894
0.100	0.28492958
0.101	0.28618668
0.102	0.28739625
0.103	0.28858506
0.104	0.28979627
0.105	0.29095057
0.106	0.29206791
0.107	0.29322302
0.108	0.29443171
0.109	0.29545244
0.110	0.29651438
0.111	0.29762776
0.112	0.29865485
0.113	0.29972880
0.114	0.30071618
0.115	0.30175469
0.116	0.30282002
0.117	0.30403990
0.118	0.30512606
0.119	0.30612124
0.120	0.30715855
0.121	0.30824039
0.122	0.30924053
0.123	0.31033812
0.124	0.31148416
0.125	0.31260355
0.126	0.31350436
0.127	0.31448164
0.128	0.31562037
0.129	0.31656033
0.130	0.31751859
0.131	0.31840377
0.132	0.31949867
0.133	0.32054152
0.134	0.32150618
0.135	0.32236003
0.136	0.32333231
0.137	0.32420012
0.138	0.32516640
0.139	0.32629132
0.140	0.32699111
0.141	0.32793556
0.142	0.32903753
0.143	0.33002826
0.144	0.33077809
0.145	0.33154993
0.146	0.33243910
0.147	0.33358708
0.148	0.33447157
0.149	0.33524475
0.150	0.33620354
0.151	0.33704982
0.152	0.33784747
0.153	0.33883629
0.154	0.33971154
0.155	0.34050559
0.156	0.34135077
0.157	0.34204316
0.158	0.34299795
0.159	0.34403622
0.160	0.34480125
0.161	0.34564869
0.162	0.34645212
0.163	0.34725347
0.164	0.34795379
0.165	0.34869531
0.166	0.34954753
0.167	0.35050108
0.168	0.35131752
0.169	0.35190609
0.170	0.35287865
0.171	0.35353902
0.172	0.35437025
0.173	0.35515781
0.174	0.35592791
0.175	0.35661259
0.176	0.35748413
0.177	0.35823206
0.178	0.35893815
0.179	0.35980027
0.180	0.36062018
0.181	0.36113478
0.182	0.36189583
0.183	0.36263953
0.184	0.36311384
0.185	0.36386498
0.186	0.36461925
0.187	0.36528886
0.188	0.36588569
0.189	0.36666197
0.190	0.36732350
0.191	0.36794253
0.192	0.36874396
0.193	0.36925790
0.194	0.36996064
0.195	0.37057217
0.196	0.37144256
0.197	0.37220949
0.198	0.37295682
0.199	0.37366478
0.200	0.37441171
0.201	0.37490838
0.202	0.37559775
0.203	0.37632546
0.204	0.37714892
0.205	0.37775837
0.206	0.37856624
0.207	0.37894302
0.208	0.37960695
0.209	0.38011362
0.210	0.38068111
0.211	0.38145552
0.212	0.38215882
0.213	0.38293089
0.214	0.38362903
0.215	0.38412215
0.216	0.38476736
0.217	0.38563939
0.218	0.38614081
0.219	0.38673431
0.220	0.38740244
0.221	0.38797809
0.222	0.38841881
0.223	0.38894824
0.224	0.38943403
0.225	0.39000180
0.226	0.39040356
0.227	0.39085753
0.228	0.39137878
0.229	0.39191064
0.230	0.39237220
0.231	0.39304043
0.232	0.39345134
0.233	0.39369160
0.234	0.39405579
0.235	0.39468461
0.236	0.39520512
0.237	0.39586856
0.238	0.39627921
0.239	0.39692375
0.240	0.39761035
0.241	0.39813577
0.242	0.39871198
0.243	0.39930565
0.244	0.40004080
0.245	0.40055173
0.246	0.40103117
0.247	0.40184524
0.248	0.40256811
0.249	0.40310175
0.250	0.40353610
0.251	0.40384575
0.252	0.40412069
0.253	0.40451053
0.254	0.40512571
0.255	0.40570408
0.256	0.40596495
0.257	0.40676211
0.258	0.40703854
0.259	0.40773805
0.260	0.40813169
0.261	0.40861064
0.262	0.40887222
0.263	0.40947781
0.264	0.41002804
0.265	0.41058743
0.266	0.41102605
0.267	0.41169048
0.268	0.41202899
0.269	0.41236258
0.270	0.41273918
0.271	0.41341082
0.272	0.41378624
0.273	0.41429607
0.274	0.41503231
0.275	0.41557828
0.276	0.41600099
0.277	0.41669297
0.278	0.41717479
0.279	0.41761647
0.280	0.41832365
0.281	0.41885029
0.282	0.41918058
0.283	0.41988663
0.284	0.42041721
0.285	0.42099192
0.286	0.42137723
0.287	0.42157623
0.288	0.42199824
0.289	0.42235468
0.290	0.42298701
0.291	0.42355281
0.292	0.42398175
0.293	0.42434739
0.294	0.42471917
0.295	0.42509113
0.296	0.42557518
0.297	0.42595175
0.298	0.42639569
0.299	0.42677620
0.300	0.42722473
0.301	0.42763666
0.302	0.42798943
0.303	0.42848152
0.304	0.42898973
0.305	0.42940768
0.306	0.42982320
0.307	0.43016020
0.308	0.43064684
0.309	0.43130241
0.310	0.43171089
0.311	0.43200175
0.312	0.43228497
0.313	0.43261286
0.314	0.43294132
0.315	0.43330029
0.316	0.43348163
0.317	0.43389544
0.318	0.43443902
0.319	0.43483137
0.320	0.43509973
0.321	0.43539147
0.322	0.43568133
0.323	0.43585057
0.324	0.43630860
0.325	0.43644558
0.326	0.43665066
0.327	0.43656457
0.328	0.43663803
0.329	0.43704315
0.330	0.43747123
0.331	0.43774165
0.332	0.43788615
0.333	0.43805886
0.334	0.43823888
0.335	0.43861097
0.336	0.43893903
0.337	0.43890910
0.338	0.43919921
0.339	0.43951289
0.340	0.43993432
0.341	0.44055317
0.342	0.44056162
0.343	0.44096813
0.344	0.44124114
0.345	0.44183793
0.346	0.44204191
0.347	0.44245258
0.348	0.44247899
0.349	0.44264725
0.350	0.44281283
0.351	0.44304302
0.352	0.44339929
0.353	0.44382054
0.354	0.44410740
0.355	0.44447539
0.356	0.44429872
0.357	0.44442599
0.358	0.44472893
0.359	0.44523103
0.360	0.44564066
0.361	0.44566999
0.362	0.44522209
0.363	0.44536775
0.364	0.44546887
0.365	0.44560683
0.366	0.44531279
0.367	0.44540429
0.368	0.44574641
0.369	0.44602636
0.370	0.44601450
0.371	0.44593240
0.372	0.44554084
0.373	0.44546811
0.374	0.44589452
0.375	0.44607694
0.376	0.44615943
0.377	0.44643701
0.378	0.44645023
0.379	0.44653948
0.380	0.44644531
0.381	0.44644887
0.382	0.44646688
0.383	0.44656273
0.384	0.44656449
0.385	0.44664116
0.386	0.44691568
0.387	0.44698413
0.388	0.44730228
0.389	0.44777217
0.390	0.44795150
0.391	0.44810494
0.392	0.44803911
0.393	0.44831424
0.394	0.44836782
0.395	0.44862181
0.396	0.44866365
0.397	0.44853987
0.398	0.44862990
0.399	0.44829820
0.400	0.44824764
0.401	0.44835515
0.402	0.44817450
0.403	0.44810138
0.404	0.44841230
0.405	0.44866683
0.406	0.44830204
0.407	0.44825457
0.408	0.44851191
0.409	0.44865102
0.410	0.44870212
0.411	0.44852833
0.412	0.44812926
0.413	0.44799745
0.414	0.44777728
0.415	0.44772086
0.416	0.44789019
0.417	0.44784457
0.418	0.44791078
0.419	0.44780346
0.420	0.44802513
0.421	0.44839283
0.422	0.44868213
0.423	0.44870939
0.424	0.44882567
0.425	0.44802454
0.426	0.44809794
0.427	0.44792334
0.428	0.44798692
0.429	0.44762293
0.430	0.44785042
0.431	0.44808354
0.432	0.44842565
0.433	0.44888122
0.434	0.44848914
0.435	0.44823719
0.436	0.44816851
0.437	0.44802422
0.438	0.44775591
0.439	0.44784382
0.440	0.44817197
0.441	0.44808464
0.442	0.44798505
0.443	0.44796490
0.444	0.44792157
0.445	0.44786464
0.446	0.44794136
0.447	0.44754282
0.448	0.44684578
0.449	0.44630400
0.450	0.44552592
0.451	0.44529331
0.452	0.44497147
0.453	0.44503595
0.454	0.44484177
0.455	0.44461468
0.456	0.44431056
0.457	0.44421355
0.458	0.44398623
0.459	0.44399968
0.460	0.44382774
0.461	0.44350400
0.462	0.44332817
0.463	0.44311315
0.464	0.44202825
0.465	0.44213667
0.466	0.44207981
0.467	0.44175859
0.468	0.44156912
0.469	0.44134426
0.470	0.44141706
0.471	0.44108696
0.472	0.44070256
0.473	0.44004631
0.474	0.43958013
0.475	0.43933515
0.476	0.43937506
0.477	0.43910697
0.478	0.43842993
0.479	0.43749711
0.480	0.43674345
0.481	0.43657066
0.482	0.43551978
0.483	0.43545151
0.484	0.43524088
0.485	0.43388174
0.486	0.43346094
0.487	0.43313004
0.488	0.43238406
0.489	0.43203536
0.490	0.43179388
0.491	0.43098697
0.492	0.43080335
0.493	0.42962420
0.494	0.42960231
0.495	0.42922494
0.496	0.42821224
0.497	0.42730021
0.498	0.42680317
0.499	0.42546452
0.501	0.42393206
0.502	0.42293328
0.503	0.42250628
0.504	0.42176302
0.505	0.42111135
0.506	0.42056000
0.507	0.41951963
0.508	0.41842744
0.509	0.41756857
0.510	0.41667339
0.511	0.41631855
0.512	0.41507681
0.513	0.41298206
0.514	0.41179975
0.515	0.41041512
0.516	0.40752864
0.517	0.40674716
0.518	0.40602871
0.519	0.40511502
0.520	0.40408832
0.521	0.40188239
0.522	0.40112046
0.523	0.40001826
0.524	0.39833921
0.525	0.39403982
0.526	0.39286278
0.527	0.39083113
0.528	0.38909849
0.529	0.38763893
0.530	0.38714242
0.531	0.38541855
0.532	0.38325761
0.533	0.37966487
0.534	0.37742041
0.535	0.37474914
0.536	0.37274289
0.537	0.36969441
0.538	0.36745743
0.539	0.36243992
0.540	0.35898183
0.541	0.35663874
0.542	0.35344962
0.543	0.35029037
0.544	0.34508125
0.545	0.34013348
0.546	0.33457895
0.547	0.33172686
0.548	0.32854699
0.549	0.32457659
0.550	0.31768936
0.551	0.31094971
0.552	0.30463958
0.553	0.30002073
0.554	0.29555827
0.555	0.29024212
0.556	0.28483028
0.557	0.28182222
0.558	0.27820357
0.559	0.27424876
0.560	0.27127518
0.561	0.26895430
0.562	0.26286388
0.563	0.25951972
0.564	0.25587779
0.565	0.25211648
0.566	0.24611055
0.567	0.24366251
0.568	0.24118197
0.569	0.23571823
0.570	0.23100264
0.571	0.22587850
0.572	0.21933630
0.573	0.21622499
0.574	0.21166882
0.575	0.20557655
0.576	0.20007565
0.577	0.19503370
0.578	0.18897348
0.579	0.18442834
0.580	0.18024522
0.581	0.17639223
0.582	0.16850899
0.583	0.16284066
0.584	0.15934606
0.585	0.15457457
0.586	0.15121437
0.587	0.14602932
0.588	0.14103311
0.589	0.13562001
0.590	0.13137678
0.591	0.12858323
0.592	0.12537500
0.593	0.12120130
0.594	0.11825032
0.595	0.11650764
0.596	0.11167124
0.597	0.10973332
0.598	0.10674204
0.599	0.10367673
0.600	0.10045905
0.601	0.09729403
0.602	0.09246386
0.603	0.08705867
0.604	0.08333380
0.605	0.07974951
0.606	0.07724928
0.607	0.07548162
0.608	0.07420181
0.609	0.07291890
0.610	0.06999510
0.611	0.06812830
0.612	0.06666253
0.613	0.06579312
0.614	0.06409380
0.615	0.06207924
0.616	0.06053557
0.617	0.05851660
0.618	0.05730929
0.619	0.05733444
0.620	0.05499296
0.621	0.05304582
0.622	0.05137689
0.623	0.05085551
0.624	0.05026997
0.625	0.04755679
0.626	0.04619299
0.627	0.04395634
0.628	0.04034073
0.629	0.03867267
0.630	0.03805877
0.631	0.03752696
0.632	0.03541350
0.633	0.03486976
0.634	0.03359050
0.635	0.03308612
0.636	0.03309101
0.637	0.03309101
0.638	0.03194805
0.639	0.03194472
0.640	0.03193421
0.641	0.03138880
0.642	0.03139374
0.643	0.03028251
0.644	0.03028251
0.645	0.02967830
0.646	0.02967830
0.647	0.02968030
0.648	0.02968206
0.649	0.02965338
0.650	0.02965525
0.651	0.02911517
0.652	0.02859297
0.653	0.02859503
0.654	0.02859577
0.655	0.02859577
0.656	0.02859741
0.657	0.02812680
0.658	0.02812747
0.659	0.02812747
0.660	0.02813091
0.661	0.02813091
0.662	0.02813091
0.663	0.02813091
0.664	0.02745275
0.665	0.02745275
0.666	0.02745275
0.667	0.02745275
0.668	0.02745275
0.669	0.02745275
0.670	0.02745275
0.671	0.02745275
0.672	0.02745275
0.673	0.02745275
0.674	0.02745275
0.675	0.02745275
0.676	0.02745275
0.677	0.02745275
0.678	0.02745275
0.679	0.02745275
0.680	0.02745275
0.681	0.02745275
0.682	0.02745275
0.683	0.02745275
0.684	0.02745275
0.685	0.02745275
0.686	0.02745275
0.687	0.02745275
0.688	0.02745275
0.689	0.02745275
0.690	0.02745275
0.691	0.02745275
0.692	0.02745275
0.693	0.02745275
0.694	0.02745275
0.695	0.02745275
0.696	0.02745275
0.697	0.02745275
0.698	0.02745275
0.699	0.02745275
0.700	0.02745275
0.701	0.02745275
0.702	0.02745275
0.703	0.02745275
0.704	0.02745275
0.705	0.02745275
0.706	0.02745275
0.707	0.02745275
0.708	0.02745275
0.709	0.02745275
0.710	0.02745275
0.711	0.02745275
0.712	0.02745275
0.713	0.02745275
0.714	0.02745275
0.715	0.02745275
0.716	0.02745275
0.717	0.02745275
0.718	0.02745275
0.719	0.02745275
0.720	0.02745275
0.721	0.02745275
0.722	0.02745275
0.723	0.02745275
0.724	0.02745275
0.725	0.02745275
0.726	0.02745275
0.727	0.02745275
0.728	0.02745275
0.729	0.02745275
0.730	0.02745275
0.731	0.02745275
0.732	0.02745275
0.733	0.02745275
0.734	0.02745275
0.735	0.02745275
0.736	0.02745275
0.737	0.02745275
0.738	0.02745275
0.739	0.02745275
0.740	0.02745275
0.741	0.02745275
0.742	0.02745275
0.743	0.02745275
0.744	0.02745275
0.745	0.02745275
0.746	0.02745275
0.747	0.02745275
0.748	0.02745275
0.749	0.02745275
0.750	0.02745275
0.751	0.02745275
0.752	0.02745275
0.753	0.02745275
0.754	0.02745275
0.755	0.02745275
0.756	0.02745275
0.757	0.02745275
0.758	0.02745275
0.759	0.02745275
0.760	0.02745275
0.761	0.02745275
0.762	0.02745275
0.763	0.02745275
0.764	0.02745275
0.765	0.02745275
0.766	0.02745275
0.767	0.02745275
0.768	0.02745275
0.769	0.02745275
0.770	0.02745275
0.771	0.02745275
0.772	0.02745275
0.773	0.02745275
0.774	0.02745275
0.775	0.02745275
0.776	0.02745275
0.777	0.02745275
0.778	0.02745275
0.779	0.02745275
0.780	0.02745275
0.781	0.02745275
0.782	0.02745275
0.783	0.02745275
0.784	0.02745275
0.785	0.02745275
0.786	0.02745275
0.787	0.02745275
0.788	0.02745275
0.789	0.02745275
0.790	0.02745275
0.791	0.02745275
0.792	0.02745275
0.793	0.02745275
0.794	0.02745275
0.795	0.02745275
0.796	0.02745275
0.797	0.02745275
0.798	0.02745275
0.799	0.02745275
0.800	0.02745275
0.801	0.02745275
0.802	0.02745275
0.803	0.02745275
0.804	0.02745275
0.805	0.02745275
0.806	0.02745275
0.807	0.02745275
0.808	0.02745275
0.809	0.02745275
0.810	0.02745275
0.811	0.02745275
0.812	0.02745275
0.813	0.02745275
0.814	0.02745275
0.815	0.02745275
0.816	0.02745275
0.817	0.02745275
0.818	0.02745275
0.819	0.02745275
0.820	0.02745275
0.821	0.02745275
0.822	0.02745275
0.823	0.02745275
0.824	0.02745275
0.825	0.02745275
0.826	0.02745275
0.827	0.02745275
0.828	0.02745275
0.829	0.02745275
0.830	0.02745275
0.831	0.02745275
0.832	0.02745275
0.833	0.02745275
0.834	0.02745275
0.835	0.02745275
0.836	0.02745275
0.837	0.02745275
0.838	0.02745275
0.839	0.02745275
0.840	0.02745275
0.841	0.02745275
0.842	0.02745275
0.843	0.02745275
0.844	0.02745275
0.845	0.02745275
0.846	0.02745275
0.847	0.02745275
0.848	0.02745275
0.849	0.02745275
0.850	0.02745275
0.851	0.02745275
0.852	0.02745275
0.853	0.02745275
0.854	0.02745275
0.855	0.02745275
0.856	0.02745275
0.857	0.02745275
0.858	0.02745275
0.859	0.02745275
0.860	0.02745275
0.861	0.02745275
0.862	0.02745275
0.863	0.02745275
0.864	0.02745275
0.865	0.02745275
0.866	0.02745275
0.867	0.02745275
0.868	0.02745275
0.869	0.02745275
0.870	0.02745275
0.871	0.02745275
0.872	0.02745275
0.873	0.02745275
0.874	0.02745275
0.875	0.02745275
0.876	0.02745275
0.877	0.02745275
0.878	0.02745275
0.879	0.02745275
0.880	0.02745275
0.881	0.02745275
0.882	0.02745275
0.883	0.02745275
0.884	0.02745275
0.885	0.02745275
0.886	0.02745275
0.887	0.02745275
0.888	0.02745275
0.889	0.02745275
0.890	0.02745275
0.891	0.02745275
0.892	0.02745275
0.893	0.02745275
0.894	0.02745275
0.895	0.02745275
0.896	0.02745275
0.897	0.02745275
0.898	0.02745275
0.899	0.02745275
0.900	0.02745275
0.901	0.02745275
0.902	0.02745275
0.903	0.02745275
0.904	0.02745275
0.905	0.02745275
0.906	0.02745275
0.907	0.02745275
0.908	0.02745275
0.909	0.02745275
0.910	0.02745275
0.911	0.02745275
0.912	0.02745275
0.913	0.02745275
0.914	0.02745275
0.915	0.02745275
0.916	0.02745275
0.917	0.02745275
0.918	0.02745275
0.919	0.02745275
0.920	0.02745275
0.921	0.02745275
0.922	0.02745275
0.923	0.02745275
0.924	0.02745275
0.925	0.02745275
0.926	0.02745275
0.927	0.02745275
0.928	0.02745275
0.929	0.02745275
0.930	0.02745275
0.931	0.02745275
0.932	0.02745275
0.933	0.02745275
0.934	0.02745275
0.935	0.02745275
0.936	0.02745275
0.937	0.02745275
0.938	0.02745275
0.939	0.02745275
0.940	0.02745275
0.941	0.02745275
0.942	0.02745275
0.943	0.02745275
0.944	0.02745275
0.945	0.02745275
0.946	0.02745275
0.947	0.02745275
0.948	0.02745275
0.949	0.02745275
0.950	0.02745275
0.951	0.02745275
0.952	0.02745275
0.953	0.02745275
0.954	0.02745275
0.955	0.02745275
0.956	0.02745275
0.957	0.02745275
0.958	0.02745275
0.959	0.02745275
0.960	0.02745275
0.961	0.02745275
0.962	0.02745275
0.963	0.02745275
0.964	0.02745275
0.965	0.02745275
0.966	0.02745275
0.967	0.02745275
0.968	0.02745275
0.969	0.02745275
0.970	0.02745275
0.971	0.02745275
0.972	0.02745275
0.973	0.02745275
0.974	0.02745275
0.975	0.02745275
0.976	0.02745275
0.977	0.02745275
0.978	0.02745275
0.979	0.02745275
0.980	0.02745275
0.981	0.02745275
0.982	0.02745275
0.983	0.02745275
0.984	0.02745275
0.985	0.02745275
0.986	0.02745275
0.987	0.02745275
0.988	0.02745275
0.989	0.02745275
0.990	0.02745275
0.991	0.02745275
0.992	0.02745275
0.993	0.02745275
0.994	0.02745275
0.995	0.02745275
0.996	0.02745275
0.997	0.02745275
0.998	0.02745275
0.999	0.02745275
1.000	0.02745275
