# NTRAJ	1000
0.000	0.00000000
0.001	0.03149764
0.002	0.04494669
0.003	0.05442753
0.004	0.06286991
0.005	0.07030181
0.006	0.07674846
0.007	0.08223214
0.008	0.08767684
0.009	0.09308239
0.010	0.09755701
0.011	0.10200424
0.012	0.10642401
0.013	0.11081621
0.014	0.11518078
0.015	0.11865247
0.016	0.12296708
0.017	0.12639871
0.018	0.12981247
0.019	0.13320832
0.020	0.13658623
0.021	0.13994617
0.022	0.14245430
0.023	0.14578268
0.024	0.14909300
0.025	0.15156386
0.026	0.15402452
0.027	0.15728953
0.028	0.15972635
0.029	0.16295953
0.030	0.16537245
0.031	0.16777510
0.032	0.17016748
0.033	0.17246375
0.034	0.17483505
0.035	0.17719605
0.036	0.17954675
0.037	0.18188713
0.038	0.18421719
0.039	0.18653692
0.040	0.18884630
0.041	0.19114533
0.042	0.19343401
0.043	0.19495403
0.044	0.19722542
0.045	0.19948642
0.046	0.20098799
0.047	0.20323168
0.048	0.20546496
0.049	0.20694804
0.050	0.20916398
0.051	0.21136949
0.052	0.21272759
0.053	0.21491529
0.054	0.21636797
0.055	0.21853829
0.056	0.21997938
0.057	0.22213232
0.058	0.22344993
0.059	0.22547209
0.060	0.22688942
0.061	0.22830212
0.062	0.23041247
0.063	0.23181357
0.064	0.23390652
0.065	0.23529601
0.066	0.23668087
0.067	0.23874944
0.068	0.24012268
0.069	0.24149128
0.070	0.24353546
0.071	0.24489243
0.072	0.24612163
0.073	0.24746905
0.074	0.24948148
0.075	0.25081729
0.076	0.25214846
0.077	0.25347497
0.078	0.25479684
0.079	0.25677092
0.080	0.25808116
0.081	0.25938676
0.082	0.26068771
0.083	0.26198400
0.084	0.26327565
0.085	0.26456264
0.086	0.26648442
0.087	0.26775979
0.088	0.26903052
0.089	0.27016115
0.090	0.27142236
0.091	0.27267892
0.092	0.27393083
0.093	0.27517810
0.094	0.27642073
0.095	0.27765871
0.096	0.27889205
0.097	0.28012075
0.098	0.28134480
0.099	0.28256421
0.100	0.28377899
0.101	0.28498912
0.102	0.28619461
0.103	0.28739546
0.104	0.28859168
0.105	0.28978326
0.106	0.29097020
0.107	0.29215251
0.108	0.29333018
0.109	0.29450322
0.110	0.29567163
0.111	0.29683540
0.112	0.29799455
0.113	0.29914907
0.114	0.30029896
0.115	0.30144423
0.116	0.30258487
0.117	0.30372089
0.118	0.30485228
0.119	0.30597906
0.120	0.30654071
0.121	0.30766056
0.122	0.30877579
0.123	0.30988640
0.124	0.31099240
0.125	0.31209379
0.126	0.31319057
0.127	0.31428275
0.128	0.31537031
0.129	0.31591237
0.130	0.31699303
0.131	0.31790987
0.132	0.31898118
0.133	0.32004789
0.134	0.32094901
0.135	0.32147827
0.136	0.32253337
0.137	0.32358387
0.138	0.32462980
0.139	0.32567114
0.140	0.32670791
0.141	0.32722458
0.142	0.32825448
0.143	0.32927980
0.144	0.33030056
0.145	0.33115075
0.146	0.33216225
0.147	0.33266628
0.148	0.33367094
0.149	0.33467104
0.150	0.33549813
0.151	0.33599414
0.152	0.33698274
0.153	0.33796679
0.154	0.33894630
0.155	0.33992127
0.156	0.34040705
0.157	0.34137521
0.158	0.34233884
0.159	0.34312577
0.160	0.34360357
0.161	0.34455577
0.162	0.34550345
0.163	0.34627260
0.164	0.34703685
0.165	0.34750438
0.166	0.34843606
0.167	0.34901232
0.168	0.34993481
0.169	0.35039438
0.170	0.35131013
0.171	0.35186708
0.172	0.35277369
0.173	0.35322532
0.174	0.35412521
0.175	0.35502063
0.176	0.35546667
0.177	0.35635539
0.178	0.35723964
0.179	0.35811944
0.180	0.35855766
0.181	0.35943077
0.182	0.36029942
0.183	0.36116362
0.184	0.36159406
0.185	0.36245159
0.186	0.36330468
0.187	0.36372956
0.188	0.36457599
0.189	0.36541799
0.190	0.36625556
0.191	0.36667268
0.192	0.36750361
0.193	0.36833012
0.194	0.36874172
0.195	0.36956160
0.196	0.37019055
0.197	0.37100156
0.198	0.37121829
0.199	0.37202265
0.200	0.37282260
0.201	0.37322094
0.202	0.37401431
0.203	0.37480329
0.204	0.37519614
0.205	0.37597855
0.206	0.37675659
0.207	0.37733998
0.208	0.37772515
0.209	0.37849222
0.210	0.37925494
0.211	0.37963466
0.212	0.38039083
0.213	0.38095048
0.214	0.38132475
0.215	0.38207003
0.216	0.38281097
0.217	0.38317981
0.218	0.38391425
0.219	0.38464435
0.220	0.38500778
0.221	0.38573140
0.222	0.38645070
0.223	0.38716568
0.224	0.38732610
0.225	0.38783896
0.226	0.38834698
0.227	0.38869746
0.228	0.38939520
0.229	0.38989161
0.230	0.39023672
0.231	0.39092374
0.232	0.39160648
0.233	0.39194625
0.234	0.39262259
0.235	0.39329466
0.236	0.39362909
0.237	0.39429478
0.238	0.39495620
0.239	0.39528532
0.240	0.39594037
0.241	0.39619076
0.242	0.39651458
0.243	0.39715905
0.244	0.39779930
0.245	0.39843532
0.246	0.39875175
0.247	0.39938144
0.248	0.40000692
0.249	0.40031809
0.250	0.40093726
0.251	0.40134917
0.252	0.40165509
0.253	0.40185709
0.254	0.40246165
0.255	0.40276237
0.256	0.40336066
0.257	0.40395478
0.258	0.40425028
0.259	0.40483815
0.260	0.40542185
0.261	0.40571215
0.262	0.40628962
0.263	0.40686295
0.264	0.40714806
0.265	0.40750874
0.266	0.40765849
0.267	0.40821745
0.268	0.40849539
0.269	0.40884077
0.270	0.40918181
0.271	0.40945465
0.272	0.40999725
0.273	0.41053575
0.274	0.41080347
0.275	0.41133583
0.276	0.41186410
0.277	0.41212671
0.278	0.41264886
0.279	0.41316694
0.280	0.41368094
0.281	0.41393642
0.282	0.41444433
0.283	0.41473779
0.284	0.41498823
0.285	0.41548607
0.286	0.41597986
0.287	0.41622524
0.288	0.41671298
0.289	0.41719668
0.290	0.41767636
0.291	0.41791469
0.292	0.41838834
0.293	0.41885797
0.294	0.41909128
0.295	0.41955490
0.296	0.41980151
0.297	0.41981659
0.298	0.42027038
0.299	0.42072018
0.300	0.42116601
0.301	0.42138743
0.302	0.42161302
0.303	0.42183467
0.304	0.42226678
0.305	0.42248135
0.306	0.42290754
0.307	0.42332978
0.308	0.42353942
0.309	0.42395575
0.310	0.42436815
0.311	0.42456083
0.312	0.42476364
0.313	0.42516633
0.314	0.42556511
0.315	0.42595998
0.316	0.42615595
0.317	0.42654497
0.318	0.42693010
0.319	0.42731134
0.320	0.42750050
0.321	0.42787592
0.322	0.42824745
0.323	0.42861512
0.324	0.42879751
0.325	0.42894117
0.326	0.42908107
0.327	0.42899834
0.328	0.42909174
0.329	0.42922171
0.330	0.42956679
0.331	0.42968904
0.332	0.42985830
0.333	0.43019396
0.334	0.43052581
0.335	0.43063413
0.336	0.43095852
0.337	0.43089932
0.338	0.43099817
0.339	0.43087280
0.340	0.43118448
0.341	0.43149239
0.342	0.43142428
0.343	0.43172669
0.344	0.43180441
0.345	0.43187852
0.346	0.43216998
0.347	0.43187171
0.348	0.43193643
0.349	0.43221901
0.350	0.43249788
0.351	0.43277304
0.352	0.43290924
0.353	0.43317885
0.354	0.43344478
0.355	0.43370702
0.356	0.43396557
0.357	0.43422045
0.358	0.43434652
0.359	0.43459590
0.360	0.43484161
0.361	0.43508368
0.362	0.43532209
0.363	0.43555685
0.364	0.43578798
0.365	0.43590218
0.366	0.43612786
0.367	0.43634992
0.368	0.43656835
0.369	0.43678317
0.370	0.43677052
0.371	0.43675433
0.372	0.43695869
0.373	0.43683541
0.374	0.43703457
0.375	0.43695052
0.376	0.43691841
0.377	0.43710717
0.378	0.43729237
0.379	0.43747402
0.380	0.43765212
0.381	0.43782668
0.382	0.43799771
0.383	0.43816521
0.384	0.43832919
0.385	0.43848965
0.386	0.43864660
0.387	0.43872376
0.388	0.43887545
0.389	0.43902364
0.390	0.43890555
0.391	0.43904695
0.392	0.43918487
0.393	0.43931931
0.394	0.43945029
0.395	0.43957781
0.396	0.43941563
0.397	0.43953642
0.398	0.43965376
0.399	0.43954172
0.400	0.43965241
0.401	0.43975968
0.402	0.43986353
0.403	0.43996397
0.404	0.43983495
0.405	0.43974821
0.406	0.43983719
0.407	0.43969660
0.408	0.43977905
0.409	0.43977221
0.410	0.43984789
0.411	0.43992021
0.412	0.43976284
0.413	0.43982870
0.414	0.43966482
0.415	0.43927140
0.416	0.43932795
0.417	0.43940655
0.418	0.43945482
0.419	0.43949979
0.420	0.43931496
0.421	0.43912693
0.422	0.43893598
0.423	0.43898355
0.424	0.43878464
0.425	0.43880926
0.426	0.43883063
0.427	0.43862208
0.428	0.43834988
0.429	0.43790728
0.430	0.43791506
0.431	0.43791962
0.432	0.43769432
0.433	0.43769073
0.434	0.43768435
0.435	0.43744829
0.436	0.43742836
0.437	0.43741111
0.438	0.43739070
0.439	0.43736713
0.440	0.43732588
0.441	0.43729445
0.442	0.43703346
0.443	0.43697614
0.444	0.43664819
0.445	0.43657958
0.446	0.43630368
0.447	0.43625123
0.448	0.43616677
0.449	0.43588047
0.450	0.43578487
0.451	0.43571731
0.452	0.43561024
0.453	0.43553505
0.454	0.43541656
0.455	0.43510811
0.456	0.43497868
0.457	0.43488862
0.458	0.43474789
0.459	0.43465032
0.460	0.43449835
0.461	0.43439331
0.462	0.43423016
0.463	0.43406032
0.464	0.43394340
0.465	0.43344840
0.466	0.43326131
0.467	0.43313292
0.468	0.43293484
0.469	0.43273019
0.470	0.43251900
0.471	0.43215036
0.472	0.43170477
0.473	0.43147713
0.474	0.43124302
0.475	0.43077868
0.476	0.43039135
0.477	0.42947068
0.478	0.42921536
0.479	0.42895368
0.480	0.42868567
0.481	0.42818851
0.482	0.42790837
0.483	0.42762195
0.484	0.42732929
0.485	0.42670717
0.486	0.42617864
0.487	0.42586627
0.488	0.42554775
0.489	0.42500168
0.490	0.42455997
0.491	0.42422158
0.492	0.42365636
0.493	0.42318838
0.494	0.42229085
0.495	0.42158582
0.496	0.42099555
0.497	0.42049323
0.498	0.41989017
0.499	0.41915116
0.501	0.41812075
0.502	0.41749935
0.503	0.41695374
0.504	0.41618017
0.505	0.41525801
0.506	0.41424874
0.507	0.41366542
0.508	0.41307209
0.509	0.41158438
0.510	0.41075509
0.511	0.40981247
0.512	0.40880674
0.513	0.40800162
0.514	0.40713242
0.515	0.40608728
0.516	0.40524203
0.517	0.40396654
0.518	0.40291697
0.519	0.40146803
0.520	0.39966458
0.521	0.39856199
0.522	0.39713033
0.523	0.39577960
0.524	0.39421499
0.525	0.39241775
0.526	0.38998305
0.527	0.38814008
0.528	0.38537505
0.529	0.38264622
0.530	0.37946902
0.531	0.37564315
0.532	0.37135276
0.533	0.36094375
0.534	0.02063657
0.535	0.02063657
0.536	0.02063657
0.537	0.02063657
0.538	0.02063657
0.539	0.02063657
0.540	0.02063657
0.541	0.02063657
0.542	0.02063657
0.543	0.02063657
0.544	0.02063657
0.545	0.02063657
0.546	0.02063657
0.547	0.02063657
0.548	0.02063657
0.549	0.02063657
0.550	0.02063657
0.551	0.02063657
0.552	0.02063657
0.553	0.02063657
0.554	0.02063657
0.555	0.02063657
0.556	0.02063657
0.557	0.02063657
0.558	0.02063657
0.559	0.02063657
0.560	0.02063657
0.561	0.02063657
0.562	0.02063657
0.563	0.02063657
0.564	0.02063657
0.565	0.02063657
0.566	0.02063657
0.567	0.02063657
0.568	0.02063657
0.569	0.02063657
0.570	0.02063657
0.571	0.02063657
0.572	0.02063657
0.573	0.02063657
0.574	0.02063657
0.575	0.02063657
0.576	0.02063657
0.577	0.02063657
0.578	0.02063657
0.579	0.02063657
0.580	0.02063657
0.581	0.02063657
0.582	0.02063657
0.583	0.02063657
0.584	0.02063657
0.585	0.02063657
0.586	0.02063657
0.587	0.02063657
0.588	0.02063657
0.589	0.02063657
0.590	0.02063657
0.591	0.02063657
0.592	0.02063657
0.593	0.02063657
0.594	0.02063657
0.595	0.02063657
0.596	0.02063657
0.597	0.02063657
0.598	0.02063657
0.599	0.02063657
0.600	0.02063657
0.601	0.02063657
0.602	0.02063657
0.603	0.02063657
0.604	0.02063657
0.605	0.02063657
0.606	0.02063657
0.607	0.02063657
0.608	0.02063657
0.609	0.02063657
0.610	0.02063657
0.611	0.02063657
0.612	0.02063657
0.613	0.02063657
0.614	0.02063657
0.615	0.02063657
0.616	0.02063657
0.617	0.02063657
0.618	0.02063657
0.619	0.02063657
0.620	0.02063657
0.621	0.02063657
0.622	0.02063657
0.623	0.02063657
0.624	0.02063657
0.625	0.02063657
0.626	0.02063657
0.627	0.02063657
0.628	0.02063657
0.629	0.02063657
0.630	0.02063657
0.631	0.02063657
0.632	0.02063657
0.633	0.02063657
0.634	0.02063657
0.635	0.02063657
0.636	0.02063657
0.637	0.02063657
0.638	0.02063657
0.639	0.02063657
0.640	0.02063657
0.641	0.02063657
0.642	0.02063657
0.643	0.02063657
0.644	0.02063657
0.645	0.02063657
0.646	0.02063657
0.647	0.02063657
0.648	0.02063657
0.649	0.02063657
0.650	0.02063657
0.651	0.02063657
0.652	0.02063657
0.653	0.02063657
0.654	0.02063657
0.655	0.02063657
0.656	0.02063657
0.657	0.02063657
0.658	0.02063657
0.659	0.02063657
0.660	0.02063657
0.661	0.02063657
0.662	0.02063657
0.663	0.02063657
0.664	0.02063657
0.665	0.02063657
0.666	0.02063657
0.667	0.02063657
0.668	0.02063657
0.669	0.02063657
0.670	0.02063657
0.671	0.02063657
0.672	0.02063657
0.673	0.02063657
0.674	0.02063657
0.675	0.02063657
0.676	0.02063657
0.677	0.02063657
0.678	0.02063657
0.679	0.02063657
0.680	0.02063657
0.681	0.02063657
0.682	0.02063657
0.683	0.02063657
0.684	0.02063657
0.685	0.02063657
0.686	0.02063657
0.687	0.02063657
0.688	0.02063657
0.689	0.02063657
0.690	0.02063657
0.691	0.02063657
0.692	0.02063657
0.693	0.02063657
0.694	0.02063657
0.695	0.02063657
0.696	0.02063657
0.697	0.02063657
0.698	0.02063657
0.699	0.02063657
0.700	0.02063657
0.701	0.02063657
0.702	0.02063657
0.703	0.02063657
0.704	0.02063657
0.705	0.02063657
0.706	0.02063657
0.707	0.02063657
0.708	0.02063657
0.709	0.02063657
0.710	0.02063657
0.711	0.02063657
0.712	0.02063657
0.713	0.02063657
0.714	0.02063657
0.715	0.02063657
0.716	0.02063657
0.717	0.02063657
0.718	0.02063657
0.719	0.02063657
0.720	0.02063657
0.721	0.02063657
0.722	0.02063657
0.723	0.02063657
0.724	0.02063657
0.725	0.02063657
0.726	0.02063657
0.727	0.02063657
0.728	0.02063657
0.729	0.02063657
0.730	0.02063657
0.731	0.02063657
0.732	0.02063657
0.733	0.02063657
0.734	0.02063657
0.735	0.02063657
0.736	0.02063657
0.737	0.02063657
0.738	0.02063657
0.739	0.02063657
0.740	0.02063657
0.741	0.02063657
0.742	0.02063657
0.743	0.02063657
0.744	0.02063657
0.745	0.02063657
0.746	0.02063657
0.747	0.02063657
0.748	0.02063657
0.749	0.02063657
0.750	0.02063657
0.751	0.02063657
0.752	0.02063657
0.753	0.02063657
0.754	0.02063657
0.755	0.02063657
0.756	0.02063657
0.757	0.02063657
0.758	0.02063657
0.759	0.02063657
0.760	0.02063657
0.761	0.02063657
0.762	0.02063657
0.763	0.02063657
0.764	0.02063657
0.765	0.02063657
0.766	0.02063657
0.767	0.02063657
0.768	0.02063657
0.769	0.02063657
0.770	0.02063657
0.771	0.02063657
0.772	0.02063657
0.773	0.02063657
0.774	0.02063657
0.775	0.02063657
0.776	0.02063657
0.777	0.02063657
0.778	0.02063657
0.779	0.02063657
0.780	0.02063657
0.781	0.02063657
0.782	0.02063657
0.783	0.02063657
0.784	0.02063657
0.785	0.02063657
0.786	0.02063657
0.787	0.02063657
0.788	0.02063657
0.789	0.02063657
0.790	0.02063657
0.791	0.02063657
0.792	0.02063657
0.793	0.02063657
0.794	0.02063657
0.795	0.02063657
0.796	0.02063657
0.797	0.02063657
0.798	0.02063657
0.799	0.02063657
0.800	0.02063657
0.801	0.02063657
0.802	0.02063657
0.803	0.02063657
0.804	0.02063657
0.805	0.02063657
0.806	0.02063657
0.807	0.02063657
0.808	0.02063657
0.809	0.02063657
0.810	0.02063657
0.811	0.02063657
0.812	0.02063657
0.813	0.02063657
0.814	0.02063657
0.815	0.02063657
0.816	0.02063657
0.817	0.02063657
0.818	0.02063657
0.819	0.02063657
0.820	0.02063657
0.821	0.02063657
0.822	0.02063657
0.823	0.02063657
0.824	0.02063657
0.825	0.02063657
0.826	0.02063657
0.827	0.02063657
0.828	0.02063657
0.829	0.02063657
0.830	0.02063657
0.831	0.02063657
0.832	0.02063657
0.833	0.02063657
0.834	0.02063657
0.835	0.02063657
0.836	0.02063657
0.837	0.02063657
0.838	0.02063657
0.839	0.02063657
0.840	0.02063657
0.841	0.02063657
0.842	0.02063657
0.843	0.02063657
0.844	0.02063657
0.845	0.02063657
0.846	0.02063657
0.847	0.02063657
0.848	0.02063657
0.849	0.02063657
0.850	0.02063657
0.851	0.02063657
0.852	0.02063657
0.853	0.02063657
0.854	0.02063657
0.855	0.02063657
0.856	0.02063657
0.857	0.02063657
0.858	0.02063657
0.859	0.02063657
0.860	0.02063657
0.861	0.02063657
0.862	0.02063657
0.863	0.02063657
0.864	0.02063657
0.865	0.02063657
0.866	0.02063657
0.867	0.02063657
0.868	0.02063657
0.869	0.02063657
0.870	0.02063657
0.871	0.02063657
0.872	0.02063657
0.873	0.02063657
0.874	0.02063657
0.875	0.02063657
0.876	0.02063657
0.877	0.02063657
0.878	0.02063657
0.879	0.02063657
0.880	0.02063657
0.881	0.02063657
0.882	0.02063657
0.883	0.02063657
0.884	0.02063657
0.885	0.02063657
0.886	0.02063657
0.887	0.02063657
0.888	0.02063657
0.889	0.02063657
0.890	0.02063657
0.891	0.02063657
0.892	0.02063657
0.893	0.02063657
0.894	0.02063657
0.895	0.02063657
0.896	0.02063657
0.897	0.02063657
0.898	0.02063657
0.899	0.02063657
0.900	0.02063657
0.901	0.02063657
0.902	0.02063657
0.903	0.02063657
0.904	0.02063657
0.905	0.02063657
0.906	0.02063657
0.907	0.02063657
0.908	0.02063657
0.909	0.02063657
0.910	0.02063657
0.911	0.02063657
0.912	0.02063657
0.913	0.02063657
0.914	0.02063657
0.915	0.02063657
0.916	0.02063657
0.917	0.02063657
0.918	0.02063657
0.919	0.02063657
0.920	0.02063657
0.921	0.02063657
0.922	0.02063657
0.923	0.02063657
0.924	0.02063657
0.925	0.02063657
0.926	0.02063657
0.927	0.02063657
0.928	0.02063657
0.929	0.02063657
0.930	0.02063657
0.931	0.02063657
0.932	0.02063657
0.933	0.02063657
0.934	0.02063657
0.935	0.02063657
0.936	0.02063657
0.937	0.02063657
0.938	0.02063657
0.939	0.02063657
0.940	0.02063657
0.941	0.02063657
0.942	0.02063657
0.943	0.02063657
0.944	0.02063657
0.945	0.02063657
0.946	0.02063657
0.947	0.02063657
0.948	0.02063657
0.949	0.02063657
0.950	0.02063657
0.951	0.02063657
0.952	0.02063657
0.953	0.02063657
0.954	0.02063657
0.955	0.02063657
0.956	0.02063657
0.957	0.02063657
0.958	0.02063657
0.959	0.02063657
0.960	0.02063657
0.961	0.02063657
0.962	0.02063657
0.963	0.02063657
0.964	0.02063657
0.965	0.02063657
0.966	0.02063657
0.967	0.02063657
0.968	0.02063657
0.969	0.02063657
0.970	0.02063657
0.971	0.02063657
0.972	0.02063657
0.973	0.02063657
0.974	0.02063657
0.975	0.02063657
0.976	0.02063657
0.977	0.02063657
0.978	0.02063657
0.979	0.02063657
0.980	0.02063657
0.981	0.02063657
0.982	0.02063657
0.983	0.02063657
0.984	0.02063657
0.985	0.02063657
0.986	0.02063657
0.987	0.02063657
0.988	0.02063657
0.989	0.02063657
0.990	0.02063657
0.991	0.02063657
0.992	0.02063657
0.993	0.02063657
0.994	0.02063657
0.995	0.02063657
0.996	0.02063657
0.997	0.02063657
0.998	0.02063657
0.999	0.02063657
1.000	0.02063657
