# NTRAJ	1000
0.07099010
0.18284456
0.42124801
0.39242067
0.37242356
0.39074564
0.55145330
0.14278777
0.87521475
0.06059061
0.48897707
0.15258284
0.05872283
0.03119325
0.21212355
0.36966713
0.03119325
0.12216156
0.69127951
0.01410362
0.46134522
0.59527744
0.28867302
0.18956129
0.08700087
0.34321178
0.52739639
0.26437217
0.06973705
0.02936173
0.38067990
0.00509391
0.06085872
0.43876431
0.05978819
0.19308118
0.02332212
0.00942105
0.58693708
0.77014943
0.22347452
0.30263395
0.08019359
0.03206851
0.17086782
0.25961832
0.81236982
0.00747797
0.22139728
0.18908137
0.83249131
0.26262981
0.49707968
0.15559473
0.38891750
0.48402462
0.41322537
0.09988702
0.68675310
0.43197562
0.00601012
0.11522408
0.01025164
0.44027189
0.67026550
0.16975161
0.21052383
0.98223880
0.22826581
0.39439934
0.03542417
0.36828808
0.27969922
0.61063640
0.53656119
0.21804060
0.25327055
0.01685831
0.27070088
0.46239751
0.26611369
0.39531223
0.09022651
0.18796165
0.66964507
0.04440581
0.37027986
0.24070487
0.00823193
0.38434331
0.36107723
0.10229220
0.34429272
0.61627804
0.17549541
0.12417584
0.18092652
0.98223880
0.41822216
0.19548149
0.30200784
0.38129072
0.00766350
0.06945934
0.40108911
0.49557928
0.21244347
0.18124615
0.61170309
0.24484439
0.48867695
0.08220878
0.00000144
0.00535635
0.35569724
0.11614576
0.48762649
0.02273699
0.16592725
0.82339842
0.08423475
0.02946838
0.13681407
0.41322537
0.01971274
0.12588352
0.07449883
0.77653703
0.20908393
0.17485683
0.38144341
0.29150162
0.07464002
0.33284658
0.70066587
0.25469970
0.59315295
0.12262602
0.17517611
0.30966884
0.23289391
0.65386627
0.03830543
0.30341640
0.09096289
0.22954289
0.47111252
0.00601012
0.01738010
0.23863375
0.40351908
0.20716388
0.44373803
0.00617877
0.48297398
0.65386627
0.11922555
0.21068381
0.07776164
0.07280959
0.17900905
0.00284387
0.00026362
0.15543611
0.79252767
0.59284954
0.24834408
0.34259393
0.56728061
0.48282388
0.69143571
0.13932624
0.12355561
0.52424280
0.28851580
0.01808557
0.01442691
0.42759650
0.79508797
0.02622736
0.00617877
0.43966890
0.12572815
0.37823557
0.19740188
0.49212824
0.00173672
0.37915239
0.84520975
0.34799597
0.24404862
0.13008715
0.23241531
0.60059329
0.53340528
0.04501908
0.20588375
0.19180113
0.26500555
0.00589883
0.40625113
0.49017755
0.17613408
0.35061648
0.33455072
0.07295001
0.00546298
0.35092463
0.98223880
0.43635142
0.07182848
0.09764148
0.04563495
0.10971728
0.07379387
0.03853914
0.00043787
0.43031498
0.17821029
0.15289968
0.39956967
0.25549345
0.11968848
0.43831196
0.01591819
0.12759409
0.40518887
0.04850065
0.52274133
0.52649529
0.29055903
0.00043787
0.52394250
0.01729270
0.15179097
0.10334757
0.27891086
0.05792726
0.22842546
0.55913607
0.38022171
0.16640506
0.46900949
0.47771995
0.06126148
0.08817107
0.58496796
0.07676520
0.33300154
0.66251918
0.01907347
0.22922364
0.20396343
0.17246297
0.51913832
0.00005724
0.00126635
0.02883055
0.44900926
0.15020818
0.29040191
0.37533076
0.54648637
0.56396116
0.52364219
0.09436516
0.11968848
0.00488822
0.70788150
0.11415014
0.98223880
0.10153950
0.30795069
0.03599439
0.00434238
0.18140598
0.14436382
0.63954829
0.20252312
0.54904470
0.29621030
0.07393473
0.15099941
0.04724818
0.34043050
0.10063756
0.22890438
0.54949625
0.15147431
0.60911307
0.48867695
0.53956770
0.26548051
0.00842531
0.03889057
0.75723642
0.22778684
0.28867302
0.40609939
0.21020386
0.44434065
0.57861168
0.24309351
0.29668077
0.08481553
0.20652382
0.11032709
0.02653502
0.48297398
0.10168996
0.98223880
0.27938390
0.98223880
0.17469720
0.39181166
0.03924305
0.45683411
0.21436282
0.53490798
0.50083063
0.74658211
0.50683227
0.08293112
0.43725637
0.00778829
0.60835163
0.05180238
0.51208423
0.18156580
0.25771509
0.02235002
0.23688058
0.00013269
0.14231527
0.10956490
0.40367090
0.30748194
0.01862188
0.20556370
0.16943275
0.00042171
0.26025252
0.02746579
0.45954104
0.03250929
0.48987743
0.98223880
0.08773187
0.54062020
0.09555413
0.00360116
0.00300503
0.49287848
0.06112715
0.05608267
0.34583627
0.23018133
0.00003575
0.00000144
0.13024315
0.68129917
0.50608204
0.16576800
0.08554268
0.17916882
0.42064299
0.42185296
0.62973122
0.32291270
0.38541112
0.09719349
0.25279405
0.29526913
0.05529726
0.21052383
0.31216622
0.07071117
0.01291811
0.00025104
0.27591339
0.55341086
0.05180238
0.68800109
0.45833806
0.10728339
0.50608204
0.06396445
0.16736088
0.11768423
0.29322896
0.20316326
0.21516245
0.78340993
0.16019958
0.25961832
0.18668210
0.31107387
0.75262160
0.79700834
0.98223880
0.43408848
0.98223880
0.51523580
0.38967933
0.98223880
0.44810589
0.16194846
0.79844868
0.06821305
0.21196359
0.60743809
0.55943753
0.04221998
0.06018904
0.06369278
0.02989635
0.24643551
0.00766350
0.54859317
0.54874368
0.58799773
0.38693604
0.08670882
0.20300323
0.34660776
0.39272515
0.04477346
0.17118680
0.36997351
0.19980246
0.02196557
0.06945934
0.04489621
0.02361677
0.71590086
0.82818670
0.28694318
0.33950286
0.14736252
0.77685657
0.32741800
0.12015167
0.04221998
0.12433096
0.47471694
0.21868007
0.58830081
0.29621030
0.26421381
0.04149916
0.31076169
0.15464315
0.00022679
0.14941727
0.08919760
0.40032946
0.62253968
0.18284456
0.36874783
0.24181972
0.17501647
0.49002749
0.35231096
0.23688058
0.84298861
0.25596962
0.98223880
0.13775559
0.15036640
0.09525662
0.05647654
0.51538589
0.09362348
0.10591823
0.25136423
0.14831058
0.00504213
0.27654466
0.31746635
0.31138601
0.11415014
0.00047106
0.14957543
0.20988389
0.43544635
0.62988439
0.56516802
0.33733728
0.00030315
0.00535635
0.10697978
0.16608651
0.20956391
0.24277510
0.30106844
0.25866682
0.00338257
0.48192328
0.06959816
0.01410362
0.55205557
0.38006897
0.03451821
0.36660182
0.09689504
0.32337908
0.01162689
0.00823193
0.70395789
0.19292117
0.51013342
0.00002688
0.38434331
0.02101556
0.67896477
0.14074134
0.21036385
0.48072243
0.39500796
0.18572255
0.25358818
0.35046239
0.03054238
0.24834408
0.36951393
0.00210044
0.88032268
0.07890399
0.25168201
0.12759409
0.31902345
0.06876626
0.76663907
0.00088999
0.29134454
0.38235941
0.56712969
0.10274427
0.00100840
0.00093650
0.19980246
0.40625113
0.35415846
0.58981654
0.60348190
0.20252312
0.04054426
0.87101554
0.98223880
0.41034601
0.25438216
0.76791531
0.79332773
0.23927111
0.53295451
0.01426490
0.04976291
0.00098415
0.03429297
0.02798788
0.11891706
0.56516802
0.49722972
0.54919521
0.45201971
0.08993229
0.02082749
0.11984285
0.40275986
0.11614576
0.26722149
0.27969922
0.40184863
0.41246782
0.51103378
0.07252895
0.66840460
0.00325444
0.32555455
0.23895244
0.54453054
0.10425365
0.78948774
0.03362027
0.01549802
0.03900795
0.19244114
0.14215780
0.00373531
0.47006105
0.21724120
0.07210847
0.25327055
0.07337165
0.44343670
0.08597960
0.38067990
0.02361677
0.08817107
0.20204301
0.54438011
0.10516106
0.48717628
0.65818972
0.46600453
0.01826365
0.29699438
0.37119875
0.48912713
0.09155283
0.43137181
0.27022663
0.40518887
0.71511376
0.07280959
0.18732185
0.34058508
0.98223880
0.07919016
0.33362131
0.57709948
0.76759622
0.00312859
0.03021876
0.02017435
0.21420288
0.32384538
0.11907129
0.13368063
0.10910799
0.29228689
0.08963827
0.42170173
0.27259726
0.00173672
0.04662568
0.01844242
0.61200791
0.98223880
0.07029328
0.20316326
0.41822216
0.05713469
0.30638791
0.34660776
0.00562467
0.22091784
0.24770798
0.08019359
0.32648642
0.44192984
0.75819179
0.98223880
0.11231261
0.02840809
0.35277293
0.45608204
0.13227317
0.43273030
0.42638785
0.26152060
0.10986968
0.05965473
0.39089795
0.03912544
0.00108284
0.07577172
0.01323007
0.12572815
0.42955998
0.21772085
0.06959816
0.10713157
0.27780684
0.41897879
0.32477777
0.42170173
0.18012750
0.42124801
0.08048080
0.01222749
0.64908651
0.51058360
0.45578119
0.07662309
0.00499059
0.46630506
0.28174807
0.00039029
0.22650940
0.19324119
0.05819212
0.98223880
0.26468887
0.32695225
0.10606977
0.28190562
0.00948912
0.28474022
0.05399525
0.13634357
0.82355811
0.07506394
0.04737298
0.44885870
0.46585426
0.14752050
0.05231598
0.21164365
0.07804687
0.17326078
0.38983168
0.61398987
0.61459991
0.48537538
0.47516743
0.38861273
0.45036411
0.70568367
0.09958709
0.65927152
0.30638791
0.61521005
0.44132700
0.35692773
0.60226539
0.10168996
0.08612534
0.67523346
0.26088661
0.65973526
0.01291811
0.09229132
0.30623158
0.11968848
0.00001020
0.30279045
0.06724763
0.08423475
0.14941727
0.57619237
0.04102082
0.47606836
0.61795693
0.38434331
0.30404222
0.65402058
0.12619432
0.98223880
0.10516106
0.07733423
0.28411052
0.54332718
0.04018802
0.61887302
0.18636224
0.24913907
0.26943605
0.01608752
0.13508972
0.01790816
0.67259322
0.04900439
0.26516388
0.20572373
0.20028258
0.13697095
0.04712348
0.61414237
0.73500590
0.07351232
0.50848282
0.66391207
0.46089421
0.03656766
0.26579712
0.54663684
0.38342780
0.03691307
0.28048739
0.98223880
0.47201371
0.40731313
0.68737703
0.40017752
0.11706850
0.17357994
0.17629376
0.98223880
0.00189802
0.21836034
0.22427330
0.24006770
0.64047012
0.09779090
0.43604975
0.03021876
0.01162689
0.36721510
0.06179960
0.38693604
0.60530735
0.01260923
0.41943272
0.94234682
0.70552674
0.01668578
0.45517947
0.17613408
0.18748180
0.51688678
0.07196845
0.23113885
0.10697978
0.00419861
0.07043251
0.69784694
0.19292117
0.42230663
0.18620231
0.14673077
0.59588463
0.12961926
0.22698847
0.46179621
0.24770798
0.29150162
0.03261981
0.55506767
0.10865138
0.21084379
0.41549729
0.18652217
0.32897001
0.29887538
0.02381397
0.04674998
0.08919760
0.43423937
0.00025104
0.55642353
0.00434238
0.40245614
0.68005393
0.15591202
0.03691307
0.14326042
0.22555116
0.03725956
0.68722103
0.22443305
0.72741416
0.19500141
0.65340340
0.32400080
0.74991864
0.08627114
0.01720547
0.46690610
0.07365306
0.66236445
0.31544092
0.23321295
0.51238436
0.07351232
0.08336518
0.00410398
0.44027189
0.59421507
0.22539145
0.21180362
0.05052489
0.11737631
0.29369989
0.02705068
0.25136423
0.01418416
0.31840070
0.21148368
0.02936173
0.20892394
0.17453758
0.10259354
0.03065053
0.06220401
0.57815797
0.44690123
0.98223880
0.59892187
0.19164113
0.29024478
0.53520854
0.16194846
0.21804060
0.44208054
0.44494322
0.71259632
0.74689976
0.36261276
0.52904855
0.40200051
0.04270271
0.32710751
0.03737530
0.06724763
0.63878029
0.48582562
0.47877087
0.51103378
0.00210044
0.10910799
0.05129026
0.72725618
0.10880355
0.05412505
0.27638685
0.45457770
0.16481265
0.00419861
0.15686414
0.32135760
0.09214353
0.58315103
0.01934644
0.00321224
0.16115337
0.40169674
0.98223880
0.00001593
0.29008764
0.00617877
0.02332212
0.51973877
0.51013342
0.02264001
0.45908994
0.06287957
0.02490943
0.06573761
0.98223880
0.02725795
0.01222749
0.35338880
0.19420129
0.28379563
0.47021127
0.04913057
0.09243916
0.36353373
0.10425365
0.49347867
0.20732389
0.98223880
0.98223880
0.00091310
0.16975161
0.33036614
0.04054426
0.65170678
0.33547985
0.11768423
0.54528273
0.64431389
0.52679565
0.02064006
0.01880201
0.29526913
0.63065036
0.05193064
0.02561598
0.02101556
0.60743809
0.20716388
0.13008715
0.20012254
0.22059820
0.01651396
0.58936177
0.19228114
0.30482432
0.22954289
0.16338020
0.07619713
0.00312859
0.43936739
0.16736088
0.76313094
0.16274378
0.04185907
0.01067805
0.13775559
0.01729270
0.08394468
0.35477406
0.52814734
0.74182049
0.12417584
0.31044949
0.02391280
0.82483543
