# NTRAJ	1000
0.17280270
0.15218421
0.09949756
0.11315481
0.12797843
0.15911515
0.20608200
0.99146050
0.36949988
0.00741429
0.18685668
0.15351170
0.04938996
0.24035215
0.14166149
0.12210840
0.17723327
0.19710465
0.25076173
0.35302907
0.17747008
0.31901193
0.21969611
0.01426712
0.36852955
0.43526136
0.20709306
0.41642545
0.17661725
0.22943608
0.10466433
0.17301201
0.57648665
0.14376331
0.14454347
0.20206791
0.37671377
0.78999168
0.01923331
0.24056612
0.15004704
0.23695709
0.24629709
0.44987868
0.26420427
0.10135282
0.58701514
0.86867636
0.18196919
0.15073057
0.04606253
0.17360953
0.32532800
0.72794479
0.17376621
0.25052513
0.25359109
0.18472822
0.34667768
0.53843146
0.43978136
0.24452300
0.60343301
0.40689393
0.97778625
0.26532036
0.31689878
0.47332134
0.28836275
0.19581472
0.14621364
0.40609909
0.19942544
0.99886163
0.64125523
0.09888038
0.26794418
0.22995816
0.30437472
0.41535247
0.42728273
0.04393660
0.21335918
0.28809592
0.19117364
0.11586164
0.65479681
0.56956387
0.12837539
0.25316965
0.26469195
0.16174198
0.26630025
0.00486942
0.00551417
0.09546145
0.00278455
0.40245019
0.17910221
0.42545966
0.25732459
0.53047899
0.21029215
0.16920170
0.21384390
0.64572008
0.13243976
0.17592463
0.20038326
0.00331118
0.12604493
0.19048435
0.19297617
0.38225203
0.19857457
0.02245484
0.19658890
0.15936389
0.24349969
0.25841892
0.19504378
0.43608666
0.00222413
0.27343911
0.97200094
0.29570319
0.18927116
0.05426970
0.21920326
0.22666643
0.13041340
0.32994856
0.21808756
0.32412738
0.22126588
0.12461641
0.22388851
0.10007956
0.58899525
0.49839555
0.14154620
0.25097223
0.20058022
0.20761916
0.69136702
0.27840079
0.21447283
0.09315297
0.12239457
0.13727102
0.36871252
0.43397601
0.95414202
0.04943011
0.25334743
0.24331679
0.17870748
0.13507213
0.29603575
0.32454205
0.26551224
0.15269171
0.47825600
0.20685057
0.34573358
0.45629400
0.01190322
0.34312878
0.25243737
0.10846091
0.39978126
0.00032114
0.19270506
0.24514456
0.21445802
0.19048652
0.25481720
0.16340140
0.31094065
0.03343289
0.15615159
0.16741327
0.30850602
0.34454028
0.14443711
0.40602097
0.00291401
0.24316534
0.02357418
0.28247722
0.35692246
0.99865600
0.23722035
0.10412952
0.85785316
0.94079137
0.11327754
0.14007632
0.00015909
0.72390151
0.49835880
0.02139031
0.29803282
0.00123327
0.21346537
0.16725365
0.17778682
0.18105323
0.29998312
0.19174572
0.99746837
0.19580777
0.12425002
0.35256437
0.08495145
0.34287044
0.39982481
0.15045826
0.18717419
0.16353680
0.07349042
0.15423048
0.27640219
0.14951713
0.08486297
0.26866237
0.02495966
0.32381667
0.92045264
0.34721385
0.36674148
0.14743758
0.37957178
0.46358544
0.32995679
0.32917331
0.09361016
0.40307830
0.19173148
0.12833483
0.92140626
0.81200201
0.64085118
0.92055258
0.33812899
0.14854720
0.78034452
0.23656426
0.31234254
0.14191533
0.45318502
0.12815451
0.20980664
0.24892153
0.33113698
0.16218818
0.30480188
0.16846724
0.15354551
0.32915317
0.20054559
0.25137192
0.12195358
0.03756592
0.18713038
0.22226378
0.25162402
0.56713225
0.18585297
0.12133319
0.19509612
0.25952528
0.36135392
0.11529029
0.30019535
0.05256152
0.31887750
0.16029597
0.28277197
0.24242461
0.30871846
0.13269814
0.02865500
0.18879699
0.19222484
0.62535255
0.27586966
0.17347148
0.60658743
0.00395125
0.28182694
0.46158685
0.13456936
0.16248652
0.29583707
0.31235491
0.28487376
0.22039165
0.22283272
0.74631660
0.20616873
0.18213107
0.21466323
0.41812515
0.29155028
0.19910148
0.16563211
0.09142208
0.24178904
0.23951298
0.30171136
0.09948446
0.29328994
0.52816810
0.27514074
0.17892653
0.15455320
0.38278517
0.01563967
0.67705871
0.12125245
0.45236763
0.23722926
0.38897509
0.00640317
0.07075045
0.08270936
0.25965191
0.47645638
0.24220505
0.12816753
0.23972087
0.29678779
0.39400664
0.46900593
0.30230858
0.53358442
0.11160957
0.42327840
0.18110790
0.44914942
0.18552790
0.18440385
0.16974254
0.17501031
0.22854828
0.16890058
0.34276910
0.38549335
0.24911704
0.44814091
0.11951890
0.15042337
0.10665240
0.45113036
0.38504470
0.15389796
0.12531268
0.21712189
0.20913109
0.26866338
0.12741174
0.49710735
0.44830499
0.19288050
0.23627678
0.26707013
0.33522763
0.29666845
0.92641484
0.08773392
0.99825971
0.14156592
0.40158444
0.20788763
0.34758839
0.18524761
0.17799414
0.21979892
0.88935032
0.16000172
0.68834515
0.58093983
0.14295281
0.22446914
0.19696141
0.10270842
0.44481144
0.12764093
0.12032849
0.13362437
0.45740096
0.93209990
0.69306794
0.20779676
0.91860774
0.22384102
0.48772932
0.55046324
0.07783653
0.99653592
0.14605220
0.00199853
0.19086388
0.69755680
0.28257518
0.01034556
0.11884566
0.19990299
0.99610390
0.03091437
0.24123149
0.10012350
0.00183410
0.15039284
0.21176123
0.21063913
0.94150211
0.11591105
0.27079407
0.19222855
0.10115037
0.13309560
0.26317751
0.43835318
0.08425498
0.30485348
0.05703022
0.20496525
0.19406255
0.68415550
0.09212101
0.19870158
0.02158268
0.17628395
0.44518542
0.95682607
0.11159745
0.99613991
0.07630078
0.41255967
0.28630172
0.45351828
0.32946747
0.27991368
0.22745554
0.19779386
0.22652219
0.00753785
0.29291853
0.16630335
0.23242111
0.16641153
0.30366278
0.11780751
0.12089502
0.48657047
0.20611998
0.00319441
0.36724470
0.23234740
0.24916302
0.40532810
0.21843100
0.19261622
0.04226885
0.00318314
0.63394658
0.15322914
0.37286921
0.08823033
0.15892435
0.35785573
0.26935663
0.16141465
0.41633465
0.18766203
0.20587795
0.10657623
0.18942927
0.22285250
0.26569824
0.11372594
0.11100136
0.15604950
0.27945440
0.25778412
0.95680977
0.11558385
0.40690334
0.01916056
0.25151994
0.14045852
0.51654783
0.12146054
0.20789309
0.14916035
0.90327694
0.18866533
0.15796199
0.55638832
0.12554721
0.13331213
0.24057836
0.77642772
0.45338511
0.90124258
0.21613223
0.04933265
0.26525461
0.39030997
0.18157216
0.40938270
0.23780797
0.16056367
0.19236422
0.20546398
0.21911767
0.30963879
0.09087901
0.05450158
0.12688520
0.62739420
0.13395048
0.26805700
0.10259653
0.19747117
0.25250361
0.32038718
0.11437436
0.14705266
0.27033746
0.15572109
0.42667149
0.42129496
0.40615042
0.12473036
0.12383862
0.17142264
0.39948488
0.18840863
0.13566502
0.11851335
0.69709917
0.24884619
0.72427114
0.13191493
0.20691524
0.31104263
0.18683693
0.73113930
0.23618590
0.17908848
0.11990552
0.19971599
0.09908870
0.13900952
0.00292061
0.11953262
0.02159816
0.22769667
0.09348178
0.26714582
0.19113779
0.19035035
0.01683491
0.18232028
0.31195748
0.52041403
0.18987814
0.17225766
0.28534897
0.27899571
0.00168775
0.16691585
0.91774070
0.15481364
0.00055156
0.88870737
0.32737123
0.16002356
0.53016648
0.14371253
0.15914501
0.28134390
0.24908496
0.14103180
0.12990430
0.33651768
0.38894323
0.10396491
0.09687709
0.65879781
0.02652571
0.17816506
0.29485428
0.22756973
0.33235524
0.26423847
0.25635997
0.73501863
0.32906654
0.32746032
0.19896866
0.19626763
0.28664741
0.21243608
0.15020785
0.12163317
0.23159104
0.16420637
0.19968364
0.16110603
0.23499016
0.15726046
0.52579703
0.30196441
0.10670902
0.40337125
0.44957136
0.21762535
0.34805119
0.30319482
0.18711800
0.36262156
0.29499627
0.34530105
0.29489787
0.25877887
0.01982285
0.42236748
0.17372586
0.28131257
0.48883918
0.30146531
0.18463663
0.05770752
0.17878739
0.44152425
0.14737728
0.19774659
0.12827863
0.41779381
0.47998632
0.36229610
0.34077854
0.30916619
0.16312278
0.20878096
0.18688370
0.24833603
0.97728424
0.64929313
0.20883844
0.30416985
0.40692172
0.22573662
0.22958292
0.18811582
0.16530117
0.14643174
0.20789792
0.15838588
0.18861794
0.12138430
0.15244907
0.46870816
0.52571875
0.28591925
0.01466815
0.14703677
0.25731638
0.11795835
0.78593661
0.27909948
0.02199006
0.14454100
0.14535739
0.10856995
0.02039847
0.48327288
0.22212501
0.28152588
0.24602699
0.46647527
0.44992382
0.14809430
0.25332533
0.34326853
0.81839931
0.87988747
0.17815473
0.29261241
0.43349703
0.12733630
0.14429500
0.24608523
0.16123146
0.00127305
0.18355852
0.16132309
0.51358305
0.58344316
0.17253246
0.29623568
0.13313609
0.42982301
0.14212624
0.40620724
0.27940465
0.12243330
0.16720508
0.21108703
0.14351221
0.00262498
0.03479694
0.25043215
0.46869242
0.21337889
0.15235264
0.58032816
0.28208190
0.72060617
0.04369136
0.26716859
0.12157202
0.20001562
0.40043155
0.18472611
0.15271961
0.29029139
0.14849457
0.33910622
0.19264352
0.17211182
0.13837469
0.36452054
0.11503320
0.16842222
0.11295424
0.27980385
0.57019204
0.18221095
0.12098674
0.22046432
0.35930284
0.22466319
0.22837051
0.14249262
0.42586654
0.15079285
0.29240532
0.02677623
0.36400237
0.14990625
0.79841140
0.30725730
0.74404128
0.28882100
0.22865425
0.24039328
0.24780655
0.12469902
0.23088895
0.02077512
0.30444296
0.38303098
0.26818645
0.10397593
0.20977955
0.24791128
0.37834175
0.36819748
0.22979519
0.31756166
0.13051452
0.34077502
0.15705277
0.83879649
0.15969748
0.59039152
0.12611934
0.53908939
0.03620364
0.28203355
0.29053456
0.03039223
0.29711677
0.29511510
0.00067523
0.04326865
0.13605709
0.17629193
0.09934406
0.60919652
0.93860495
0.49848962
0.31751065
0.16307928
0.17338540
0.27000905
0.35928732
0.17380418
0.16101330
0.11225946
0.18433649
0.35485464
0.37495774
0.38941514
0.14549638
0.17099696
0.15510880
0.16048072
0.24772042
0.15687856
0.38156372
0.19652807
0.16003307
0.39195197
0.50109169
0.15389479
0.21363404
0.35748863
0.91582984
0.35369307
0.22674418
0.21288821
0.27908239
0.11452695
0.18448705
0.29415576
0.25118877
0.14470969
0.34768245
0.13932114
0.10089488
0.09375163
0.81248178
0.12873064
0.18328418
0.21675275
0.26017275
0.08151299
0.33715112
0.02216852
0.13334846
0.24333855
0.14338761
0.12178200
0.20178576
0.18629831
0.25541648
0.20419733
0.13433747
0.26263362
0.99285625
0.99903505
0.41348214
0.49743576
0.36722135
0.24038262
0.37009239
0.42873653
0.21753885
0.28083912
0.07770043
0.11856966
0.34105640
0.63505451
0.15145770
0.56081469
0.95570678
0.37057836
0.09580215
0.18263288
0.25788727
0.05159069
0.00948429
0.28998608
0.01471113
0.24907650
0.17341769
0.25641904
0.44072741
0.16861094
0.23788475
0.31474354
0.18993191
0.41153096
0.16772959
0.10763446
0.13285324
0.42983737
0.14451069
0.13143103
0.18764105
0.09986574
0.06392780
0.12596733
0.27229206
0.17239089
0.34046692
0.27748519
0.32026088
0.20330098
0.00734899
0.31917730
0.13017376
0.55957372
0.15329165
0.14893947
0.25369612
0.79413696
0.04559451
0.27513016
0.12230089
0.16893809
0.19164367
0.24268296
0.03229345
0.29245821
0.46218716
0.26181496
0.38342701
0.26864440
0.88632830
0.36277943
0.16914218
0.64588396
0.10058281
0.08411932
0.10354222
0.00000308
0.29323171
0.22802288
0.21954709
0.25358324
0.33281295
0.00242834
0.26725652
0.18357758
0.62773624
0.15937052
0.27566838
0.11458108
0.17300253
0.14655210
0.93453933
0.14670568
0.13527346
0.00478275
0.17154682
0.28377697
0.17734318
0.17602128
0.17945024
0.24039936
0.16180821
0.20261114
0.19592154
0.29509713
0.16592210
0.16961582
0.41025640
0.46196337
0.54645383
0.26247664
0.27439722
0.25112399
0.14324934
0.23271689
0.43598690
0.11960143
0.13502534
0.00013282
0.25959384
0.64505408
0.09969090
0.18693657
0.27255644
0.20245008
0.35993575
0.26815103
0.11204839
0.31066565
0.30800506
0.11642244
0.23542194
0.28870292
0.24532474
0.04203528
0.11726868
0.39252445
0.20220684
0.13174540
0.00333176
0.20165688
0.83965857
0.14452170
0.31620954
