# NTRAJ	1000
0.21594192
0.13653470
0.19409919
0.10393731
0.18138776
0.17319403
0.17022089
0.41040253
0.27864322
0.34602841
0.14401193
0.14968452
0.14296464
0.47584584
0.20679792
0.22790580
0.25099169
0.20381543
0.09262768
0.10268835
0.11326662
0.14304540
0.55190665
0.34867907
0.50898251
0.14876865
0.18329773
0.29474064
0.27392842
0.18728783
0.15747579
0.16396752
0.12273675
0.34483828
0.24821728
0.85612227
0.40654553
0.20295957
0.24534021
0.19926636
0.17914374
0.34773438
0.10705490
0.11730598
0.30316004
0.17567038
0.16313579
0.19051654
0.28022039
0.22709386
0.09010294
0.24577060
0.28576812
0.41445425
0.71498149
0.20901475
0.19200539
0.52662982
0.22215694
0.44711888
0.82343255
0.11947851
0.11614420
0.32157868
0.17030629
0.16527515
0.13802167
0.24363572
0.11106590
0.14673255
0.22898817
0.45771105
0.19477826
0.34924161
0.11177438
0.21471779
0.12511347
0.11006429
0.35076010
0.37290508
0.13253519
0.16761589
0.19747016
0.33260341
0.11549665
0.17009220
0.38078822
0.20331676
0.10204881
0.44351557
0.11168917
0.28968697
0.15364430
0.22111602
0.46190201
0.13291739
0.15534309
0.10116501
0.25069582
0.16348786
0.17343361
0.33380229
0.79484290
0.32999621
0.12423683
0.11537890
0.12229286
0.11405059
0.14290156
0.09921357
0.13558619
0.39040948
0.33700445
0.29502724
0.31711712
0.15868157
0.18767702
0.30531171
0.39403032
0.24524362
0.16291825
0.13755103
0.20596735
0.23923991
0.16280418
0.15297712
0.19440501
0.20697119
0.29991240
0.28139288
0.18604452
0.31092824
0.30558772
0.25226348
0.12155815
0.22643105
0.17943489
0.12015365
0.29692031
0.16956429
0.16919118
0.31959768
0.18934557
0.27811710
0.18571253
0.67090401
0.22028628
0.12151074
0.15784760
0.23334390
0.20464158
0.25674512
0.13767210
0.18627182
0.30361921
0.22433387
0.12379908
0.25390389
0.09941418
0.13849395
0.49627668
0.11394027
0.14460181
0.13363714
0.14627156
0.34933036
0.25074452
0.08833054
0.19006792
0.89942749
0.11521458
0.18371349
0.20480393
0.21905605
0.10790913
0.12129812
0.16029842
0.14696497
0.11780779
0.09262372
0.54118505
0.13256529
0.16370925
0.28013007
0.20783361
0.18075526
0.35303632
0.13550497
0.52311064
0.43115319
0.23654943
0.12398586
0.22419629
0.12504201
0.54365370
0.15792164
0.19635105
0.13117670
0.16258058
0.17682256
0.17437748
0.12300450
0.18263258
0.31949352
0.51265680
0.09079015
0.25693371
0.20500985
0.45926929
0.16901615
0.19233234
0.27618829
0.17476379
0.19508001
0.21621692
0.19702843
0.67814196
0.30625062
0.28711190
0.15279038
0.19856301
0.20174425
0.26898510
0.12872249
0.18605156
0.22447333
0.17069895
0.16926118
0.18481793
0.16893583
0.16136535
0.10961224
0.63883924
0.25471464
0.17909645
0.23324885
0.14220540
0.16051331
0.25738510
0.17330927
0.24540989
0.21708380
0.26028191
0.23202487
0.77896245
0.14946598
0.14609530
0.19421444
0.30189079
0.34687596
0.16584094
0.44242403
0.11823104
0.27918431
0.27674210
0.11407280
0.26867782
0.16127685
0.22136175
0.16234563
0.19500284
0.26253466
0.18711017
0.36867420
0.13686875
0.13830857
0.15212420
0.22075186
0.22121922
0.28376477
0.33462430
0.22575235
0.31692263
0.30755985
0.21839907
0.26850876
0.48268639
0.34539197
0.13802764
0.21622438
0.32964119
0.23373564
0.35420306
0.17401587
0.19042150
0.26400395
0.20691815
0.28038244
0.22816792
0.12860429
0.14090019
0.16211304
0.42241044
0.12943950
0.34028278
0.17150575
0.31491918
0.32336363
0.16765771
0.19733432
0.26257998
0.11577630
0.18136808
0.15557495
0.13209176
0.14808469
0.47109604
0.10547944
0.11158935
0.18924560
0.13685632
0.16109871
0.11361242
0.58486219
0.14123281
0.25997503
0.20119247
0.17107671
0.13378433
0.16888963
0.23955992
0.27477332
0.15751673
0.31810604
0.23190592
0.24939729
0.50705665
0.17778925
0.26176212
0.32760064
0.19089959
0.29063003
0.13737228
0.17625076
0.21018162
0.14352280
0.13078844
0.32518809
0.16650348
0.21781683
0.11710336
0.17921437
0.18093794
0.17331681
0.53890327
0.13318882
0.13141070
0.14867215
0.15133348
0.33178015
0.19795093
0.17204868
0.21261066
0.20575287
0.13304026
0.31390155
0.35676736
0.15143411
0.21448375
0.29482379
0.22344906
0.16748838
0.12054248
0.30549219
0.26241185
0.23043688
0.12807846
0.11606249
0.12614346
0.09666428
0.07596162
0.17516912
0.10479247
0.32727737
0.17361325
0.26090140
0.17877141
0.48889377
0.21286827
0.47795312
0.17353448
0.11003383
0.18082675
0.13195192
0.26459698
0.11293237
0.32824553
0.20769181
0.14632690
0.20112251
0.32388141
0.39627074
0.24781358
0.12569891
0.17344433
0.13231325
0.14252075
0.12492442
0.21905885
0.08556602
0.18876777
0.20192411
0.17895190
0.67970155
0.13536803
0.12413813
0.26224744
0.34080032
0.14245026
0.44574249
0.17342666
0.24950101
0.36572644
0.14053188
0.09974922
0.95084854
0.26025534
0.13291382
0.37790405
0.22647543
0.41103413
0.18146265
0.13254121
0.31643420
0.41030101
0.33899322
0.29014072
0.17690169
0.13243122
0.16785071
0.34177454
0.18403104
0.23074274
0.22469143
0.27045121
0.19026585
0.18094731
0.17979946
0.25831394
0.22193706
0.13245053
0.32375513
0.21919833
0.25051065
0.65304080
0.15276403
0.62878216
0.72298143
0.13207702
0.10208965
0.32446999
0.45353720
0.09467655
0.10461257
0.20249637
0.25709789
0.20179438
0.49420260
0.20293492
0.61048386
0.22061851
0.29224539
0.19204835
0.26449375
0.19471417
0.63425877
0.87325952
0.27924655
0.15023609
0.14457910
0.39328546
0.20712740
0.21929733
0.20411521
0.11749099
0.26367313
0.19908794
0.28892581
0.15275321
0.52371101
0.14379940
0.23654013
0.14319686
0.24195308
0.37838839
0.37371823
0.37462345
0.18436050
0.22023167
0.38202097
0.09695068
0.88285117
0.19819068
0.10631559
0.13894880
0.40661832
0.16859619
0.33666654
0.22185678
0.20983910
0.18253449
0.27980462
0.24549808
0.17350584
0.28566047
0.15583777
0.14530476
0.16727329
0.15940512
0.12023306
0.16583870
0.11830423
0.24716266
0.15009933
0.33150138
0.33833440
0.36801484
0.12424557
0.20411111
0.22555540
0.75584804
0.15109727
0.36039510
0.22469753
0.42205777
0.32578381
0.28374320
0.19887590
0.16910737
0.27584098
0.41978257
0.44975655
0.16860519
0.23412576
0.30127300
0.21810634
0.41046294
0.30974361
0.16749560
0.19703771
0.22173119
0.17579466
0.45843379
0.13472237
0.42667705
0.27799320
0.14264685
0.38278429
0.22727876
0.26523681
0.28177615
0.43651563
0.33335818
0.34889365
0.38402214
0.63656115
0.16669463
0.22301771
0.45621156
0.17109944
0.13214473
0.45345921
0.50728540
0.17828850
0.21355241
0.14577278
0.20737131
0.19523676
0.30028219
0.26784715
0.35093113
0.16354061
0.10829113
0.32463386
0.26485705
0.12324978
0.30637603
0.21405770
0.41354305
0.17761236
0.46214578
0.25748069
0.14550797
0.49273703
0.27867337
0.28457392
0.15658390
0.12193918
0.11948498
0.17090511
0.23591850
0.16997795
0.25230855
0.39775786
0.09687443
0.67391064
0.20803190
0.30315421
0.18669691
0.22042152
0.11412321
0.13912267
0.24763554
0.23920655
0.39262873
0.41193025
0.17777922
0.18056645
0.28361027
0.10907431
0.14607018
0.30861054
0.14276731
0.12951741
0.19733402
0.36381092
0.41370025
0.15446356
0.41124896
0.24698894
0.15069634
0.14818479
0.19316332
0.42973266
0.24979027
0.46943080
0.16830186
0.59069202
0.15653365
0.28705225
0.53265692
0.17596240
0.17608825
0.24789759
0.16119844
0.19349821
0.19292025
0.24738999
0.13547912
0.27408245
0.19162238
0.14180426
0.15193034
0.12520771
0.10799797
0.22908898
0.23401264
0.18114181
0.22285154
0.16208700
0.47876200
0.32201287
0.42367697
0.17729227
0.12581470
0.14607535
0.15104785
0.48728455
0.24566662
0.35844704
0.25844034
0.17201662
0.45605756
0.26534995
0.33780774
0.23106452
0.64314373
0.17363422
0.26418307
0.19311433
0.12241370
0.18701595
0.15749649
0.21805529
0.30272483
0.16527980
0.60225764
0.25144697
0.16137581
0.10272318
0.17756360
0.49182347
0.15289006
0.29457933
0.89996566
0.39491694
0.21549647
0.16830928
0.14449378
0.20447589
0.17353909
0.16496530
0.15050917
0.43935333
0.22982573
0.17285364
0.16352650
0.46510037
0.30337411
0.41244610
0.24999121
0.14403588
0.30208058
0.25937513
0.12917387
0.22591771
0.26907130
0.18894479
0.30447006
0.44648222
0.16421196
0.17914773
0.20738803
0.26004367
0.22227754
0.33722640
0.11104854
0.21595521
0.56610264
0.18707894
0.15196994
0.80379862
0.09532404
0.16769198
0.19369054
0.21789463
0.22454422
0.21143648
0.22169437
0.21103190
0.11694518
0.11566214
0.30380532
0.44405687
0.63526098
0.16965564
0.22407054
0.16036953
0.20282348
0.96276176
0.20654801
0.18945002
0.43928842
0.33247240
0.19876583
0.19305620
0.46761895
0.38973026
0.12778226
0.50113689
0.10067525
0.41379065
0.10464831
0.33435398
0.20800858
0.26163076
0.22830278
0.53718930
0.23524919
0.29542948
0.24688986
0.25415900
0.17635023
0.31967901
0.19197083
0.14431713
0.19933071
0.19348297
0.11369044
0.18619054
0.37185027
0.31959961
0.22814941
0.55674181
0.35266201
0.14507564
0.36577844
0.30904069
0.12900843
0.16952091
0.21734779
0.15198835
0.15977091
0.11869790
0.25463489
0.23894745
0.28416882
0.34642672
0.15316695
0.12282671
0.26910040
0.27106490
0.19716191
0.16072045
0.11378171
0.26114964
0.29370520
0.15138398
0.34932068
0.49524967
0.26397332
0.12950879
0.11377889
0.27911064
0.15443993
0.16535928
0.22784705
0.46465943
0.15325951
0.25098440
0.24094147
0.22014143
0.55152361
0.41298930
0.09581070
0.14861214
0.48123034
0.20883858
0.17630489
0.11927646
0.42858784
0.15906402
0.16954912
0.22876691
0.28040280
0.29634134
0.15864258
0.17896653
0.14347057
0.71375106
0.08107316
0.20327846
0.26054098
0.17812536
0.25780098
0.15005133
0.12622442
0.21891512
0.13535526
0.15927617
0.36049112
0.12356109
0.28724328
0.16691569
0.77868484
0.45267099
0.10918899
0.74881687
0.31013217
0.11493124
0.38038765
0.18226164
0.12604684
0.20428803
0.33213600
0.11181382
0.29011780
0.23685181
0.16335589
0.19464822
0.09829390
0.18333295
0.20212946
0.19524275
0.21770834
0.16909808
0.17391208
0.09014310
0.29632084
0.82410221
0.11475405
0.31032611
0.22197554
0.22343729
0.10580230
0.19632997
0.14951316
0.99600897
0.18287620
0.11438691
0.31559783
0.24975529
0.27499160
0.24463101
0.18472686
0.12785311
0.57972026
0.31120326
0.16617183
0.56094938
0.22673649
0.30262409
0.19224138
0.18585600
0.10171737
0.23377079
0.35722801
0.19822647
0.16450384
0.39760472
0.33307681
0.22034558
0.27850158
0.16410141
0.15805666
0.19828735
0.32127471
0.23392487
0.09418935
0.16316223
0.11779559
0.12541751
0.15743162
0.12255282
0.22789737
0.45672450
0.20790926
0.09347870
0.30738032
0.25684858
0.13219235
0.14220568
0.17088490
0.13396932
0.26895792
0.15899772
0.10101382
0.25609613
0.46746653
0.68509668
0.19233013
0.17442851
0.46692262
0.16140102
0.10498635
0.13631725
0.11369018
0.19667807
0.22095746
0.10598917
0.18877574
0.13122420
0.32565256
0.10962694
0.21691300
0.27445726
0.08231758
0.24139236
0.11402706
0.43470759
0.15992295
0.36153635
0.34132411
0.32942230
0.34054677
0.13230423
0.31630074
0.19052440
0.35428367
0.09758907
0.16595204
0.53891013
0.36679894
0.20281098
0.10133625
0.21679442
0.21493582
0.19086625
0.16580774
0.18138933
0.93725419
0.14737077
0.67305231
0.18109713
0.99372232
0.15638078
0.39597604
0.16964308
0.13200654
0.13996577
0.17473122
0.23411512
0.12335739
0.18441444
0.33277410
0.13092176
0.12607253
0.16689962
0.20901960
0.07765557
0.23396842
0.25845619
0.22601278
0.21189088
0.65073841
0.19235880
0.43401235
0.20748490
0.16384272
0.09786924
