# NTRAJ	1000
0.00429940
0.22618867
0.17317941
0.20473087
0.21945248
0.15703952
0.11026194
0.00052303
0.28804567
0.25009462
0.24630892
0.34770987
0.39985765
0.32178448
0.16266074
0.10127139
0.95334476
0.15808769
0.12145463
0.31445936
0.21591874
0.19854918
0.18404800
0.34532596
0.11656505
0.08226900
0.49618405
0.31955551
0.28272723
0.39480789
0.09431959
0.14238184
0.41374595
0.23409724
0.11814200
0.08625294
0.45150403
0.39277093
0.65153220
0.21712849
0.23044284
0.46933640
0.37526366
0.22520015
0.16616915
0.14003846
0.16978513
0.19017049
0.29004686
0.11616670
0.64029784
0.15282151
0.00392967
0.34294807
0.00581684
0.56764126
0.56690447
0.56572603
0.12738904
0.28488145
0.02683955
0.38721405
0.22330715
0.31560678
0.17181480
0.18141114
0.72861084
0.51022509
0.37017933
0.26186213
0.16729690
0.09733906
0.17522305
0.46999460
0.28419496
0.42546378
0.22507517
0.32166611
0.25725803
0.13516313
0.33985853
0.27060140
0.18168883
0.39601550
0.32074371
0.52737585
0.11068138
0.28145536
0.61017505
0.33885078
0.14845689
0.13623297
0.19737967
0.51559577
0.93855374
0.00171321
0.32800308
0.36593697
0.18611490
0.17766847
0.05968184
0.16748450
0.22790140
0.18922399
0.17369528
0.29293561
0.60681956
0.14107299
0.14738643
0.26214695
0.12068109
0.59477573
0.33543887
0.16976549
0.26685349
0.37575762
0.15510728
0.22370733
0.22901685
0.13283740
0.18121484
0.22662674
0.40994566
0.43311505
0.32662634
0.49667408
0.33467788
0.30798820
0.52829202
0.42377497
0.14051464
0.12620401
0.07690148
0.22125591
0.40079382
0.99983954
0.15080501
0.97746129
0.21602623
0.08060263
0.13962977
0.27646064
0.00308384
0.00697595
0.29462637
0.39131256
0.60995270
0.27476630
0.32642141
0.15308507
0.20618707
0.18075470
0.11196375
0.88028159
0.33236466
0.15200353
0.41052855
0.19843161
0.24714794
0.20260107
0.15720347
0.11202561
0.26227790
0.16134335
0.12243428
0.42829167
0.34105970
0.74485530
0.17194622
0.03791882
0.17727749
0.70246850
0.18906411
0.38850655
0.28880255
0.26862509
0.11614117
0.17985298
0.44291713
0.76637342
0.02965764
0.13275017
0.18929265
0.30619293
0.19581324
0.14138067
0.96100928
0.20490075
0.99880100
0.27159946
0.09893304
0.16813344
0.12194758
0.35843100
0.58331004
0.75777642
0.27984672
0.13382842
0.50137711
0.39181809
0.31729367
0.93811594
0.25353445
0.50261120
0.22163856
0.29748254
0.43432218
0.09363358
0.60671988
0.16321164
0.14498051
0.19802722
0.10528730
0.07817320
0.34148398
0.13232155
0.41595569
0.61588820
0.72630667
0.92245294
0.45485573
0.31510069
0.13844656
0.40606306
0.99408958
0.16967306
0.97150205
0.11252025
0.18116045
0.17379309
0.21218797
0.47507938
0.13234996
0.20525456
0.21592785
0.24999993
0.14473747
0.15505562
0.33413554
0.28754378
0.09210804
0.31754489
0.22078366
0.30466937
0.15021255
0.24049965
0.18018305
0.40286190
0.17461650
0.74398779
0.24577297
0.21305248
0.22172625
0.39892473
0.28888600
0.15702780
0.89455330
0.18565429
0.14593408
0.14387851
0.28158852
0.31224198
0.23381671
0.70201261
0.15888305
0.45744768
0.88647657
0.13149809
0.10510044
0.33284138
0.14942779
0.21319224
0.26106372
0.20414925
0.29185404
0.28056291
0.10160218
0.23997209
0.37101582
0.11489967
0.31275054
0.62399999
0.20685557
0.85474093
0.35739870
0.20841726
0.93448677
0.18638175
0.22759240
0.46201608
0.09771376
0.12770018
0.40219312
0.20039728
0.14719373
0.22408913
0.03358284
0.57676342
0.25511651
0.34485464
0.18009027
0.29882460
0.10824346
0.43162297
0.24359222
0.15873384
0.00894257
0.95408150
0.66656451
0.20248469
0.10686058
0.12657661
0.15853842
0.17000354
0.03487677
0.40864033
0.42733103
0.19026414
0.58738058
0.19278330
0.09823199
0.68502651
0.36824714
0.17132981
0.46855148
0.97937856
0.67853270
0.42643838
0.13328804
0.25548152
0.28683365
0.12981295
0.11931713
0.97454990
0.11371018
0.13917574
0.44543913
0.12943224
0.12739724
0.20379454
0.29348219
0.23181888
0.14522309
0.23333371
0.63122375
0.21325725
0.15811248
0.17595969
0.12610714
0.16414814
0.61691953
0.24296618
0.09498324
0.11177646
0.22729086
0.39124311
0.25545042
0.13150095
0.08653226
0.14226487
0.13146982
0.15426061
0.44824059
0.11559307
0.25767898
0.32711122
0.75132693
0.34265297
0.21402180
0.12313562
0.96119136
0.16389849
0.76335019
0.00542611
0.35313609
0.18770620
0.14485388
0.26531493
0.26846051
0.19646772
0.13127612
0.19217765
0.55215946
0.71074004
0.24037144
0.12169856
0.11114242
0.23104835
0.19454472
0.23340679
0.14690205
0.10814938
0.23331453
0.67993162
0.09356888
0.21508691
0.31530253
0.20477143
0.92361694
0.70902400
0.15064038
0.16602000
0.33661771
0.44437047
0.32537425
0.18829193
0.95179763
0.39470032
0.27225743
0.31400624
0.67655822
0.17881567
0.16278542
0.69446983
0.41409800
0.06674069
0.41182633
0.76189817
0.31041448
0.23023194
0.02276519
0.22117727
0.16327072
0.13126432
0.23787563
0.20201609
0.21104155
0.17950639
0.24611929
0.13572863
0.34715180
0.05746971
0.20013310
0.64433182
0.14861426
0.51686463
0.44735715
0.00019330
0.20051563
0.34588950
0.18481699
0.23313365
0.30017218
0.21340250
0.33790602
0.10649880
0.53846349
0.20342031
0.47130368
0.32173628
0.12952580
0.18327374
0.12793454
0.18198755
0.65250158
0.20256721
0.24089990
0.23812606
0.98880956
0.01170396
0.32381336
0.33439536
0.25501334
0.16335901
0.34705121
0.94617713
0.67687959
0.19874106
0.28055448
0.35194555
0.01129140
0.12659463
0.18394689
0.22686055
0.16555156
0.18342236
0.12247752
0.24606396
0.49367827
0.28630502
0.22968415
0.54190767
0.38974598
0.29955548
0.25622860
0.30591068
0.53905143
0.08462409
0.76980872
0.23326904
0.35342608
0.06150072
0.31345526
0.92809409
0.43086242
0.02251317
0.39269895
0.20647295
0.29561514
0.15718947
0.30967003
0.10711403
0.26268531
0.20254877
0.64650514
0.12571108
0.14023592
0.30290784
0.78524172
0.31708536
0.25275418
0.41759301
0.40835884
0.11839329
0.34824492
0.16031748
0.20463771
0.23724703
0.34199742
0.38981458
0.58362618
0.13951093
0.16546872
0.37195856
0.00096773
0.40283430
0.34621556
0.80544540
0.18864498
0.12096971
0.20920550
0.10475282
0.15564986
0.30507421
0.21711466
0.95422946
0.09862047
0.13381756
0.24067724
0.48633411
0.25816471
0.24064247
0.37312056
0.57812698
0.99161640
0.29919938
0.37569463
0.23355462
0.24929462
0.15161813
0.33270062
0.50126542
0.16160463
0.18686512
0.23885562
0.29608406
0.27829929
0.43385385
0.31900821
0.23878638
0.28906073
0.08973998
0.07442443
0.13868131
0.15180714
0.31546653
0.01297297
0.21189827
0.20032424
0.20580272
0.35058468
0.32544952
0.14763982
0.49267905
0.47923832
0.86276162
0.26886638
0.58044094
0.16710746
0.17118479
0.98744210
0.00530799
0.26340341
0.46768358
0.16343254
0.16251932
0.31325908
0.24288753
0.14753576
0.18775404
0.35811813
0.20775859
0.31452256
0.63845189
0.16275874
0.07730681
0.18314154
0.11030422
0.13006653
0.13989169
0.38240824
0.31420348
0.17095344
0.21292219
0.25139328
0.28161799
0.15819334
0.28297488
0.28155695
0.12647677
0.27923943
0.14310722
0.14196677
0.21625568
0.44642727
0.21471330
0.51813064
0.63616930
0.30139859
0.27047209
0.13967957
0.21306760
0.18554169
0.35724288
0.22873647
0.03338261
0.15808353
0.23996447
0.15763905
0.30645831
0.17046591
0.41577909
0.27103234
0.49534353
0.23070024
0.17674072
0.58533935
0.12119483
0.27354791
0.13439810
0.44858727
0.19369384
0.51823632
0.26622839
0.09156424
0.16638619
0.40645017
0.03626406
0.19001147
0.13699628
0.24798323
0.24300868
0.20472089
0.08756616
0.75464600
0.18139472
0.31483471
0.25417494
0.20221794
0.59229511
0.06405996
0.15450398
0.59832037
0.15896344
0.40639461
0.15960011
0.40622435
0.42716713
0.26501409
0.17580007
0.13348538
0.10943028
0.52520082
0.12560832
0.16085227
0.71600821
0.03304060
0.18390167
0.18254887
0.73292836
0.79960015
0.15072970
0.24933619
0.14610983
0.32434670
0.92503201
0.15876642
0.19113676
0.09275133
0.15765121
0.16041372
0.24959020
0.49897355
0.23244332
0.31800120
0.55214722
0.46876917
0.83362645
0.99346633
0.43853455
0.64674722
0.21007433
0.37664399
0.11212737
0.11634825
0.98499457
0.15747165
0.34816262
0.09219027
0.26387774
0.09959871
0.15171954
0.29658606
0.23176693
0.38205241
0.51438730
0.21868889
0.13728873
0.05637462
0.20566164
0.17922527
0.18237429
0.32531072
0.23194854
0.18365115
0.29876353
0.48108527
0.42092099
0.25116639
0.27906416
0.26542468
0.26655101
0.20446635
0.28608653
0.03324304
0.41885585
0.14160018
0.30553455
0.33253279
0.11304312
0.02325776
0.56285639
0.19113527
0.21256624
0.11503217
0.31040812
0.42132310
0.18659857
0.32734165
0.24212455
0.52358515
0.15911646
0.46304369
0.17646554
0.45590252
0.01144538
0.22438756
0.18815306
0.99280776
0.00564387
0.30663566
0.26433595
0.43316181
0.20833856
0.27011835
0.19781923
0.22805847
0.34035594
0.50142758
0.28467076
0.18062790
0.24987036
0.30046134
0.29946139
0.34019807
0.09015002
0.48786579
0.17790826
0.61652279
0.97609362
0.35495233
0.18786711
0.40662588
0.32987070
0.18460838
0.25219884
0.48456965
0.21996062
0.16380436
0.43992272
0.76755420
0.38891930
0.07489551
0.20541591
0.61110052
0.24940644
0.16046337
0.54749457
0.24863995
0.15288508
0.24453817
0.11295106
0.45209660
0.53049825
0.18346869
0.19006796
0.00809688
0.24415506
0.28405454
0.32823990
0.19526480
0.30644008
0.12217108
0.20036504
0.22036192
0.25866837
0.00977209
0.22171239
0.15603319
0.28363502
0.11217701
0.15381649
0.43869431
0.07921547
0.59930739
0.60803886
0.31514961
0.13742247
0.34904209
0.02768686
0.32254402
0.20250928
0.24522929
0.23329541
0.36919605
0.14643250
0.32370934
0.10582903
0.26018959
0.14142632
0.16574094
0.70149002
0.99863489
0.23551397
0.14611948
0.14546341
0.03636103
0.17780356
0.20193205
0.33519009
0.02318598
0.16474856
0.26128459
0.25242334
0.16242089
0.13604571
0.15329042
0.19539250
0.28038134
0.60376478
0.15989507
0.24961605
0.12971589
0.12814993
0.14452311
0.96255712
0.11349678
0.17262524
0.18514894
0.00001319
0.23215104
0.21704782
0.17117522
0.22541297
0.16207875
0.73227962
0.99088042
0.31607152
0.22494213
0.50396230
0.14183524
0.11133617
0.11148238
0.12393278
0.31265236
0.38325374
0.19725893
0.00001461
0.22633202
0.47309409
0.34226424
0.80477508
0.33047663
0.54820371
0.17949186
0.74399133
0.59507746
0.28260480
0.19189080
0.12793321
0.27819391
0.17695985
0.20525152
0.33426505
0.40271669
0.54980694
0.43059221
0.18855096
0.32455398
0.22433863
0.11297351
0.25489253
0.39748062
0.97591375
0.64783584
0.17450354
0.21916118
0.21465359
0.24530548
0.93870935
0.20278403
0.15474385
0.37779098
0.26599955
0.33311304
0.44611736
0.14697630
0.13963226
0.14965799
0.14622025
0.19177099
0.19926789
0.46615287
0.28396279
0.14854895
0.47806916
0.10339799
0.16787930
0.20498840
0.20421510
0.30883220
0.15624006
0.19857061
0.18392627
0.27046799
0.72221788
0.29791081
0.33139105
0.81103281
0.16892352
0.40037704
0.42571500
0.44112872
0.16144479
0.26735763
0.12452852
0.12842722
0.17921145
0.16936449
0.16098843
0.16932714
0.05451213
0.28654266
0.31094789
0.38766777
0.02708197
0.42805435
0.24737894
0.30797449
0.13333726
0.02854629
0.14019588
0.19285541
0.13956163
0.91193868
0.00017477
0.18738689
0.30535439
0.30690971
0.86532601
0.21319663
0.27482742
0.19375057
0.00002230
0.15882435
0.15448748
0.26168661
0.17149438
0.26721568
0.29822441
0.46337689
0.28494664
0.31628676
0.24787098
0.06074235
0.61067055
0.00160634
0.20218118
0.99991444
0.29616657
