# NTRAJ	1000
0.32778759
0.24739257
0.35906172
0.14897243
0.09443605
0.21735589
0.30324554
0.51269512
0.37249817
0.11597537
0.75968626
0.34041138
0.32712231
0.17793395
0.17193274
0.41695033
0.54422944
0.18380006
0.14715541
0.29115179
0.31375229
0.13150782
0.27102148
0.20847815
0.13472897
0.35964801
0.17399725
0.51828966
0.31653351
0.36026277
0.18316091
0.07922812
0.25377900
0.25126014
0.30013741
0.12057297
0.56175527
0.40362311
0.40869610
0.27489686
0.21179585
0.23473583
0.18786504
0.20650315
0.22443009
0.21072095
0.36507743
0.22177000
0.17464043
0.24782988
0.51133098
0.21324595
0.41148320
0.18939047
0.11006493
0.27504913
0.16287800
0.12890695
0.16019495
0.26526366
0.50450706
0.13242298
0.27893275
0.17752791
0.31153281
0.13695693
0.34275796
0.26924975
0.33481837
0.26540512
0.56606233
0.54257541
0.35038995
0.13804224
0.28855955
0.27488205
0.14690433
0.11944819
0.17166164
0.31389365
0.29938126
0.20191858
0.18765854
0.37239312
0.25555750
0.16705099
0.27582370
0.48156842
0.15495456
0.33316221
0.21927846
0.13367577
0.28156026
0.21219232
0.30620479
0.18008952
0.08109987
0.80890228
0.17704831
0.34223646
0.32741445
0.28742594
0.48413016
0.11799612
0.28979644
0.29456644
0.36393364
0.29927806
0.27765229
0.39121392
0.32386079
0.39758437
0.23328575
0.29222162
0.39458977
0.18139656
0.41761329
0.14691945
0.18992453
0.33071715
0.38439784
0.19145253
0.36082698
0.20943871
0.60590896
0.23251155
0.43900783
0.18905527
0.31774660
0.12970890
0.29705170
0.36695412
0.23929022
0.37299029
0.65066415
0.31324536
0.52959081
0.18972227
0.34104807
0.53229646
0.39774183
0.37935558
0.18725380
0.53597073
0.17647474
0.22722616
0.29974069
0.35730954
0.15085875
0.08966200
0.25607711
0.34177154
0.29193453
0.19520325
0.15998372
0.25321147
0.11415137
0.33201718
0.22383377
0.10048351
0.63145879
0.38778384
0.17212110
0.62523601
0.36690932
0.29607221
0.15519560
0.42454112
0.34627048
0.12348777
0.19298666
0.24725668
0.39487426
0.49030180
0.23014630
0.41551752
0.37280131
0.36988001
0.22600332
0.12934841
0.25360225
0.25425597
0.24359679
0.32542842
0.27382678
0.56679736
0.23629530
0.15717932
0.34466558
0.13926019
0.23325547
0.44035155
0.18901209
0.42542446
0.19464164
0.41081687
0.17747944
0.25220649
0.29748091
0.21420494
0.40338541
0.31311358
0.28486382
0.21337869
0.39256257
0.16360967
0.52475688
0.26993781
0.13102043
0.34772074
0.41919972
0.45210729
0.47700308
0.36399014
0.13594696
0.38670788
0.35744989
0.30325008
0.52961123
0.32662835
0.15918219
0.68210722
0.29160443
0.29417147
0.12934078
0.18507179
0.42766393
0.42135709
0.34450753
0.17217508
0.29285453
0.36542827
0.36753465
0.25219037
0.30016453
0.31544867
0.17999823
0.25040923
0.24593708
0.14708382
0.17509486
0.25465992
0.18560039
0.09450203
0.20617584
0.54127473
0.42505675
0.50612632
0.17613766
0.20930194
0.13617176
0.37361767
0.37886055
0.26786746
0.20743441
0.30457966
0.18260342
0.14780584
0.19120086
0.42610218
0.32474547
0.49701409
0.25339987
0.34971387
0.07214836
0.22636925
0.34015419
0.13609380
0.10941059
0.25124736
0.33643017
0.16078116
0.31747361
0.15685623
0.11571854
0.55934188
0.16225651
0.15368707
0.13708705
0.17588525
0.26745564
0.18391110
0.11526202
0.19411279
0.45062936
0.14000076
0.31607696
0.23187195
0.11329114
0.49204019
0.45242418
0.24102735
0.13467080
0.21152122
0.38134736
0.27385170
0.30661243
0.27133163
0.26280096
0.22037467
0.30912313
0.10448692
0.15940974
0.22028543
0.34682297
0.09563718
0.13942393
0.16822723
0.12057012
0.30095969
0.13996222
0.46412079
0.11346400
0.30917280
0.18458430
0.24331999
0.27628909
0.23924578
0.23285302
0.10775106
0.16357698
0.38455854
0.21909819
0.14732218
0.19078354
0.42815460
0.14323853
0.14103932
0.23237604
0.10001023
0.34595329
0.30328504
0.30742406
0.34824849
0.20547676
0.20060983
0.10764752
0.13977852
0.21598513
0.20105975
0.19181375
0.21217917
0.13897647
0.27982939
0.34436086
0.21211986
0.32031985
0.12458226
0.36163714
0.17354436
0.42992874
0.17698888
0.40926745
0.16813721
0.27883911
0.11013879
0.21297014
0.25650978
0.20570371
0.44109889
0.27291031
0.18604853
0.26497650
0.24436717
0.63168919
0.31895901
0.25876295
0.20114050
0.23255238
0.08600732
0.36082212
0.12453280
0.21879712
0.18222469
0.27937403
0.27353276
0.19465496
0.24292301
0.27970566
0.49747209
0.28266290
0.29691190
0.28807991
0.36988183
0.22596477
0.53583747
0.08078135
0.40308698
0.40045649
0.32740778
0.19115233
0.39139030
0.47766060
0.19952724
0.37635414
0.27716913
0.28562489
0.14961830
0.29102510
0.26408668
0.30263130
0.38558718
0.11381930
0.13770030
0.19453365
0.22518042
0.21023278
0.29152675
0.30723676
0.36918731
0.23990760
0.24265668
0.20290277
0.58569122
0.41294438
0.58964493
0.29011064
0.27522374
0.23896101
0.36402905
0.19816068
0.11848072
0.21217014
0.49935383
0.34869437
0.27991871
0.27084581
0.38068371
0.20877888
0.33762107
0.16975339
0.49810094
0.20419804
0.49934940
0.21694921
0.21915636
0.21194040
0.29477132
0.16619319
0.21680641
0.36560214
0.21101679
0.23924872
0.08703165
0.33485002
0.25195487
0.24081549
0.29296329
0.23106828
0.22005318
0.52667532
0.12313489
0.44022441
0.14046932
0.55944854
0.33142314
0.21870587
0.37986078
0.26786412
0.20810063
0.61570565
0.17807370
0.35180676
0.28003960
0.30262555
0.40612211
0.40728522
0.14939808
0.17690481
0.35586094
0.16522079
0.31336364
0.56104071
0.22919329
0.17630371
0.22003523
0.10217050
0.23772751
0.23943522
0.20345580
0.26725185
0.25813458
0.16176676
0.28523247
0.14674186
0.14940783
0.24249277
0.26017346
0.17492786
0.28959457
0.24859206
0.19197834
0.26656508
0.26196496
0.16381503
0.13762992
0.14517636
0.39740857
0.10888543
0.19248649
0.19666070
0.45787130
0.20480132
0.34558684
0.45415949
0.30207866
0.13045676
0.46579941
0.27006931
0.39783563
0.26864804
0.38038954
0.08334303
0.22269671
0.31193812
0.07425993
0.57062384
0.18096963
0.20831553
0.12722246
0.37066236
0.24567569
0.48473727
0.18086012
0.23176961
0.14640001
0.34992549
0.21306577
0.22264253
0.15233728
0.16648878
0.54192665
0.23460660
0.20565033
0.23252537
0.18926377
0.41511785
0.10685435
0.12766391
0.32266165
0.20786575
0.17645664
0.16468225
0.11762001
0.10640897
0.19835032
0.25749276
0.26630447
0.24726182
0.56786449
0.42465418
0.30154357
0.16371120
0.29396237
0.25232602
0.14391527
0.38274379
0.44699468
0.61336555
0.18778578
0.41217648
0.12809314
0.28079839
0.43035112
0.16057971
0.16084521
0.25518776
0.42785474
0.18707787
0.13787436
0.34138858
0.63449162
0.23199600
0.55482818
0.25887690
0.39925978
0.44767862
0.24336836
0.19837669
0.45973390
0.24008412
0.23458787
0.35018454
0.39008644
0.15030783
0.21231474
0.28566787
0.19042481
0.16716401
0.28250723
0.35928251
0.59146022
0.21541630
0.13800394
0.22063276
0.18585456
0.51885951
0.21576041
0.31778782
0.38563689
0.17899857
0.69369863
0.31968203
0.18178892
0.24997926
0.21500801
0.32090260
0.17226290
0.34806826
0.50795774
0.30276814
0.12961531
0.26195534
0.34890477
0.43227248
0.42887509
0.18432396
0.10144264
0.25588432
0.35499356
0.34489762
0.35799746
0.22429514
0.18987927
0.15889761
0.14121045
0.18140234
0.27223600
0.20845750
0.22923427
0.25249941
0.16335666
0.36456027
0.32278831
0.33014661
0.12958686
0.29107881
0.22585812
0.30131049
0.50791958
0.18789490
0.59281258
0.71927799
0.37004600
0.22511361
0.52983089
0.45170047
0.37674611
0.23745304
0.48504927
0.59156808
0.11390165
0.12668438
0.18705006
0.28550383
0.17080400
0.44089628
0.31931046
0.13176648
0.21607576
0.26162466
0.41055909
0.14871340
0.12954145
0.14627463
0.27076919
0.24541581
0.22089863
0.57870071
0.39639572
0.27859543
0.17389886
0.18254865
0.56813177
0.16999342
0.16619434
0.26629413
0.19249807
0.35886446
0.16468347
0.16580006
0.35389840
0.15467414
0.22509402
0.32096699
0.27492863
0.40125601
0.24949001
0.15939917
0.24230400
0.37880115
0.20004083
0.21601118
0.38752639
0.43809413
0.18582716
0.26998834
0.18489667
0.35192655
0.37557642
0.10966448
0.08245508
0.22654789
0.44437513
0.40261055
0.24763455
0.33006542
0.43586060
0.39520182
0.40884474
0.17054114
0.31757064
0.31218630
0.32127610
0.16564037
0.24920371
0.30127753
0.52957810
0.19286892
0.32160325
0.36042145
0.53359266
0.34501249
0.42729999
0.29602896
0.16836352
0.14427058
0.57240713
0.17155649
0.10514441
0.17689100
0.27757701
0.30329627
0.58097780
0.13996504
0.39135812
0.35305519
0.23234333
0.53962074
0.34609809
0.40356525
0.23888825
0.20447210
0.28562780
0.33957772
0.34514926
0.48730801
0.56694499
0.26579907
0.33622339
0.33579620
0.35322153
0.23367828
0.29778795
0.10160167
0.29606673
0.56248050
0.27004572
0.34407198
0.25880818
0.40104030
0.21029194
0.31270057
0.34140043
0.39804754
0.15537214
0.28408181
0.18640426
0.27801554
0.23847924
0.51732350
0.14344878
0.17112053
0.22691979
0.17696170
0.43204052
0.22549943
0.32116531
0.58588749
0.06879119
0.41396089
0.29207453
0.08721192
0.18412157
0.24330035
0.12218797
0.13929518
0.22204299
0.13053844
0.15672359
0.14754960
0.17732986
0.14598761
0.12485729
0.12402363
0.13116658
0.16057420
0.19242631
0.18942585
0.38781773
0.26673436
0.34484480
0.14853166
0.25019484
0.16115819
0.38453039
0.39378029
0.09609232
0.48591345
0.19469020
0.13190073
0.08021150
0.12119588
0.17030204
0.12219625
0.32902994
0.58918753
0.14931061
0.32086426
0.24277575
0.25605015
0.16348989
0.73740194
0.32002254
0.21663316
0.18906018
0.24578695
0.21575788
0.21498605
0.10566026
0.19864261
0.34009506
0.36618581
0.12642609
0.25748339
0.30152422
0.19032746
0.34376490
0.33111368
0.27430028
0.42354548
0.18245646
0.58453068
0.32276714
0.67048825
0.29311133
0.35494767
0.36485488
0.11701535
0.34185228
0.22300873
0.22012861
0.11956159
0.28283465
0.33322210
0.19901745
0.41469085
0.29976710
0.20631661
0.38758436
0.17894261
0.09997286
0.09148630
0.23134933
0.25015204
0.55149759
0.19864411
0.21016069
0.28519559
0.08097399
0.20192939
0.13434920
0.37608375
0.21296154
0.25490735
0.26977532
0.32116899
0.45521741
0.31147430
0.20887545
0.16461213
0.45053901
0.21219617
0.15394383
0.16863487
0.29646048
0.13873772
0.30543753
0.35234822
0.41093214
0.20497079
0.53971727
0.26697898
0.12423408
0.40548573
0.43488821
0.21988076
0.29854398
0.21067761
0.22441824
0.30857562
0.12243469
0.21001357
0.24908968
0.34578767
0.23512965
0.29928743
0.16744611
0.11293443
0.21242894
0.14661486
0.24693168
0.28073732
0.40995970
0.23763489
0.43007331
0.17006981
0.23021914
0.38138248
0.25577398
0.55502076
0.33392631
0.42567441
0.27068979
0.44327431
0.13178212
0.12821673
0.18853142
0.37405042
0.21230743
0.15680473
0.41158132
0.28782439
0.15903280
0.53075160
0.17544549
0.56407099
0.31521377
0.37460669
0.26221485
0.09235262
0.45465362
0.11459725
0.41372625
0.29571816
0.32547104
0.08281083
0.15327969
0.35133905
0.44608377
0.38030703
0.58478548
0.24481519
0.38833337
0.68145876
0.15913940
0.20545803
0.19504019
0.42182572
0.26012440
0.31752858
0.44712678
0.34659968
0.29341145
0.30378172
0.35233534
0.12809076
0.13647517
0.36678666
0.17024346
0.36883639
0.23132315
0.49377942
0.17705131
0.20869372
0.15233063
0.48145802
0.13348868
0.16721693
0.29934843
0.15061179
0.20559084
0.25540421
0.12352869
0.14372956
0.24392119
0.47561068
0.18795486
0.20132188
0.10220028
0.52425905
0.31627835
0.24185134
0.51980460
0.06509257
0.27871993
0.12895201
0.32445099
0.19024085
0.25383501
