# NTRAJ	1000
0.33377623
0.33377623
0.00617877
0.33377623
0.33377623
0.33377623
0.07804687
0.00468636
0.09928731
0.02264001
0.33377623
0.33377623
0.33377623
0.33377623
0.01402327
0.03737530
0.01898281
0.33377623
0.33377623
0.03108444
0.00129368
0.33377623
0.33377623
0.02715424
0.33377623
0.33377623
0.33377623
0.01155270
0.12837255
0.13555977
0.33377623
0.33377623
0.33377623
0.33377623
0.33377623
0.33377623
0.07252895
0.33377623
0.33377623
0.01651396
0.33377623
0.08568827
0.33377623
0.33377623
0.33377623
0.33377623
0.04440581
0.00126635
0.33377623
0.09214353
0.06059061
0.33377623
0.33377623
0.33377623
0.33377623
0.33377623
0.33377623
0.06904328
0.33377623
0.03725956
0.33377623
0.09988702
0.33377623
0.33377623
0.33377623
0.00415117
0.33377623
0.33377623
0.08978526
0.33377623
0.33377623
0.33377623
0.22698847
0.33377623
0.33377623
0.33377623
0.33377623
0.33377623
0.33377623
0.33377623
0.33377623
0.00042171
0.33377623
0.33377623
0.33377623
0.33377623
0.33377623
0.33377623
0.33377623
0.01074983
0.33377623
0.33377623
0.04976291
0.33377623
0.01844242
0.33377623
0.07407566
0.33377623
0.02798788
0.33377623
0.33377623
0.06287957
0.00000782
0.33377623
0.13227317
0.33377623
0.33377623
0.06437253
0.33377623
0.33377623
0.00019269
0.33377623
0.33377623
0.06450870
0.05257333
0.17837003
0.33377623
0.33377623
0.06848952
0.05308913
0.33377623
0.33377623
0.33377623
0.33377623
0.33377623
0.00955740
0.06085872
0.02008170
0.33377623
0.33377623
0.33377623
0.33377623
0.33377623
0.20508363
0.33377623
0.33377623
0.33377623
0.33377623
0.33377623
0.33377623
0.33377623
0.33377623
0.33377623
0.33377623
0.16560876
0.33377623
0.33377623
0.33377623
0.04149916
0.33377623
0.33377623
0.33377623
0.33377623
0.33377623
0.33377623
0.33377623
0.00001020
0.03542417
0.33377623
0.15861071
0.33377623
0.33377623
0.33377623
0.33377623
0.03011115
0.33377623
0.33377623
0.33377623
0.33377623
0.33377623
0.33377623
0.33377623
0.33377623
0.33377623
0.33377623
0.06369278
0.33377623
0.33377623
0.03184891
0.33377623
0.26484721
0.33377623
0.33377623
0.01499981
0.22427330
0.33377623
0.33377623
0.00045432
0.07154876
0.33377623
0.33377623
0.05542795
0.18508291
0.33377623
0.01074983
0.33377623
0.33377623
0.33377623
0.33377623
0.00001926
0.33377623
0.33377623
0.00025104
0.33377623
0.33377623
0.07015412
0.33377623
0.33377623
0.33377623
0.33377623
0.33377623
0.25692179
0.33377623
0.33377623
0.33377623
0.08408969
0.00546298
0.33377623
0.33377623
0.33377623
0.33377623
0.33377623
0.33377623
0.33377623
0.33377623
0.00325444
0.33377623
0.03261981
0.33377623
0.33377623
0.13024315
0.33377623
0.33377623
0.33377623
0.33377623
0.33377623
0.33377623
0.33377623
0.33377623
0.33377623
0.33377623
0.33377623
0.33377623
0.33377623
0.04306589
0.33377623
0.33377623
0.33377623
0.33377623
0.00140578
0.33377623
0.33377623
0.33377623
0.03440553
0.33377623
0.00888404
0.33377623
0.00669708
0.33377623
0.33377623
0.33377623
0.04282366
0.33377623
0.33377623
0.23225577
0.33377623
0.33377623
0.33377623
0.33377623
0.33377623
0.33377623
0.00895043
0.28474022
0.33377623
0.33377623
0.33377623
0.33377623
0.33377623
0.23018133
0.19548149
0.01634285
0.33377623
0.33377623
0.33377623
0.33377623
0.33377623
0.33377623
0.20860394
0.33377623
0.33377623
0.33377623
0.33377623
0.08714697
0.33377623
0.33377623
0.01018128
0.33377623
0.33377623
0.33377623
0.11583841
0.33377623
0.33377623
0.06519069
0.33377623
0.07029328
0.21068381
0.33377623
0.02715424
0.33377623
0.33377623
0.33377623
0.33377623
0.33377623
0.33377623
0.33377623
0.33377623
0.33377623
0.33377623
0.33377623
0.33377623
0.00595436
0.33377623
0.33377623
0.33377623
0.33377623
0.33377623
0.33377623
0.33377623
0.25581090
0.33377623
0.33377623
0.33377623
0.10033722
0.33377623
0.20428349
0.33377623
0.02332212
0.33377623
0.33377623
0.33377623
0.06987600
0.33377623
0.33377623
0.08336518
0.09037369
0.33377623
0.33377623
0.33377623
0.33377623
0.33377623
0.33377623
0.33377623
0.33377623
0.33377623
0.33377623
0.06032281
0.33377623
0.33377623
0.33377623
0.33377623
0.33377623
0.33377623
0.33377623
0.33377623
0.33377623
0.00816790
0.02592101
0.06752311
0.33377623
0.33377623
0.33377623
0.33377623
0.00540954
0.33377623
0.16529029
0.02861904
0.00976350
0.33377623
0.33377623
0.33377623
0.33377623
0.33377623
0.06437253
0.33377623
0.03451821
0.04824937
0.01826365
0.33377623
0.33377623
0.33377623
0.33377623
0.33377623
0.02421020
0.23592406
0.33377623
0.03818875
0.33377623
0.00823193
0.03317434
0.33377623
0.21532237
0.33377623
0.33377623
0.33377623
0.33377623
0.04674998
0.02401178
0.03418054
0.00766350
0.33377623
0.17246297
0.02082749
0.33377623
0.00206604
0.33377623
0.33377623
0.33377623
0.03947861
0.33377623
0.33377623
0.33377623
0.33377623
0.00296436
0.03610880
0.33377623
0.33377623
0.00121252
0.33377623
0.33377623
0.33377623
0.03206851
0.33377623
0.06342140
0.33377623
0.00001291
0.05700289
0.33377623
0.33377623
0.33377623
0.02026716
0.15258284
0.33377623
0.33377623
0.33377623
0.33377623
0.33377623
0.01591819
0.00143450
0.00908384
0.33377623
0.13242947
0.01600276
0.33377623
0.33377623
0.33377623
0.33377623
0.33377623
0.33377623
0.33377623
0.33377623
0.33377623
0.33377623
0.03350859
0.33377623
0.06959816
0.15765787
0.33377623
0.33377623
0.33377623
0.33377623
0.05014347
0.33377623
0.33377623
0.33377623
0.33377623
0.33377623
0.33377623
0.33377623
0.33377623
0.33377623
0.33377623
0.33377623
0.33377623
0.10485844
0.02342018
0.33377623
0.33377623
0.33377623
0.11953415
0.33377623
0.33377623
0.33377623
0.33377623
0.33377623
0.23719939
0.33377623
0.33377623
0.33377623
0.33377623
0.33377623
0.33377623
0.33377623
0.10048737
0.07577172
0.00396388
0.33377623
0.33377623
0.33377623
0.33377623
0.33377623
0.33377623
0.11629948
0.33377623
0.33377623
0.33377623
0.12650521
0.33377623
0.33377623
0.13995500
0.33377623
0.33377623
0.33377623
0.33377623
0.33377623
0.15988172
0.33377623
0.10425365
0.33377623
0.33377623
0.33377623
0.33377623
0.01634285
0.01467134
0.11139554
0.33377623
0.33377623
0.33377623
0.18924134
0.33377623
0.33377623
0.01103897
0.04416123
0.33377623
0.33377623
0.33377623
0.33377623
0.33377623
0.09525662
0.33377623
0.33377623
0.33377623
0.01533123
0.03065053
0.33377623
0.33377623
0.33377623
0.33377623
0.16131237
0.00003575
0.33377623
0.33377623
0.33377623
0.33377623
0.33377623
0.33377623
0.33377623
0.33377623
0.33377623
0.33377623
0.33377623
0.33377623
0.33377623
0.33377623
0.33377623
0.33377623
0.33377623
0.33377623
0.33377623
0.06099289
0.33377623
0.33377623
0.33377623
0.02809272
0.33377623
0.33377623
0.01925528
0.06355705
0.33377623
0.33377623
0.33377623
0.33377623
0.00478681
0.09794035
0.33377623
0.33377623
0.33377623
0.33377623
0.33377623
0.33377623
0.33377623
0.33377623
0.33377623
0.33377623
0.33377623
0.33377623
0.33377623
0.33377623
0.33377623
0.33377623
0.02622736
0.33377623
0.33377623
0.33377623
0.00000256
0.33377623
0.33377623
0.33377623
0.33377623
0.09199579
0.33377623
0.33377623
0.01516515
0.01971274
0.18652217
0.05270214
0.33377623
0.33377623
0.10865138
0.33377623
0.14074134
0.33377623
0.33377623
0.33377623
0.11491709
0.33377623
0.01125794
0.33377623
0.33377623
0.33377623
0.33377623
0.18044709
0.33377623
0.33377623
0.00488822
0.33377623
0.33377623
0.02490943
0.03451821
0.10956490
0.33377623
0.07733423
0.01060647
0.33377623
0.33377623
0.33377623
0.33377623
0.33377623
0.33377623
0.33377623
0.33377623
0.33377623
0.00065462
0.33377623
0.33377623
0.33377623
0.33377623
0.33377623
0.33377623
0.33377623
0.33377623
0.33377623
0.07224857
0.17453758
0.33377623
0.33377623
0.33377623
0.33377623
0.33377623
0.33377623
0.33377623
0.01617245
0.33377623
0.19980246
0.33377623
0.33377623
0.33377623
0.33377623
0.33377623
0.33377623
0.33377623
0.33377623
0.12852831
0.33377623
0.33377623
0.00050543
0.33377623
0.33377623
0.01817452
0.05116246
0.09377173
0.09928731
0.05321830
0.33377623
0.33377623
0.33377623
0.33377623
0.08963827
0.33377623
0.33377623
0.33377623
0.33377623
0.00429421
0.33377623
0.12402075
0.33377623
0.33377623
0.33377623
0.01096638
0.33377623
0.01418416
0.33377623
0.33377623
0.33377623
0.33377623
0.33377623
0.33377623
0.33377623
0.33377623
0.33377623
0.18076670
0.33377623
0.33377623
0.01004120
0.33377623
0.33377623
0.33377623
0.33377623
0.33377623
0.33377623
0.33377623
0.33377623
0.00121252
0.00004587
0.33377623
0.33377623
0.00264822
0.33377623
0.33377623
0.33377623
0.20652382
0.08293112
0.33377623
0.33377623
0.33377623
0.33377623
0.33377623
0.00292394
0.33377623
0.33377623
0.33377623
0.33377623
0.33377623
0.26405544
0.16099438
0.04294472
0.00292394
0.33377623
0.33377623
0.33377623
0.00253395
0.33377623
0.33377623
0.33377623
0.33377623
0.06045667
0.33377623
0.33377623
0.33377623
0.33377623
0.33377623
0.33377623
0.33377623
0.06045667
0.33377623
0.09943718
0.33377623
0.00007663
0.01177586
0.33377623
0.33377623
0.33377623
0.10986968
0.21196359
0.33377623
0.33377623
0.33377623
0.01140492
0.33377623
0.33377623
0.33377623
0.22938327
0.33377623
0.33377623
0.18540272
0.17102731
0.33377623
0.33377623
0.33377623
0.33377623
0.33377623
0.33377623
0.05952136
0.33377623
0.33377623
0.00017147
0.33377623
0.33377623
0.02430964
0.33377623
0.33377623
0.33377623
0.33377623
0.33377623
0.33377623
0.07266924
0.00584353
0.01410362
0.33377623
0.33377623
0.33377623
0.10773908
0.33377623
0.07520537
0.33377623
0.33377623
0.18700197
0.10516106
0.33377623
0.33377623
0.33377623
0.17022995
0.33377623
0.33377623
0.33377623
0.33377623
0.33377623
0.33377623
0.33377623
0.33377623
0.33377623
0.16943275
0.00103293
0.33377623
0.33377623
0.02054659
0.00717316
0.04234050
0.33377623
0.14011223
0.33377623
0.29636713
0.33377623
0.33377623
0.33377623
0.33377623
0.05978819
0.33377623
0.33377623
0.17709223
0.01237960
0.33377623
0.33377623
0.33377623
0.14294531
0.24850309
0.33377623
0.33377623
0.07534687
0.02120428
0.00434238
0.33377623
0.33377623
0.33377623
0.33377623
0.33377623
0.12355561
0.03395605
0.33377623
0.33377623
0.33377623
0.06233897
0.33377623
0.01060647
0.13587323
0.33377623
0.33377623
0.33377623
0.00606610
0.03519693
0.33377623
0.00000575
0.33377623
0.33377623
0.33377623
0.33377623
0.33377623
0.33377623
0.00161255
0.00342579
0.33377623
0.07001503
0.33377623
0.00100840
0.33377623
0.33377623
0.10789104
0.33377623
0.09377173
0.00199803
0.00410398
0.05965473
0.33377623
0.33377623
0.33377623
0.33377623
0.33377623
0.33377623
0.33377623
0.33377623
0.33377623
0.33377623
0.02500992
0.33377623
0.33377623
0.33377623
0.13149197
0.07351232
0.33377623
0.33377623
0.33377623
0.33377623
0.00296436
0.33377623
0.05792726
0.33377623
0.03807219
0.06410040
0.33377623
0.33377623
0.33377623
0.33377623
0.11154830
0.33377623
0.33377623
0.33377623
0.33377623
0.33377623
0.33377623
0.33377623
0.01711842
0.33377623
0.33377623
0.05116246
0.33377623
0.08773187
0.01362430
0.01410362
0.33377623
0.33377623
0.18828156
0.03760712
0.33377623
0.33377623
0.11599207
0.33377623
0.23863375
0.33377623
0.33377623
0.17693252
0.33377623
0.33377623
0.33377623
0.11185393
0.33377623
0.33377623
0.33377623
0.01291811
0.33377623
0.33377623
0.33377623
0.33377623
0.21676153
0.04749788
0.33377623
0.33377623
0.00439080
0.00855531
0.33377623
0.33377623
0.05425494
