# NTRAJ	1000
0.21383427
0.22972041
0.22668292
0.30186550
0.25444137
0.22806524
0.31751178
0.31061722
0.21675452
0.16417337
0.32841123
0.26813956
0.24353169
0.23387207
0.18719188
0.25101040
0.27579491
0.29564832
0.21480229
0.26686770
0.31430289
0.25490986
0.28299469
0.31509478
0.29073812
0.29342556
0.25973580
0.30288489
0.29429221
0.24114541
0.27751872
0.29143476
0.24783109
0.30866682
0.20788091
0.25586622
0.30195152
0.32243404
0.28392843
0.30683441
0.22905242
0.18044399
0.25717214
0.13949250
0.23924012
0.17005179
0.31307452
0.24661600
0.21469949
0.31274276
0.11894609
0.28615937
0.26484357
0.19704679
0.29908322
0.32721537
0.27966809
0.18725878
0.31285825
0.23342915
0.11644197
0.24335847
0.21409185
0.27781514
0.21187496
0.18526624
0.24358931
0.22189053
0.22909889
0.17638901
0.17469262
0.10501755
0.20043612
0.32202962
0.22993210
0.27216762
0.26544258
0.28772095
0.32767962
0.21688593
0.24128026
0.28953853
0.24864337
0.10696289
0.24111954
0.32219670
0.31783391
0.21561218
0.29512885
0.18954628
0.29326433
0.25907383
0.22389808
0.26246781
0.29854989
0.22296636
0.31759859
0.26928076
0.19833132
0.30963311
0.32314862
0.24459944
0.21566493
0.27038323
0.29234810
0.25537937
0.27487712
0.30738164
0.20437965
0.28110482
0.29746402
0.32674812
0.31635580
0.24023156
0.29615417
0.17132815
0.31071544
0.17357690
0.30270796
0.28238539
0.30234971
0.26750615
0.23698557
0.24993548
0.28927204
0.25040064
0.31216137
0.30803455
0.23769622
0.23463680
0.32098228
0.28996286
0.24089300
0.25784035
0.18201061
0.22110815
0.24895763
0.16183095
0.25690786
0.09579965
0.21676406
0.23790724
0.14688479
0.18066739
0.32515532
0.29568218
0.30919627
0.30043577
0.14938023
0.30260165
0.22116663
0.19667235
0.30649514
0.28399059
0.30289722
0.16749914
0.26470513
0.22769486
0.29754276
0.13532455
0.23734715
0.17541396
0.11992370
0.20301762
0.18870661
0.13239459
0.31741041
0.27908650
0.22399534
0.27499093
0.27490479
0.29727260
0.19921300
0.28607164
0.31108290
0.23687129
0.30304358
0.15742260
0.14839836
0.28505954
0.16218214
0.18245332
0.21446318
0.27935707
0.21527966
0.24665870
0.15560940
0.24219655
0.25063641
0.29638242
0.25794308
0.25942365
0.27867742
0.30084574
0.32373116
0.12573678
0.28674053
0.31307444
0.27018081
0.26426968
0.19110171
0.27203122
0.31134374
0.17662310
0.32037000
0.30844105
0.25508701
0.11331267
0.25043271
0.31475982
0.30839137
0.32597215
0.30702105
0.18963723
0.30667307
0.32522628
0.30813645
0.32304224
0.28198405
0.32312866
0.32234355
0.31238862
0.28192875
0.29577263
0.29645795
0.21683920
0.32087517
0.25558540
0.29456648
0.20034182
0.27858716
0.29698610
0.30251745
0.22987866
0.30237915
0.29339360
0.29266865
0.32171156
0.16040778
0.31129952
0.21417193
0.29106830
0.18585436
0.26086426
0.26664776
0.30524409
0.23194031
0.18524231
0.25873170
0.32225173
0.28549289
0.22288129
0.23758129
0.29384752
0.28711793
0.22650885
0.29528802
0.27415182
0.12396622
0.16208170
0.29771853
0.28548832
0.17821173
0.13535794
0.25561703
0.21911471
0.28148553
0.31097497
0.32292647
0.25056648
0.31559561
0.24522849
0.27186329
0.17783107
0.22573290
0.30821398
0.22179842
0.30185954
0.22756597
0.18821207
0.21052801
0.31890790
0.31026359
0.28319785
0.16548251
0.09656790
0.13492868
0.28862370
0.32291464
0.22602721
0.31607831
0.18950530
0.29369747
0.32230535
0.27759072
0.18620513
0.15356849
0.24610415
0.26171215
0.29709694
0.29078701
0.25711696
0.30690927
0.28218047
0.32797157
0.27987624
0.31891625
0.24604580
0.31606812
0.22310108
0.27280550
0.30946962
0.30212454
0.24041534
0.28748000
0.31743515
0.19435592
0.18622037
0.22189935
0.30472924
0.29739267
0.24735340
0.25676603
0.32114333
0.22135764
0.26011461
0.32475706
0.29559704
0.30278594
0.22382284
0.28872587
0.25268941
0.30956324
0.22926544
0.13230488
0.18023824
0.31480875
0.24220257
0.30042455
0.19357842
0.27793901
0.28364956
0.27530211
0.27040387
0.15751995
0.25240934
0.22808834
0.24471089
0.29760641
0.21523520
0.21943153
0.28902258
0.23709718
0.30945240
0.31647654
0.25421929
0.30262899
0.26561383
0.10888931
0.23256466
0.26862866
0.29889107
0.31744642
0.17682920
0.24447736
0.29369684
0.28563022
0.29734671
0.26826573
0.23608879
0.17455570
0.30964006
0.30352513
0.27563500
0.14640907
0.29546515
0.27913088
0.31887770
0.25334463
0.09998966
0.22969896
0.18741853
0.31632491
0.20568355
0.22659122
0.31086721
0.29756869
0.23745724
0.26434366
0.30097682
0.28707665
0.31162285
0.25778052
0.28461029
0.29275544
0.13945818
0.23200476
0.21557115
0.27202147
0.21977446
0.29291140
0.27596778
0.19639193
0.24720947
0.21641005
0.24702374
0.30178305
0.27678471
0.29997102
0.23696088
0.28048175
0.29848139
0.16882359
0.29127484
0.29539721
0.32556927
0.21692115
0.29521633
0.32331897
0.18894495
0.11777664
0.21705001
0.22097959
0.21495238
0.15464321
0.28841182
0.12384405
0.25466533
0.31583721
0.17004327
0.29288401
0.29103990
0.30517713
0.29836025
0.17224646
0.20467484
0.23734637
0.22769823
0.26948128
0.23398392
0.23503872
0.23545941
0.22648037
0.31234342
0.20224862
0.27828487
0.26951428
0.29341481
0.15332644
0.22668712
0.25637034
0.22134068
0.31174169
0.23777115
0.22121725
0.25164334
0.29180756
0.15585169
0.31241872
0.32389289
0.23457226
0.23747482
0.30589578
0.31369950
0.28161517
0.31114231
0.15152323
0.29424813
0.20760266
0.16933734
0.29347308
0.31373078
0.26016495
0.28929107
0.32546223
0.22562616
0.26781654
0.20990407
0.24312267
0.27330584
0.29336296
0.31939702
0.25617488
0.32226383
0.23988624
0.27503839
0.31920077
0.29553308
0.28193695
0.30434136
0.24933328
0.20993511
0.26271751
0.22154521
0.31994679
0.16123386
0.26913058
0.30605424
0.27367971
0.31421165
0.29648187
0.18783600
0.25176840
0.28036326
0.16285813
0.28362638
0.16867263
0.30922699
0.30292491
0.29241141
0.13520800
0.17489122
0.31171379
0.27910311
0.21372882
0.21328760
0.20839245
0.30646311
0.27937197
0.29023618
0.30976020
0.29074270
0.23371593
0.31348851
0.30059343
0.27359009
0.21332807
0.31441820
0.25085720
0.29431302
0.25008719
0.23364319
0.29103381
0.28480723
0.30861295
0.23653633
0.32035015
0.31019858
0.30379129
0.31267611
0.26788784
0.30964351
0.26793563
0.29086614
0.21692983
0.23179887
0.14996817
0.29942763
0.30905129
0.30780443
0.18725527
0.19547329
0.29974638
0.31119905
0.23598799
0.31463100
0.25440270
0.18058690
0.18356769
0.23321691
0.27667985
0.24346396
0.19797694
0.14836923
0.30996270
0.13996202
0.30975824
0.21662423
0.32108633
0.20980201
0.23982900
0.30261388
0.08150290
0.27339625
0.31376899
0.12163572
0.29145624
0.08329077
0.30704442
0.19206423
0.16090565
0.17257810
0.26055134
0.31036509
0.21556830
0.22171019
0.26857494
0.31843132
0.31569855
0.25032032
0.21241212
0.17886043
0.25062337
0.17291173
0.24483342
0.20830545
0.20778935
0.26660973
0.30379365
0.30384904
0.13040459
0.21375346
0.13926867
0.21070254
0.27977141
0.24809777
0.26915758
0.29888594
0.25657442
0.29502627
0.27394461
0.26373357
0.30264812
0.30469125
0.22892733
0.21892003
0.29698203
0.31897337
0.11572580
0.31191141
0.28270314
0.14135612
0.28094129
0.27464803
0.27833236
0.31708919
0.20164345
0.32220098
0.32213260
0.15882739
0.27414455
0.31725776
0.22080415
0.27560265
0.19970060
0.25674115
0.27015901
0.20009431
0.22885701
0.17693255
0.18401695
0.25614020
0.31604380
0.29178196
0.32297984
0.18405763
0.31402535
0.29528879
0.31012058
0.31143151
0.27545340
0.18633026
0.28037105
0.32527458
0.30713055
0.10295718
0.23287574
0.17359153
0.26327081
0.28975424
0.31294726
0.29428958
0.27815562
0.17655080
0.28271779
0.30519162
0.19889399
0.30295194
0.29226684
0.21774212
0.30645991
0.18715837
0.19612951
0.23060802
0.23978097
0.31745732
0.27022712
0.26628692
0.18999814
0.25835209
0.30298183
0.21004836
0.29794111
0.19265697
0.28892936
0.26817360
0.24938031
0.30120720
0.21297234
0.26406682
0.26704772
0.31360702
0.31363900
0.32089882
0.19155097
0.29727993
0.23279476
0.29755246
0.30319061
0.25708278
0.27705460
0.27852821
0.19371806
0.25024679
0.29268466
0.28449991
0.30993676
0.29999727
0.23522989
0.23198940
0.32527317
0.30117307
0.28441749
0.26297034
0.30503408
0.24975986
0.25424329
0.24688712
0.30006837
0.29766567
0.23771229
0.24626913
0.30856190
0.30864839
0.27475406
0.28499531
0.22355486
0.21151155
0.26961462
0.28533898
0.15630114
0.25791416
0.12578890
0.24433116
0.30400911
0.32075222
0.28562239
0.24546676
0.32434588
0.24612609
0.20645683
0.23403423
0.31174572
0.28511048
0.23039023
0.16307835
0.30893957
0.26007440
0.30471442
0.31565422
0.31848609
0.28407109
0.21891374
0.30978790
0.25983506
0.26443854
0.30251617
0.31662851
0.08904296
0.30829003
0.19394994
0.27120300
0.27239838
0.26428736
0.26106470
0.26101749
0.25322775
0.13423745
0.17808728
0.22593594
0.23261363
0.27684650
0.15830608
0.20873551
0.31865130
0.27946253
0.28180108
0.26824621
0.16278829
0.12734686
0.16655879
0.21308667
0.27668778
0.31977648
0.24088728
0.26416528
0.17758658
0.31022870
0.23292247
0.14736484
0.24591473
0.32108630
0.27095428
0.26105455
0.15891773
0.32153030
0.25913926
0.31993009
0.19528050
0.25085985
0.23697766
0.25245946
0.16123913
0.24667362
0.14325397
0.31933128
0.13734605
0.22651014
0.26686596
0.25289413
0.19586368
0.30370429
0.32910874
0.32557043
0.29770593
0.19328056
0.30486985
0.25957299
0.29301746
0.16573578
0.30190500
0.14853074
0.29791773
0.28791647
0.30845126
0.16821964
0.30009465
0.24535290
0.32380992
0.29563397
0.26400536
0.30524991
0.26624944
0.31952871
0.30318513
0.18197566
0.30498223
0.29254761
0.25373103
0.29810133
0.23410081
0.29683703
0.22040214
0.23138867
0.26822499
0.13070420
0.31731744
0.29730412
0.18242138
0.27837127
0.31391656
0.31550678
0.27718115
0.29538948
0.27788420
0.26200578
0.29925579
0.22991505
0.30116275
0.26390397
0.30321835
0.28395695
0.23986790
0.31100101
0.22552271
0.32533457
0.31150862
0.25567610
0.28600466
0.31800352
0.23080149
0.27469588
0.18549114
0.17438746
0.26256166
0.25187509
0.32012033
0.23665238
0.21236984
0.17058932
0.24599740
0.31862038
0.26165555
0.27705655
0.19483990
0.27909771
0.31364241
0.12571358
0.21276715
0.26493024
0.30276132
0.31726197
0.23961261
0.17454605
0.22997004
0.29768973
0.15022032
0.23937053
0.22513759
0.15725466
0.20058120
0.27234548
0.22948155
0.26053484
0.22674231
0.31813336
0.25630171
0.18205768
0.28229129
0.27954365
0.28363493
0.25692599
0.25859752
0.30571933
0.24630614
0.29334956
0.32507663
0.27595889
0.31934862
0.24513033
0.22779044
0.31719229
0.24288182
0.29337914
0.24388342
0.28582971
0.21171063
0.29264877
0.19373789
0.27945181
0.30105728
0.26400161
0.30458691
0.20696185
0.21180500
0.25434530
0.15174839
0.32007629
0.29006439
0.22914463
0.32247833
0.31544585
0.25667524
0.24970894
0.20531816
0.32246954
0.29188917
0.28616409
0.24765746
0.21024844
0.29099990
0.26025852
0.32509677
0.29553568
0.30229670
0.32460760
0.27968235
0.21709931
0.23115133
0.27611153
0.15592583
0.25451294
0.32435801
0.14416684
0.19397455
0.31792391
0.27197780
0.31587366
0.29945343
0.27876358
0.30298281
0.26605096
0.27758466
0.31044546
0.13987529
0.30792502
0.12563548
0.31562428
0.31219422
0.30760949
0.18275791
0.29916576
0.10818005
0.27276589
0.25379753
0.31961959
0.23796895
0.31179748
0.27065979
0.30245158
0.19066993
0.24004189
0.31400329
0.29392496
0.29428753
0.18842509
0.28822854
0.31496848
0.30216674
0.27953439
