# NTRAJ	1000
0.10971728
0.71448421
0.03924305
0.01925528
0.00888404
0.01826365
0.16560876
0.01925528
0.48747642
0.39789764
0.10078778
0.71448421
0.71448421
0.71448421
0.38312258
0.00772579
0.08105590
0.71448421
0.31076169
0.04526512
0.07393473
0.21196359
0.71448421
0.40473354
0.71448421
0.00057770
0.14026948
0.37823557
0.10093805
0.52289147
0.01276328
0.11476364
0.08685482
0.05360637
0.24627642
0.32477777
0.31216622
0.01046392
0.20316326
0.38769826
0.23751817
0.47366574
0.71448421
0.06072462
0.08729312
0.71448421
0.42774756
0.34784175
0.71448421
0.08919760
0.44675063
0.71448421
0.10895575
0.71448421
0.01720547
0.09585181
0.03317434
0.24293430
0.30623158
0.04787318
0.10531242
0.30106844
0.17709223
0.05490573
0.28961617
0.35969465
0.33083138
0.71448421
0.02167889
0.02045329
0.03065053
0.00717316
0.60957000
0.22810616
0.14989177
0.71448421
0.18620231
0.03668268
0.71448421
0.07492257
0.71448421
0.02101556
0.12107876
0.06766096
0.28898743
0.00126635
0.00797712
0.71448421
0.71448421
0.01467134
0.00458687
0.71448421
0.00071536
0.23401048
0.39105025
0.71448421
0.46149555
0.71448421
0.03691307
0.16688293
0.23305343
0.01307370
0.33486046
0.71448421
0.02470890
0.10743525
0.25945976
0.10349849
0.22922364
0.71448421
0.10048737
0.14531019
0.24038629
0.45111670
0.00300503
0.08890406
0.09943718
0.04452825
0.45548034
0.43816118
0.05634516
0.16927334
0.29495534
0.03317434
0.08206447
0.02663786
0.08597960
0.39379062
0.71448421
0.20108278
0.01315179
0.71448421
0.05634516
0.58875548
0.32011294
0.71448421
0.20972390
0.10834714
0.71448421
0.25311173
0.71448421
0.27291322
0.71448421
0.28536979
0.55145330
0.31341414
0.08322044
0.71448421
0.42412090
0.71448421
0.02632977
0.71448421
0.05792726
0.19660171
0.09481069
0.27291322
0.20924393
0.04501908
0.71448421
0.54483141
0.00021512
0.71448421
0.07976321
0.32850449
0.40898147
0.20940392
0.71448421
0.00050543
0.18236500
0.09466213
0.31091779
0.01980473
0.23321295
0.13697095
0.20204301
0.45021358
0.06587452
0.04428347
0.41140704
0.71448421
0.00001020
0.05438492
0.33191665
0.01155270
0.60698141
0.10395148
0.19212113
0.01200079
0.45878919
0.00129368
0.00057770
0.44087483
0.18668210
0.21756097
0.14657287
0.26769616
0.14941727
0.71448421
0.18460321
0.33547985
0.02819771
0.10199100
0.33996672
0.00180043
0.00000399
0.45728532
0.71448421
0.00186522
0.71448421
0.05154613
0.32819411
0.63831958
0.10304585
0.23592406
0.23416997
0.47201371
0.08978526
0.04650148
0.71448421
0.28332323
0.02371529
0.71448421
0.11722239
0.05321830
0.08597960
0.35662015
0.02746579
0.00405703
0.13540306
0.13932624
0.22619001
0.30232091
0.13665722
0.71448421
0.71448421
0.71448421
0.71448421
0.71448421
0.71448421
0.17373954
0.01253249
0.16131237
0.08119981
0.08963827
0.42608564
0.24882109
0.20108278
0.14831058
0.71448421
0.28174807
0.21740109
0.19548149
0.71448421
0.41489155
0.13164816
0.06766096
0.10153950
0.36706179
0.06260912
0.71448421
0.11323082
0.01018128
0.16035852
0.17884929
0.13634357
0.71448421
0.71448421
0.71448421
0.32726276
0.03362027
0.71448421
0.37257663
0.66546048
0.03108444
0.09764148
0.14231527
0.02968209
0.25819098
0.61261763
0.16306198
0.38739339
0.71448421
0.25676311
0.02082749
0.00028967
0.00325444
0.19020121
0.16353933
0.71448421
0.22650940
0.10048737
0.15305812
0.47516743
0.00084462
0.26088661
0.37533076
0.09779090
0.12666070
0.02809272
0.50383141
0.05845731
0.19436132
0.45186922
0.27512413
0.27054281
0.59406332
0.33222666
0.40473354
0.09481069
0.05952136
0.71448421
0.24420778
0.71448421
0.71448421
0.01889233
0.24102343
0.06973705
0.71448421
0.14815253
0.11277157
0.36506813
0.11891706
0.26009398
0.05231598
0.22571088
0.22571088
0.71448421
0.12433096
0.23688058
0.01253249
0.16163040
0.71448421
0.48852688
0.09037369
0.58799773
0.02643232
0.39896174
0.20908393
0.32197973
0.17773109
0.45698451
0.71448421
0.71448421
0.07224857
0.01434581
0.10168996
0.71448421
0.15527749
0.15416752
0.27528199
0.04712348
0.18860148
0.10470719
0.08336518
0.06862785
0.00093650
0.29071615
0.27196525
0.32943546
0.00155211
0.30075524
0.11814633
0.71448421
0.71448421
0.71448421
0.03877331
0.03971463
0.24802604
0.71448421
0.01524810
0.13024315
0.71448421
0.36353373
0.32865967
0.17837003
0.40685802
0.37441296
0.15179097
0.71448421
0.71448421
0.16767955
0.18828156
0.30748194
0.07112967
0.00176844
0.11814633
0.39074564
0.71448421
0.71448421
0.71448421
0.04737298
0.33331144
0.40032946
0.61810960
0.71448421
0.41988661
0.23353198
0.37089248
0.41322537
0.71448421
0.04963625
0.71448421
0.12759409
0.01764335
0.71448421
0.06179960
0.40002556
0.41458865
0.36951393
0.00002291
0.22475253
0.17405874
0.30200784
0.00003116
0.71448421
0.30826316
0.71448421
0.42155050
0.16258470
0.16274378
0.20428349
0.01608752
0.35554339
0.28772959
0.00105775
0.01943777
0.34753330
0.10728339
0.00785101
0.32120204
0.41171015
0.22123747
0.44991252
0.21164365
0.33517017
0.44268331
0.71448421
0.00021512
0.11154830
0.39409499
0.12231636
0.03206851
0.71448421
0.14152809
0.08670882
0.14121334
0.20460355
0.34876693
0.37288276
0.00272571
0.51988889
0.38678357
0.29197281
0.71448421
0.01898281
0.02421020
0.24054559
0.24961599
0.00735538
0.71448421
0.10789104
0.10184046
0.00217005
0.71448421
0.45668370
0.54392884
0.71448421
0.00292394
0.71448421
0.01738010
0.10834714
0.12774974
0.13822660
0.06045667
0.71448421
0.15702286
0.20396343
0.28348070
0.17597440
0.71448421
0.29417074
0.21068381
0.71448421
0.49302853
0.05077963
0.24818506
0.18012750
0.00008371
0.50743246
0.71448421
0.24754894
0.11063220
0.71448421
0.71448421
0.61933115
0.15496030
0.01659978
0.09377173
0.30576257
0.71448421
0.16624578
0.01245595
0.48867695
0.00652226
0.35907998
0.71448421
0.07393473
0.71448421
0.32337908
0.23273438
0.12231636
0.50428153
0.01467134
0.22251587
0.29840524
0.51418524
0.04367335
0.09258704
0.02082749
0.71448421
0.02851350
0.00176844
0.00862063
0.24993390
0.00766350
0.08206447
0.49242834
0.13697095
0.25644574
0.21116374
0.21132371
0.38739339
0.38434331
0.32974572
0.71448421
0.01362430
0.18220515
0.57377418
0.71448421
0.12046059
0.37716566
0.02819771
0.00260987
0.20620379
0.22059820
0.71448421
0.15210768
0.48342426
0.71448421
0.03108444
0.32881485
0.38556364
0.40973960
0.11261855
0.14609926
0.08641698
0.71448421
0.06738533
0.33609912
0.71448421
0.71448421
0.18012750
0.10910799
0.16322109
0.06532731
0.00589883
0.28741505
0.16799825
0.02581919
0.32617583
0.71448421
0.18908137
0.02521135
0.03261981
0.12324564
0.71448421
0.28772959
0.32679698
0.44720241
0.21260343
0.15829305
0.04246112
0.40609939
0.71448421
0.71448421
0.39242067
0.45006305
0.26056958
0.08510623
0.08220878
0.01230345
0.00772579
0.48612577
0.71448421
0.05766273
0.24166047
0.01276328
0.71448421
0.71448421
0.08978526
0.15813424
0.71448421
0.09898770
0.27733358
0.07833234
0.33005595
0.71448421
0.00836063
0.10093805
0.40336724
0.04737298
0.00100840
0.02746579
0.33439584
0.07520537
0.15337503
0.00030315
0.71448421
0.30310344
0.16943275
0.19276116
0.38525859
0.39318182
0.21724120
0.43770879
0.23289391
0.25501722
0.49677960
0.22666910
0.19468136
0.71448421
0.16099438
0.03959656
0.50293117
0.25882542
0.00778829
0.71448421
0.22954289
0.71448421
0.15908726
0.56546977
0.03691307
0.31403791
0.36199863
0.00105775
0.10773908
0.40139294
0.41504299
0.49767984
0.21292334
0.05634516
0.37624833
0.71448421
0.71448421
0.15004997
0.00227646
0.06904328
0.71448421
0.04850065
0.04330855
0.32834930
0.34382950
0.71448421
0.01835295
0.27512413
0.31232224
0.03065053
0.14657287
0.71448421
0.04588202
0.71448421
0.21292334
0.04862644
0.02371529
0.03749115
0.71448421
0.03959656
0.30012875
0.03924305
0.71448421
0.38708849
0.26801257
0.12278089
0.06876626
0.12123336
0.23177712
0.07861805
0.71448421
0.06890474
0.71448421
0.31294623
0.01720547
0.71448421
0.71448421
0.07690737
0.71448421
0.27022663
0.03043437
0.43589890
0.14452151
0.48747642
0.43831196
0.25930118
0.71448421
0.06247400
0.07818958
0.03610880
0.71448421
0.71448421
0.22938327
0.10319669
0.01773145
0.23161756
0.23225577
0.09719349
0.08714697
0.01703154
0.06382858
0.32508851
0.38342780
0.27843776
0.06342140
0.23289391
0.05582052
0.00333961
0.21931949
0.71448421
0.12510694
0.29464153
0.08817107
0.27891086
0.21148368
0.04006950
0.71448421
0.71448421
0.02684398
0.32213525
0.31575261
0.71448421
0.71448421
0.19180113
0.34753330
0.08802462
0.23576462
0.01467134
0.24627642
0.27307119
0.03714395
0.71448421
0.10819507
0.47081211
0.23640234
0.15702286
0.71448421
0.23672117
0.71448421
0.35538954
0.71448421
0.71448421
0.25374699
0.13524638
0.29197281
0.64523707
0.25469970
0.42593454
0.00014192
0.71448421
0.00601012
0.23177712
0.35385062
0.71448421
0.12061509
0.28316575
0.07351232
0.44660003
0.16099438
0.16051747
0.01418416
0.32073533
0.19964242
0.71448421
0.08408969
0.02893651
0.30685683
0.02411092
0.71448421
0.33718253
0.00652226
0.71448421
0.71448421
0.71448421
0.18748180
0.17373954
0.25914260
0.71448421
0.05129026
0.37792991
0.13258579
0.00675580
0.71448421
0.01608752
0.22251587
0.20492360
0.03783942
0.55657420
0.32493314
0.21899979
0.06821305
0.71448421
0.24866209
0.12930745
0.44554574
0.71448421
0.03795575
0.33888428
0.71448421
0.31731059
0.09140528
0.04006950
0.00760144
0.71448421
0.21260343
0.71448421
0.71448421
0.07435771
0.36476130
0.38327519
0.14483694
0.16943275
0.71448421
0.49587936
0.03485702
0.46269814
0.71448421
0.20060266
0.29354292
0.49332862
0.21995887
0.04976291
0.02361677
0.17086782
0.71448421
0.02561598
0.29950213
0.18204531
0.71448421
0.71448421
0.71448421
0.22714815
0.30670053
0.30748194
0.34645347
0.04330855
0.27243927
0.00048810
0.36828808
0.42517893
0.04030666
0.07919016
0.06355705
0.28159051
0.31762209
0.71448421
0.12464128
0.01746768
0.44584699
0.20220305
0.05490573
0.21084379
0.37991622
0.71448421
0.15448459
0.31201019
0.52994981
0.05334757
0.71448421
0.02872472
0.46284845
0.39561648
0.36030920
0.71448421
0.71448421
0.71448421
0.10440479
0.17373954
0.19388126
0.06072462
0.71448421
0.21580211
0.03317434
0.44870815
0.14846863
0.37624833
0.52319175
0.05647654
0.05898868
0.33191665
0.36537492
0.00509391
0.14200035
0.02531228
0.20716388
0.71448421
0.71448421
0.18348402
0.25739779
0.09764148
0.09066819
0.12324564
0.11891706
0.45713492
0.06382858
0.34629918
0.71448421
0.25930118
0.49602940
0.06766096
0.48192328
0.35154085
0.35954099
0.44569637
0.71448421
0.19916230
0.08235314
0.02746579
0.71448421
0.02511056
0.71448421
0.04114024
0.71448421
0.12806110
0.16783890
0.13227317
0.12231636
0.71448421
0.07182848
0.46089421
0.13665722
0.71448421
0.71448421
0.31512920
0.35554339
0.00242202
0.44373803
0.71448421
0.08235314
0.45066515
0.01642831
0.00540954
0.71448421
0.10531242
0.06738533
0.71448421
0.71448421
0.03936077
0.01541453
0.22331475
0.24452610
0.27070088
0.00001926
0.25279405
0.15908726
0.26310508
0.13964059
0.47576806
0.13461984
0.38327519
0.24898008
0.71448421
0.14720456
0.41913011
0.22475253
0.22587059
0.50398145
0.19516144
0.04355164
0.71448421
0.20572373
0.56215132
0.31060560
0.18924134
0.13555977
0.49993041
0.22778684
0.05412505
0.71448421
0.38098532
0.71448421
0.07393473
0.00439080
0.26056958
0.59983347
0.43152277
0.00276484
0.14105599
0.36046282
0.37165811
0.18044709
0.71448421
0.43951815
