# NTRAJ	1000
0.66104592
0.55964209
0.19064201
0.38564419
0.76591635
0.86677537
0.84525297
0.25559944
0.31054997
0.77421784
0.15819047
0.39529746
0.37269758
0.14885750
0.51167993
0.77006421
0.25087840
0.90835008
0.15576564
0.15021185
0.36427248
0.20646931
0.42597412
0.75412698
0.26335074
0.15321910
0.54288897
0.85310017
0.40408353
0.43218701
0.19394023
0.52503707
0.83684205
0.65016542
0.36048642
0.61445956
0.32032103
0.14862706
0.14930109
0.85095040
0.63588096
0.18301844
0.14872370
0.17358120
0.56209847
0.18701380
0.60152991
0.82164927
0.17060070
0.19436273
0.63648798
0.15102963
0.29511850
0.73267028
0.58955243
0.27831798
0.15709509
0.60935251
0.66597658
0.51684447
0.15329722
0.39586975
0.35192770
0.21469992
0.32626579
0.87006404
0.68360751
0.17175269
0.41238241
0.14937674
0.36680526
0.18597208
0.24193109
0.46562697
0.71036166
0.86072543
0.77168465
0.43877711
0.74963144
0.63731893
0.26876253
0.47201409
0.17158491
0.38053927
0.49973556
0.76867519
0.23455366
0.52166049
0.31344366
0.54720251
0.15713975
0.16211802
0.82945633
0.43615258
0.27557098
0.19918919
0.21905731
0.52751962
0.23688182
0.31881844
0.26059638
0.42484932
0.61773365
0.64837385
0.21644251
0.70459895
0.20882333
0.34088158
0.15811065
0.24397815
0.19009924
0.71627423
0.52452874
0.17438004
0.24317377
0.53543756
0.48297657
0.26042876
0.18292910
0.21843543
0.60652459
0.31075328
0.18839252
0.39254761
0.30370997
0.26132564
0.17311273
0.16605039
0.66411719
0.24822404
0.69535816
0.23187267
0.32390115
0.24995528
0.25224909
0.21247578
0.83616567
0.15108979
0.16474944
0.16285826
0.28674385
0.55868844
0.39791446
0.16576253
0.36767095
0.18543872
0.47708324
0.62542633
0.25060818
0.61832406
0.58388844
0.84600016
0.34757424
0.26331566
0.61700556
0.66702253
0.20866461
0.24828531
0.16748337
0.91168953
0.27477290
0.67845744
0.38477373
0.24022622
0.43628458
0.45579352
0.48510483
0.23682017
0.17043015
0.21422766
0.25455883
0.72273002
0.26893585
0.50116576
0.20429189
0.70785737
0.65306042
0.26507569
0.78236133
0.21372675
0.17400547
0.18407117
0.63682490
0.16838538
0.36448135
0.89704910
0.47702754
0.77866335
0.36760847
0.35339429
0.38443130
0.23483195
0.16066615
0.65316258
0.17682691
0.58738808
0.55831626
0.33879526
0.44076884
0.79401421
0.14969551
0.80800950
0.55695097
0.37005818
0.58082167
0.16045032
0.25177466
0.50664668
0.45576614
0.26338825
0.17290961
0.35996468
0.65132443
0.31149222
0.19819412
0.87561661
0.62033194
0.15068792
0.15848575
0.70487674
0.20602978
0.54142690
0.15613074
0.26693742
0.43584648
0.15053551
0.75386522
0.25854135
0.53433847
0.27889215
0.51444438
0.18014881
0.50274004
0.35734549
0.69759935
0.58307195
0.15195068
0.32411293
0.86874806
0.48482201
0.35614323
0.33196869
0.50265976
0.17576564
0.50330307
0.34069396
0.66065728
0.79394150
0.61242372
0.52921152
0.78246302
0.89082685
0.46033948
0.15328913
0.65320930
0.67255850
0.34243016
0.38546501
0.38930005
0.23367690
0.43563537
0.41260211
0.59874522
0.61265572
0.21827288
0.43343917
0.20296375
0.16110461
0.20504760
0.78944294
0.60743760
0.18712970
0.77129730
0.74404850
0.69423555
0.18908702
0.87791472
0.15930590
0.40509648
0.28183354
0.46357974
0.61962118
0.36829067
0.31158552
0.30652035
0.38065640
0.50247604
0.75771170
0.18361470
0.58287970
0.75778243
0.61602033
0.81172443
0.65051876
0.62203959
0.25331997
0.76178787
0.77046705
0.39242151
0.85885327
0.26319170
0.15383306
0.50198432
0.36150249
0.20325479
0.52169650
0.78754944
0.15499199
0.87068964
0.55758467
0.46186065
0.17194233
0.95326631
0.44719997
0.60072107
0.26344375
0.17754006
0.79196866
0.25719381
0.19968337
0.72785796
0.52438386
0.19494544
0.24112407
0.38684097
0.77474699
0.14855789
0.25685151
0.76162349
0.29943902
0.22363443
0.59660204
0.76203625
0.15014382
0.46177161
0.64501422
0.29573966
0.82056868
0.52545453
0.58047634
0.51280537
0.53220941
0.14974223
0.44432270
0.83432992
0.28643031
0.74349145
0.86161221
0.44751128
0.32033574
0.34056558
0.49033539
0.21754047
0.29601794
0.71367934
0.14890583
0.90187367
0.63531972
0.61685194
0.19717533
0.63731012
0.27813334
0.64972823
0.72333171
0.58904859
0.38273894
0.20460395
0.24861098
0.29304833
0.29809853
0.33720150
0.86855056
0.63814822
0.45095228
0.17558548
0.84757902
0.16995518
0.37595623
0.16742983
0.17376484
0.38884389
0.15547519
0.25461257
0.14970949
0.22547854
0.21261525
0.31631110
0.17016204
0.81964684
0.46072319
0.16378012
0.14880011
0.17960513
0.32227609
0.28875097
0.21568643
0.58721504
0.36910285
0.39399769
0.63270105
0.44818997
0.55673033
0.32487399
0.28028864
0.24863398
0.24715374
0.15003116
0.52525659
0.31618200
0.44182727
0.40706239
0.65437889
0.46658234
0.87905076
0.18211309
0.78802243
0.40527646
0.29798937
0.37959654
0.54798752
0.28595670
0.60082216
0.47069476
0.73817778
0.91148431
0.85073705
0.14871368
0.17879539
0.42869402
0.35715966
0.22312738
0.15281575
0.66186453
0.32468996
0.41989915
0.54683771
0.16585180
0.47731163
0.27519225
0.15003475
0.64456076
0.54976917
0.67511051
0.18809828
0.14881311
0.41855164
0.43055963
0.29865622
0.69274647
0.21807826
0.26869039
0.65090923
0.82894825
0.19149441
0.14866255
0.27120339
0.40187225
0.17148502
0.49311427
0.15193040
0.29253694
0.65997573
0.46626586
0.16126752
0.84898430
0.19498090
0.59881725
0.57257796
0.14888418
0.16009965
0.39853972
0.14910001
0.76582574
0.41314946
0.63295024
0.49254755
0.30697935
0.61923165
0.44094234
0.61025905
0.45222212
0.39587621
0.15648205
0.18690191
0.17604777
0.55156209
0.31253349
0.48480505
0.16548582
0.69462430
0.67371412
0.61509277
0.42752128
0.19854094
0.69364358
0.25070448
0.49835358
0.69544769
0.49297101
0.83611850
0.76965991
0.61939324
0.39154986
0.15520606
0.50719334
0.71088791
0.32470503
0.71939273
0.49095930
0.45597201
0.85807984
0.81158792
0.57802805
0.36495344
0.51315628
0.78050328
0.71190705
0.39279954
0.51799592
0.14915402
0.22350659
0.79114273
0.28166941
0.70710624
0.63171434
0.45291669
0.49295478
0.16424917
0.51976946
0.15790452
0.30467669
0.32664114
0.29877197
0.83214736
0.17538358
0.35478927
0.40090319
0.63515850
0.74289279
0.76003050
0.72634695
0.33172426
0.68756805
0.69550117
0.16196613
0.29447876
0.51929228
0.59743224
0.20319231
0.15284846
0.35540424
0.62787365
0.30805382
0.15975755
0.21742100
0.73133410
0.27587226
0.32013498
0.16436540
0.15071711
0.41415792
0.14881927
0.59156444
0.24487289
0.33008332
0.21873165
0.76641110
0.33327858
0.25650864
0.40020214
0.17020294
0.75362228
0.74725701
0.25037563
0.15995327
0.47157302
0.14897815
0.83097678
0.49161407
0.17251968
0.26732678
0.77826326
0.79504639
0.22881359
0.17335953
0.66592217
0.60915677
0.57528279
0.37466030
0.40508441
0.78608935
0.29774688
0.74108653
0.27085001
0.84347505
0.24604862
0.62742080
0.35726102
0.33733512
0.36568718
0.54361502
0.24333952
0.71204608
0.80174220
0.16685368
0.33838973
0.68971796
0.43900452
0.44741393
0.34368933
0.81782101
0.51009054
0.21902627
0.63264460
0.15218374
0.21922581
0.20350745
0.89398119
0.18652958
0.70871590
0.79299178
0.15746756
0.34062698
0.49960237
0.77442624
0.68044050
0.77044558
0.46108329
0.77928081
0.80726085
0.27521324
0.14877273
0.73095515
0.15020124
0.17218763
0.43748885
0.14904747
0.69076698
0.44718693
0.82235780
0.70070087
0.77714909
0.57483769
0.84298426
0.17472443
0.58852325
0.48567558
0.18536741
0.32139130
0.16472642
0.23821493
0.36074468
0.15005920
0.18772207
0.16627635
0.70919535
0.17235082
0.65777531
0.71297020
0.51288342
0.28912212
0.37006197
0.27112929
0.36563114
0.32902551
0.44605293
0.62361073
0.18437147
0.22507210
0.58173835
0.42612264
0.73233822
0.55316122
0.80043463
0.16305550
0.77238404
0.52526512
0.53584783
0.85788896
0.44359628
0.18737806
0.49489640
0.35938596
0.23949204
0.22982257
0.24094115
0.35776232
0.62793109
0.16555531
0.15104139
0.31400716
0.56786924
0.37665647
0.53662304
0.62252754
0.61423925
0.41204920
0.36371787
0.20022400
0.85476770
0.30291886
0.88093676
0.86537374
0.35349169
0.18126507
0.24989640
0.58716363
0.80417877
0.26648072
0.56847822
0.19353588
0.72742617
0.74853564
0.15922907
0.57581895
0.44166064
0.58167079
0.31482638
0.35513058
0.21166773
0.34911636
0.15219296
0.81682844
0.27195219
0.21497335
0.20056522
0.49264730
0.19765858
0.33994014
0.37887431
0.38283085
0.68666052
0.43302259
0.53118471
0.36697990
0.73894543
0.90503462
0.24569707
0.81977098
0.57241939
0.66011767
0.16035961
0.53125153
0.45327907
0.45208371
0.64360874
0.63233502
0.23284130
0.75380004
0.15567887
0.70968499
0.21982737
0.19284964
0.20267165
0.35511237
0.16300462
0.38255829
0.15091676
0.62156304
0.86958122
0.86055082
0.53347592
0.20883079
0.21674573
0.32305379
0.34705891
0.15611287
0.70086911
0.25425643
0.25771650
0.20194279
0.24566696
0.34598441
0.41591687
0.49030925
0.39862761
0.39231086
0.75864067
0.61610250
0.22518396
0.75655328
0.53283692
0.78979305
0.35507440
0.27689820
0.28574042
0.26894649
0.64556307
0.71453762
0.47348054
0.48205027
0.33665037
0.25804273
0.46918287
0.56667589
0.33588506
0.34820695
0.84234852
0.58548190
0.64925810
0.64134590
0.68796236
0.43883482
0.55987204
0.35114836
0.62042433
0.29038479
0.16799341
0.35649536
0.21898787
0.31585291
0.26381535
0.41938208
0.39620538
0.79796999
0.16831686
0.48155244
0.47546889
0.27251965
0.46501330
0.34702545
0.77436456
0.18885168
0.71611417
0.76214537
0.25350491
0.17492728
0.59312064
0.16066578
0.22050035
0.18671521
0.59927052
0.41457442
0.40899332
0.50245067
0.84671697
0.47566041
0.59972202
0.52760441
0.70828222
0.48918261
0.40782909
0.73750973
0.31180907
0.86130022
0.63146744
0.57836917
0.48599584
0.66488186
0.77324940
0.57351131
0.37788936
0.16338292
0.66398579
0.70317059
0.21338685
0.26883690
0.22414425
0.38647924
0.35208813
0.61481549
0.26023436
0.72811581
0.70077218
0.52861064
0.32161546
0.53599792
0.41781078
0.22184888
0.16439808
0.86052726
0.15349408
0.57441144
0.73762214
0.25608434
0.64176274
0.66054113
0.66618179
0.38556168
0.74824963
0.28804817
0.64606290
0.19534778
0.37000284
0.19463037
0.29164358
0.66567935
0.16018448
0.84521092
0.57975795
0.45962139
0.44052803
0.82229995
0.72398502
0.24410702
0.77713061
0.70331886
0.21920469
0.24560319
0.78512317
0.32091357
0.57258986
0.83051096
0.50387971
0.92841045
0.14900951
0.15476908
0.28899259
0.14954337
0.22509446
0.27035128
0.57283625
0.56276238
0.16235547
0.72733162
0.19300083
0.44528286
0.30651223
0.33025212
0.18432620
0.15774695
0.67479674
0.36274433
0.60183928
0.15270001
0.33839520
0.25436212
0.44867980
0.44609244
0.38258978
0.19251597
0.46455778
0.64478775
0.24529562
0.15144290
0.19317757
0.49639203
0.73237808
0.51755937
0.15431006
0.15686841
0.89915232
0.80814737
0.62054175
0.71431926
0.40153833
0.62948652
0.20408652
0.16515826
0.19497537
0.48884996
0.23157974
0.40766582
0.26300439
0.28707714
0.18393488
0.24868034
0.19919905
0.69158581
0.42029608
0.82354580
0.59137463
0.48951550
0.33736019
0.64047084
0.47917857
0.87657163
0.28975405
0.37772083
0.63915586
0.60772034
0.35496915
0.77728053
0.81211032
0.15079481
0.47318086
0.20059348
0.75689293
0.67803538
0.22766233
0.16568253
0.52888529
0.88377354
0.50792317
0.57485244
0.15200266
0.27482627
0.79524295
0.44915744
0.46585142
0.66238487
0.53394347
0.17447004
0.15102652
0.25207437
0.16458974
0.46899967
0.17495697
0.59162440
0.26305768
