# NTRAJ	1000
0.63730676
0.16917316
0.46100857
0.80566804
0.46719256
0.50340801
0.44436944
0.38542956
0.71687302
0.72865968
0.25242035
0.12410447
0.50994642
0.58034395
0.52148281
0.24980320
0.18419210
0.73160195
0.39942416
0.52307821
0.32468115
0.50351286
0.16480945
0.48500512
0.60168738
0.79869690
0.18027177
0.16692515
0.60059071
0.60800568
0.17495810
0.29693328
0.35661022
0.18732116
0.80681000
0.11817225
0.13998831
0.13352066
0.41130173
0.33586101
0.81439627
0.16343943
0.71270764
0.34090253
0.24243058
0.19140741
0.38700751
0.16958061
0.13403934
0.48343783
0.39373204
0.31058808
0.21495355
0.24504634
0.20210029
0.55838183
0.60636801
0.35990710
0.40914087
0.40443933
0.43573028
0.24677028
0.22044216
0.57318233
0.31375623
0.41984607
0.22370766
0.58063149
0.39530844
0.16078427
0.41798269
0.79148018
0.42273261
0.18020690
0.41216816
0.32461952
0.22589106
0.41714871
0.53112824
0.16737029
0.36175724
0.31595182
0.37408484
0.13930810
0.43059054
0.18257015
0.70503992
0.25871028
0.61303300
0.60848071
0.63260471
0.35735008
0.85788956
0.13183039
0.61355987
0.39314001
0.18966336
0.38446535
0.36239258
0.14628651
0.26377425
0.40719763
0.32397093
0.55409471
0.19492588
0.14548819
0.10382096
0.80604112
0.26688052
0.15970773
0.55556965
0.32107128
0.48781401
0.54981901
0.18645659
0.18322815
0.13777980
0.71930307
0.28183478
0.83849383
0.61940337
0.19020313
0.19074970
0.16071103
0.36191465
0.70645716
0.42364857
0.41461227
0.58863586
0.17880675
0.24733840
0.42898994
0.13958107
0.80428993
0.69706495
0.15391288
0.41911267
0.32081795
0.43229935
0.72060827
0.49804326
0.21908902
0.73329485
0.34003776
0.27776164
0.20906026
0.25511730
0.14587748
0.83630146
0.73055425
0.14965955
0.14448944
0.14744967
0.12473971
0.28834995
0.55504251
0.35459425
0.37299853
0.41646033
0.33148691
0.74058127
0.89078086
0.60418508
0.74690653
0.75750743
0.63469005
0.33125470
0.13371365
0.17838690
0.19668233
0.15727690
0.41917696
0.37930888
0.28587292
0.50796938
0.23101707
0.32714025
0.35358641
0.19584641
0.37916632
0.35554249
0.12043927
0.36855537
0.68946362
0.53613689
0.14826816
0.15691132
0.22101568
0.25873795
0.34725837
0.22407768
0.13575135
0.17348485
0.37174395
0.22982698
0.47151491
0.12906483
0.18784760
0.21681297
0.46420368
0.53799687
0.17861385
0.13234430
0.33544916
0.22857241
0.42354310
0.12557825
0.71489213
0.68629446
0.35682702
0.76090102
0.60566250
0.26399815
0.14227603
0.27598055
0.34796771
0.20856218
0.68616950
0.18749454
0.10439597
0.46213769
0.68752797
0.32787596
0.23510954
0.34026542
0.21923882
0.24504979
0.24012578
0.26242726
0.27707397
0.46008173
0.64409585
0.18916049
0.13657561
0.45947128
0.14043762
0.75640631
0.15620614
0.23303468
0.41531352
0.43410923
0.79994397
0.48074064
0.37427346
0.34642035
0.46757703
0.45777738
0.50459908
0.51103933
0.63927237
0.56341271
0.33051284
0.38937933
0.12396549
0.19270545
0.12534629
0.51338459
0.51687419
0.33825419
0.10151308
0.16157103
0.77774000
0.37747576
0.31254672
0.47902869
0.15509780
0.33786640
0.61128324
0.57642276
0.69069305
0.15869637
0.56809210
0.26371349
0.27987585
0.12735263
0.81380933
0.46295007
0.19333622
0.51738179
0.53617686
0.54873183
0.74128239
0.41272256
0.69362832
0.19086112
0.15585420
0.30878077
0.69862683
0.19385960
0.23788845
0.19940982
0.20253501
0.15063313
0.57619243
0.23467789
0.62185489
0.68642086
0.26243502
0.45170125
0.28786678
0.19550117
0.57521061
0.55170989
0.50374230
0.17836278
0.45447749
0.38693031
0.58750610
0.39289505
0.12027337
0.74744073
0.26699274
0.77560465
0.32906562
0.36056644
0.59330397
0.25276125
0.13561250
0.33602078
0.24980209
0.73447908
0.62968195
0.17748052
0.30470244
0.14414054
0.40716927
0.78355760
0.16403949
0.35208370
0.15764081
0.16771060
0.42518564
0.44284971
0.19658349
0.47443909
0.37413347
0.21243760
0.43287945
0.53505350
0.29071347
0.30513974
0.12714691
0.19476356
0.52726033
0.15392612
0.47104876
0.14395570
0.19474224
0.19191292
0.47939277
0.33925690
0.29256896
0.16735067
0.86706247
0.13283159
0.24329974
0.69040045
0.13381456
0.72453063
0.55589404
0.37304227
0.17277277
0.43340704
0.54076862
0.34411993
0.28119447
0.13052409
0.45624314
0.51164285
0.41870688
0.56509393
0.71766556
0.27094546
0.46478763
0.13693331
0.52487704
0.25942751
0.60428746
0.21510045
0.73062800
0.69116005
0.77972418
0.29604730
0.57714725
0.16667862
0.72228868
0.21957269
0.59072206
0.60976399
0.19638494
0.12511349
0.68703547
0.08507222
0.55469620
0.60475720
0.15636019
0.12082352
0.83747203
0.29788897
0.64400188
0.18361252
0.20295679
0.67798571
0.44834800
0.18736976
0.62161183
0.27740756
0.33903485
0.51199478
0.13458761
0.62812191
0.63732564
0.15909413
0.13066417
0.43932968
0.18301147
0.90923546
0.55228790
0.50265899
0.28799036
0.38303529
0.52099451
0.46669031
0.67146434
0.61056333
0.59771125
0.13965668
0.41871482
0.28509843
0.38217340
0.26227661
0.45369645
0.11584838
0.51318163
0.14607474
0.70440200
0.17313966
0.13083796
0.58082699
0.78619655
0.41725397
0.17539937
0.84548340
0.25233947
0.73245234
0.12681795
0.49665841
0.32136074
0.41984031
0.28367042
0.30888433
0.36138381
0.69817403
0.14407017
0.45950531
0.38869281
0.13748579
0.74056770
0.21088569
0.54877642
0.58388688
0.66798139
0.17259744
0.22549544
0.90246132
0.52696535
0.74232385
0.14599981
0.32686476
0.16976721
0.70380083
0.71046438
0.24165490
0.28696058
0.59632940
0.63644487
0.36205684
0.21569548
0.13775337
0.18476320
0.22890555
0.18285930
0.55701783
0.21747538
0.23386440
0.33787590
0.42738926
0.10971108
0.13750863
0.30613966
0.20897919
0.61620370
0.10323708
0.34703256
0.38127302
0.30214733
0.15158521
0.66985157
0.13393394
0.13489664
0.66645778
0.40296826
0.16237612
0.25098474
0.39080394
0.76711209
0.75613196
0.59662008
0.35523532
0.49404771
0.21032818
0.42337531
0.17384522
0.53982812
0.32721735
0.22579589
0.22429018
0.72409192
0.48383623
0.91283242
0.22215229
0.18126962
0.23844413
0.12916444
0.81750778
0.35635445
0.52451301
0.19039386
0.60563404
0.26334886
0.68966227
0.69245227
0.33201626
0.68895775
0.54257221
0.40653467
0.39510029
0.23624844
0.61331598
0.19787326
0.75298356
0.26204190
0.33868843
0.16215058
0.18525546
0.57506693
0.29942914
0.17588243
0.48410513
0.26007873
0.51269946
0.85170333
0.32747126
0.80460598
0.22946457
0.47094388
0.81823076
0.48552220
0.46801489
0.13176082
0.20968006
0.33856332
0.13908831
0.66284997
0.80104029
0.36927429
0.14199957
0.33883357
0.88709822
0.36796511
0.32434795
0.30929246
0.30412610
0.51642111
0.17068304
0.11717349
0.37527169
0.71147529
0.51414114
0.49359565
0.27735959
0.12160381
0.39528332
0.31810646
0.24569214
0.17379863
0.43573997
0.56306953
0.09028615
0.64709373
0.61020882
0.23682749
0.15488981
0.16896805
0.78699389
0.35899712
0.18576198
0.55814810
0.35669957
0.29211692
0.17450677
0.25818912
0.41963188
0.59074038
0.56865166
0.20522617
0.43723887
0.33934258
0.68813951
0.39979334
0.28486922
0.58910205
0.36813438
0.70858644
0.15378565
0.24717007
0.51095222
0.30457087
0.59410216
0.32989088
0.15359533
0.19769697
0.95046329
0.15139144
0.14921027
0.54208843
0.45621670
0.37394033
0.31816817
0.55857161
0.26405231
0.40168430
0.83416367
0.19212248
0.28135031
0.16044776
0.30006257
0.17457806
0.60354155
0.79298562
0.61724655
0.37862227
0.41903636
0.44485149
0.63504526
0.13240703
0.58637562
0.27950657
0.44142369
0.32499252
0.29328132
0.24699215
0.28254183
0.26102453
0.69584294
0.48614316
0.15178379
0.16553471
0.28786336
0.54914500
0.20203019
0.30984754
0.29031907
0.17317295
0.17814920
0.84817507
0.46976111
0.19400282
0.40333080
0.14847306
0.09279575
0.29927757
0.79048013
0.24672332
0.42092835
0.46802858
0.36469256
0.56328799
0.70403344
0.25740355
0.30253284
0.27489247
0.31339578
0.18916515
0.20294849
0.59758986
0.23986097
0.90732955
0.22583977
0.13510341
0.85043583
0.18833931
0.44665167
0.40348386
0.26903909
0.16587718
0.50433310
0.14679069
0.39630358
0.10159045
0.26844174
0.15752936
0.55595843
0.14703723
0.27005235
0.25785264
0.23139822
0.54676932
0.66729345
0.17051016
0.29063441
0.15543775
0.27857487
0.16197547
0.60392727
0.38619450
0.51357161
0.51471450
0.27741946
0.34381104
0.31391705
0.13840374
0.63053191
0.17466287
0.33208952
0.12703431
0.47135073
0.43103767
0.32078277
0.41193008
0.30463142
0.81186633
0.19292416
0.11346215
0.70526274
0.11996274
0.67074566
0.78587306
0.71037341
0.31924523
0.11106531
0.14251561
0.14841133
0.40173132
0.12424227
0.58972138
0.41978697
0.69528184
0.38001667
0.49474038
0.22699743
0.50549276
0.24633824
0.71359510
0.15516622
0.14326226
0.14637644
0.44304227
0.58198893
0.49096898
0.35566383
0.25364168
0.58498554
0.27414944
0.16503948
0.51413967
0.12593896
0.35441882
0.70226306
0.16350503
0.38191702
0.82954400
0.19842041
0.16368754
0.60986933
0.67314131
0.11068120
0.58744084
0.66056260
0.14828000
0.32226432
0.73918191
0.59685951
0.19411687
0.15336889
0.13797213
0.21712267
0.36598364
0.17635662
0.21501998
0.57541819
0.42837463
0.77696936
0.36536242
0.57873103
0.42626060
0.16396349
0.27317816
0.39477576
0.21756713
0.51164467
0.38875125
0.39992331
0.43065164
0.23923094
0.77708214
0.58036019
0.17275461
0.27971166
0.49844217
0.31069924
0.48310788
0.48163095
0.21516130
0.47454204
0.57942980
0.23649032
0.77554908
0.18436867
0.72411218
0.29626948
0.15969019
0.15320084
0.14602675
0.74553722
0.62874860
0.14851677
0.80212989
0.59897073
0.41091084
0.41649331
0.20502173
0.72578157
0.53547538
0.32680814
0.44840416
0.61932043
0.11904141
0.29162350
0.55524596
0.51793660
0.30310871
0.61551439
0.16961926
0.23404663
0.54594833
0.12681368
0.18846974
0.14445942
0.15768431
0.49993104
0.58093009
0.40996167
0.71047020
0.48759018
0.56497217
0.09555325
0.31771971
0.14763978
0.71486332
0.76678648
0.56715302
0.63376187
0.42189567
0.60261036
0.84390273
0.14521148
0.23271913
0.11442642
0.56374153
0.66745129
0.25138764
0.25221902
0.23835491
0.73436477
0.42727624
0.83647531
0.18284534
0.49327286
0.52399987
0.49032953
0.36798244
0.16118226
0.36465045
0.82850461
0.13917183
0.46146050
0.16005152
0.35507879
0.16708819
0.18083286
0.35485219
0.20477425
0.14904989
0.35818483
0.19691792
0.35173195
0.25885672
0.77268485
0.24738962
0.53386081
0.17784185
0.49477660
0.28594753
0.26902563
0.39921322
0.60276775
0.89264358
0.39521779
0.36625558
0.52114831
0.18520517
0.60432792
0.26868016
0.31445174
0.55779897
0.60086058
0.53381370
0.60065358
0.63338258
0.66235649
0.26594230
0.37451618
0.17124322
0.24414463
0.72511866
0.67263295
0.10666453
0.25057785
0.70515406
0.15232664
0.16485679
0.21665711
0.22164256
0.28360008
0.71918710
0.84371663
0.18606586
0.38555877
0.44115495
0.70051652
0.68528480
0.35789255
0.62278478
0.35983253
0.45556905
0.10852923
0.55458881
0.52657792
0.07184593
0.60408975
0.20365224
0.48781850
0.42143062
0.34899745
0.40262807
0.70489152
0.14082168
0.30651337
0.13232419
0.11451627
0.43917331
0.18140824
0.19688980
0.09940153
0.40342033
0.49694088
0.33279838
0.25301133
0.61959655
0.29383228
0.11649878
0.18250314
0.29026681
0.41304195
0.21540551
0.27406973
0.23477988
0.21196824
0.65498950
0.12154637
0.27822352
0.34130891
0.28884800
0.20782355
0.35033569
0.75661706
0.44405911
0.48866071
0.27671096
0.19781987
0.56834952
0.46808313
0.53850528
0.37260043
0.68411517
0.52599746
0.32128636
0.18957821
0.37096713
