# NTRAJ	1000
0.09538130
0.18540272
0.03328563
0.14673077
0.05373591
0.22954289
0.09538130
0.05270214
0.09538130
0.12837255
0.09538130
0.11170110
0.06045667
0.09538130
0.09538130
0.00364563
0.03250929
0.09538130
0.09538130
0.19260115
0.09538130
0.00003116
0.11706850
0.05141815
0.10804304
0.09538130
0.16704224
0.09538130
0.09538130
0.25247636
0.24579913
0.24913907
0.21052383
0.09538130
0.20972390
0.09538130
0.11845454
0.09538130
0.08264202
0.09538130
0.23974908
0.05231598
0.25438216
0.09538130
0.22634971
0.09538130
0.00488822
0.01835295
0.02705068
0.20540368
0.13791258
0.09538130
0.05027051
0.09538130
0.07337165
0.09538130
0.16035852
0.09538130
0.09538130
0.17198436
0.09538130
0.19708181
0.09538130
0.22075802
0.09538130
0.01268616
0.13932624
0.16592725
0.09538130
0.03043437
0.09538130
0.19788199
0.23145800
0.09538130
0.09538130
0.24738990
0.07719188
0.09538130
0.09538130
0.02470890
0.02312646
0.15226606
0.18732185
0.09538130
0.09538130
0.16242563
0.18940132
0.00048810
0.09538130
0.09538130
0.09538130
0.09538130
0.09538130
0.09495929
0.09538130
0.23560517
0.09538130
0.09538130
0.13383711
0.24261588
0.09794035
0.09538130
0.09538130
0.09538130
0.21644173
0.14404848
0.24213820
0.09538130
0.20956391
0.09538130
0.09466213
0.08817107
0.21452275
0.00875191
0.09538130
0.09538130
0.09538130
0.16465346
0.20028258
0.09538130
0.09538130
0.09538130
0.09538130
0.09538130
0.01140492
0.00132129
0.18300442
0.09538130
0.09538130
0.19852215
0.12355561
0.07015412
0.09538130
0.09538130
0.24659459
0.09538130
0.15084114
0.09538130
0.14452151
0.16576800
0.09538130
0.14326042
0.09392002
0.10349849
0.09538130
0.09538130
0.09538130
0.09538130
0.09538130
0.09538130
0.03691307
0.07057181
0.09538130
0.09538130
0.01450820
0.09538130
0.09538130
0.09538130
0.09538130
0.25422337
0.09538130
0.08597960
0.21836034
0.00245907
0.09538130
0.04030666
0.09538130
0.15099941
0.09538130
0.09538130
0.09538130
0.02861904
0.09538130
0.17485683
0.04294472
0.00077870
0.09538130
0.09538130
0.09538130
0.09538130
0.08105590
0.25501722
0.09538130
0.19084115
0.00206604
0.09538130
0.09538130
0.14957543
0.09538130
0.09538130
0.09538130
0.09538130
0.09538130
0.09538130
0.09538130
0.09538130
0.09538130
0.19644167
0.19324119
0.09538130
0.09538130
0.09538130
0.10108835
0.09538130
0.23560517
0.09538130
0.09538130
0.09538130
0.09538130
0.05257333
0.09538130
0.09538130
0.09538130
0.22938327
0.09538130
0.04440581
0.09538130
0.09538130
0.21276338
0.09538130
0.09538130
0.07605527
0.07804687
0.09538130
0.14957543
0.01558170
0.09538130
0.16704224
0.09538130
0.03011115
0.23225577
0.09538130
0.09538130
0.09538130
0.22890438
0.19708181
0.09538130
0.09538130
0.24388945
0.09538130
0.22523172
0.04294472
0.09538130
0.25231750
0.17757137
0.09538130
0.09538130
0.09538130
0.09538130
0.09538130
0.09538130
0.09538130
0.09538130
0.02401178
0.09538130
0.09538130
0.09538130
0.17118680
0.18076670
0.24595823
0.09538130
0.09538130
0.09538130
0.19356122
0.09538130
0.09538130
0.23799630
0.09538130
0.00108284
0.08423475
0.09538130
0.18844152
0.05270214
0.09538130
0.21516245
0.16831698
0.04209956
0.09538130
0.07196845
0.03173930
0.09538130
0.09538130
0.09538130
0.16911392
0.09538130
0.09538130
0.21100377
0.09538130
0.09538130
0.09538130
0.12588352
0.09538130
0.01354507
0.21228351
0.18876144
0.05898868
0.09538130
0.03295214
0.02746579
0.09764148
0.15781665
0.09538130
0.20204301
0.02756992
0.08134378
0.24436694
0.00011513
0.00000064
0.09585181
0.08685482
0.02206144
0.09538130
0.09988702
0.24675366
0.16656434
0.09538130
0.09538130
0.24388945
0.09538130
0.09538130
0.03350859
0.09538130
0.20636381
0.09538130
0.09538130
0.09538130
0.09538130
0.09538130
0.09538130
0.23608349
0.09538130
0.02946838
0.00088999
0.14609926
0.06697243
0.09538130
0.09538130
0.09538130
0.09538130
0.01410362
0.11691464
0.09538130
0.02440923
0.20716388
0.09538130
0.09538130
0.02663786
0.09538130
0.09538130
0.09538130
0.09538130
0.09538130
0.09538130
0.09538130
0.09538130
0.23289391
0.09538130
0.12464128
0.09538130
0.09538130
0.09538130
0.10637297
0.09538130
0.09538130
0.09538130
0.16385761
0.02674085
0.13415014
0.09538130
0.22395380
0.09538130
0.13587323
0.09538130
0.00086716
0.09406835
0.15480172
0.02561598
0.09538130
0.00308715
0.17916882
0.00766350
0.09538130
0.09538130
0.09538130
0.00640685
0.09538130
0.19900226
0.09538130
0.09538130
0.09538130
0.23943044
0.00001593
0.09538130
0.07520537
0.09538130
0.09538130
0.09538130
0.17373954
0.09538130
0.09538130
0.08452503
0.09538130
0.06669752
0.24102343
0.25215864
0.11614576
0.25247636
0.09538130
0.09538130
0.09538130
0.09538130
0.04551157
0.01074983
0.00110822
0.09538130
0.19356122
0.09538130
0.20236309
0.21979903
0.09853859
0.09538130
0.04234050
0.20908393
0.09243916
0.16783890
0.13759863
0.00849020
0.09538130
0.09538130
0.09495929
0.09538130
0.19980246
0.08005007
0.09538130
0.09538130
0.09538130
0.16672363
0.00264822
0.09538130
0.07591346
0.09538130
0.09538130
0.23735878
0.10003705
0.11078480
0.00034538
0.09538130
0.00113387
0.02101556
0.02017435
0.07043251
0.09538130
0.04489621
0.09538130
0.03818875
0.23496735
0.16943275
0.18444331
0.09538130
0.13024315
0.00132129
0.03497020
0.09538130
0.17214389
0.16656434
0.23129843
0.09538130
0.09538130
0.09538130
0.09538130
0.09538130
0.01096638
0.03306317
0.20636381
0.08467025
0.24977495
0.12402075
0.09538130
0.15734035
0.09538130
0.02371529
0.01781972
0.11753026
0.09538130
0.07577172
0.09538130
0.15163263
0.09538130
0.24484439
0.09538130
0.09538130
0.16067643
0.25485846
0.02440923
0.09538130
0.09538130
0.24261588
0.15559473
0.09538130
0.09538130
0.09538130
0.23002172
0.09538130
0.09538130
0.09538130
0.09538130
0.09538130
0.09538130
0.09538130
0.24102343
0.09538130
0.09538130
0.09538130
0.09538130
0.09538130
0.09538130
0.09538130
0.09538130
0.09538130
0.09538130
0.23289391
0.09538130
0.09538130
0.09538130
0.09538130
0.23241531
0.09538130
0.00772579
0.09538130
0.10078778
0.25120533
0.09538130
0.10758715
0.09538130
0.22954289
0.09538130
0.17070835
0.09538130
0.19004122
0.17198436
0.09538130
0.09538130
0.09538130
0.09538130
0.09689504
0.09538130
0.22634971
0.09538130
0.09538130
0.09538130
0.22043837
0.00000016
0.09538130
0.04862644
0.09538130
0.09538130
0.09538130
0.16608651
0.14657287
0.09538130
0.09538130
0.09538130
0.09538130
0.09538130
0.00015147
0.07577172
0.00100840
0.00030315
0.24054559
0.09538130
0.16688293
0.12417584
0.09538130
0.09538130
0.09538130
0.01853207
0.06848952
0.00772579
0.10561525
0.03656766
0.09538130
0.09538130
0.09538130
0.09538130
0.18348402
0.20284319
0.09538130
0.09538130
0.09317902
0.01162689
0.09538130
0.09538130
0.15797544
0.09538130
0.14452151
0.09538130
0.11599207
0.14404848
0.09538130
0.09538130
0.10048737
0.09538130
0.09538130
0.09538130
0.09538130
0.09538130
0.09538130
0.09538130
0.06601151
0.20636381
0.19212113
0.09538130
0.09538130
0.20764391
0.19388126
0.07890399
0.04514204
0.09538130
0.21420288
0.20316326
0.09538130
0.09538130
0.09538130
0.09570295
0.09377173
0.09538130
0.09538130
0.09538130
0.03936077
0.09538130
0.17453758
0.15559473
0.00908384
0.09538130
0.00019269
0.09538130
0.19196113
0.09538130
0.09538130
0.05154613
0.09538130
0.20604377
0.09538130
0.09538130
0.05938807
0.10048737
0.08743932
0.09538130
0.09538130
0.06153038
0.24850309
0.09538130
0.09538130
0.09538130
0.09538130
0.17884929
0.21084379
0.09538130
0.09538130
0.23209623
0.09538130
0.09538130
0.16991105
0.09538130
0.09538130
0.00424629
0.00842531
0.09538130
0.09538130
0.09538130
0.13759863
0.09538130
0.09538130
0.10485844
0.09538130
0.09538130
0.09538130
0.09538130
0.23401048
0.09538130
0.15702286
0.09273496
0.10168996
0.09538130
0.17725194
0.10485844
0.17884929
0.09538130
0.09538130
0.09538130
0.15559473
0.09243916
0.09538130
0.01516515
0.18236500
0.09538130
0.09538130
0.13916910
0.16847635
0.09538130
0.13461984
0.05321830
0.19260115
0.09538130
0.09538130
0.17741165
0.09538130
0.11384358
0.09538130
0.06932058
0.09538130
0.09538130
0.00705280
0.09538130
0.12557281
0.23592406
0.03842223
0.09538130
0.09538130
0.13650038
0.09538130
0.09538130
0.00176844
0.24882109
0.09538130
0.09538130
0.09538130
0.18044709
0.09538130
0.09538130
0.01574958
0.09538130
0.09538130
0.14957543
0.07309049
0.19324119
0.11583841
0.09538130
0.09538130
0.20124282
0.03610880
0.12993116
0.22443305
0.09538130
0.05978819
0.20236309
0.09538130
0.09538130
0.09538130
0.09538130
0.09538130
0.02643232
0.09538130
0.06959816
0.09538130
0.23672117
0.18764174
0.08452503
0.22011871
0.09538130
0.09538130
0.10304585
0.24229743
0.09538130
0.09538130
0.09538130
0.19884222
0.09258704
0.20652382
0.09538130
0.20604377
0.09538130
0.09538130
0.13227317
0.18492301
0.20732389
0.09538130
0.09538130
0.24516266
0.09538130
0.09538130
0.10865138
0.09538130
0.09538130
0.23512681
0.09538130
0.09538130
0.09538130
0.13180438
0.15210768
0.09538130
0.09538130
0.09538130
0.09538130
0.09538130
0.20508363
0.09538130
0.09538130
0.09538130
0.09538130
0.09538130
0.09538130
0.19356122
0.05205899
0.02592101
0.04221998
0.09538130
0.09538130
0.01549802
0.09538130
0.23592406
0.09538130
0.08437987
0.09538130
0.18028729
0.07704960
0.09538130
0.09538130
0.18364389
0.24595823
0.09538130
0.09538130
0.09538130
0.09538130
0.09538130
0.21740109
0.09538130
0.11292462
0.09538130
0.24420778
0.07140899
0.09538130
0.09538130
0.09538130
0.02715424
0.13274213
0.09538130
0.08787822
0.01871186
0.02957517
0.09538130
0.09538130
0.16401676
0.17757137
0.09538130
0.09538130
0.09538130
0.14862671
0.09538130
0.17597440
0.09538130
0.09538130
0.09538130
0.11430347
0.09794035
0.00005724
0.04465080
0.09538130
0.05438492
0.16847635
0.09538130
0.11737631
0.09538130
0.10033722
0.09538130
0.09538130
0.09538130
0.09538130
0.00149275
0.09538130
0.22571088
0.09538130
0.09538130
0.14531019
0.25104642
0.24197896
0.09538130
0.06724763
0.16338020
0.09538130
0.09538130
0.14357560
0.09538130
0.13305488
0.24436694
0.20556370
0.17038941
0.17645344
0.09538130
0.09538130
0.20380340
0.09538130
0.09538130
0.09538130
0.09538130
0.09538130
0.09538130
0.09538130
0.09538130
0.09538130
0.09538130
0.03463102
0.25454093
0.00329690
0.05529726
0.18748180
0.09538130
0.09538130
0.09538130
0.06697243
0.04161902
0.09538130
0.11353714
0.02715424
0.09538130
0.09538130
0.09538130
0.09538130
0.09538130
0.09538130
0.24611733
0.09538130
0.09538130
0.09538130
0.16847635
0.09538130
0.20844394
0.01516515
0.23209623
0.18140598
0.01880201
0.09538130
0.09538130
0.09538130
0.10986968
0.08831757
0.20172294
0.09538130
0.22299521
0.09538130
0.13039918
0.00037502
0.09538130
0.09538130
0.23209623
0.08817107
0.08743932
0.24532178
0.15321657
0.09538130
0.09538130
0.25501722
0.09538130
0.09538130
0.09538130
0.09538130
0.18956129
0.09538130
0.08278654
0.09538130
0.10184046
0.09538130
0.09538130
0.21132371
0.09538130
0.09538130
0.00499059
0.09538130
0.09538130
0.01703154
0.07043251
0.09538130
0.20668384
0.06450870
0.09538130
0.03936077
0.01574958
0.01980473
0.09538130
0.09538130
0.09538130
0.09538130
0.09538130
0.09538130
0.09538130
0.09538130
0.09538130
0.22778684
0.11830042
0.08861072
0.09538130
0.01907347
0.09538130
0.09538130
0.09538130
0.09538130
0.16019958
0.09538130
0.00921809
0.09538130
