# NTRAJ	1000
0.06315160
0.09894787
0.05844430
0.14466944
0.00182502
0.11297443
0.09613058
0.16988854
0.18087030
0.12807734
0.18880054
0.01783613
0.04734766
0.19646318
0.14178797
0.07325942
0.10191675
0.08409059
0.14397162
0.09654928
0.05029965
0.06107933
0.15499237
0.00966644
0.11690595
0.13737141
0.09147616
0.11407857
0.15577073
0.10860465
0.14165494
0.03135078
0.15048624
0.08679213
0.09764710
0.08645443
0.11034200
0.10422805
0.10624994
0.12719210
0.11790382
0.11496978
0.16608135
0.17129654
0.18397435
0.04145055
0.11602037
0.06307760
0.03948774
0.16850250
0.04806501
0.06032202
0.02723151
0.17334498
0.11398760
0.06185162
0.10192513
0.06883058
0.14623682
0.13730362
0.06256230
0.09481729
0.10562961
0.16324565
0.05768771
0.12683271
0.00079357
0.11616672
0.09726655
0.10661436
0.06754202
0.13916713
0.15036268
0.01742123
0.09929160
0.11617908
0.01970419
0.12756822
0.18611779
0.08765309
0.09651421
0.06137521
0.10035066
0.06822144
0.08333972
0.12153462
0.07008435
0.16106848
0.12518395
0.16779980
0.14094300
0.12043014
0.08399552
0.13694240
0.00756504
0.19131072
0.08571049
0.17047182
0.03683679
0.03333851
0.11789961
0.14498292
0.07230211
0.10704989
0.00251020
0.05895459
0.03441417
0.12596966
0.08855031
0.11653871
0.13467961
0.11249960
0.18634635
0.01426203
0.18375291
0.01521443
0.09950630
0.03043509
0.13793247
0.18033835
0.05651158
0.10256003
0.08735725
0.04937545
0.06440873
0.08374773
0.01812821
0.08027965
0.18399161
0.10200653
0.14907916
0.08507432
0.16521360
0.02294412
0.05005859
0.07108063
0.14559294
0.01444399
0.16447299
0.11842303
0.13460652
0.13132561
0.06619443
0.12483285
0.06223931
0.00763085
0.11497385
0.11508213
0.12041143
0.14961934
0.17491922
0.05420860
0.06735059
0.03536627
0.16990445
0.08144668
0.08608391
0.13884087
0.11776090
0.11287288
0.16022950
0.10082359
0.10705905
0.14235198
0.08205435
0.06468597
0.10972506
0.05498871
0.16513303
0.06756954
0.12020288
0.10845111
0.09180755
0.10122027
0.11293613
0.08445853
0.18557239
0.13575148
0.13585940
0.19259923
0.09029120
0.00395026
0.11209051
0.16329847
0.04779902
0.12288079
0.15073056
0.16821814
0.09518645
0.08447484
0.10744617
0.09116590
0.14373954
0.02058012
0.07254242
0.12469265
0.15315010
0.14249750
0.12547365
0.13932451
0.01509658
0.11262729
0.02240328
0.12240331
0.08155264
0.01807311
0.01197187
0.04992884
0.09695524
0.08254553
0.13369610
0.13246272
0.17571497
0.11630085
0.09342654
0.10256082
0.08580402
0.15986123
0.02327841
0.12868870
0.19579631
0.07035248
0.12454618
0.08589683
0.11817337
0.00488601
0.10024126
0.09262716
0.10020483
0.06773343
0.06633436
0.02146264
0.15034059
0.13458929
0.13568413
0.16520697
0.17304653
0.16031616
0.12426759
0.08161324
0.05280037
0.06346053
0.12937825
0.04073023
0.04327726
0.12344353
0.08503851
0.05154515
0.05992287
0.12514243
0.14607661
0.11187346
0.16318768
0.12162021
0.15527701
0.15891749
0.12502815
0.07716345
0.13075677
0.11758010
0.16565028
0.06519949
0.02023447
0.07454761
0.15546642
0.05779253
0.07049772
0.16388953
0.15689067
0.06194505
0.12136954
0.19564863
0.12983649
0.14725383
0.19750874
0.07387159
0.09311096
0.11416327
0.11567360
0.07467919
0.08033920
0.01530097
0.11218535
0.05143810
0.04045482
0.10008700
0.02541702
0.08208307
0.20928827
0.14369749
0.07890909
0.12608154
0.18794032
0.17419114
0.17303272
0.02448264
0.05278992
0.14016889
0.08679246
0.10991181
0.20026750
0.10262048
0.14351302
0.07035691
0.07878631
0.14823952
0.15878013
0.15637946
0.08858512
0.09325316
0.12228864
0.20460910
0.19468488
0.04293220
0.09460459
0.04987525
0.16593417
0.05766313
0.15440895
0.12462068
0.12244854
0.09278877
0.12730534
0.14880487
0.08650150
0.09971841
0.02774509
0.09156713
0.11381830
0.08339630
0.09854918
0.11960046
0.07181421
0.13716914
0.12265439
0.15575240
0.10933786
0.17985535
0.12394914
0.00769655
0.11800931
0.11813012
0.10684497
0.20526178
0.00208635
0.11305117
0.14020894
0.03213143
0.02751128
0.11334919
0.11529305
0.10867194
0.13498932
0.15406232
0.09000201
0.17939253
0.17913294
0.14721823
0.07942859
0.09419281
0.08087903
0.07931989
0.13182161
0.10350066
0.08387780
0.10020511
0.14917555
0.16942417
0.04161500
0.07358508
0.17167542
0.14085294
0.08590690
0.03431047
0.15286037
0.15859822
0.03599938
0.20046893
0.07783335
0.15532808
0.06763287
0.14685295
0.02565615
0.14215323
0.06650509
0.05819891
0.09408249
0.04103823
0.03996107
0.11208918
0.18005809
0.16745083
0.09469911
0.06272117
0.11559359
0.08386228
0.08160338
0.06596772
0.04776075
0.10572515
0.07190535
0.11256519
0.00544809
0.04589695
0.10475598
0.15150339
0.05465227
0.06829933
0.14801298
0.11175337
0.14307129
0.14498642
0.04408436
0.11957829
0.17584052
0.03686478
0.18265954
0.09156717
0.12419119
0.08244174
0.05968015
0.16417202
0.15716341
0.13706202
0.06468623
0.10969120
0.14894009
0.04310487
0.13803063
0.00411466
0.09623310
0.06112118
0.14008407
0.11221955
0.00790523
0.15134426
0.06849792
0.12331037
0.15589473
0.08260857
0.10202806
0.13812939
0.17759450
0.13794440
0.07703570
0.12309054
0.16943947
0.15485057
0.03768610
0.16889559
0.11472347
0.14191563
0.16851928
0.11549349
0.12578400
0.09819129
0.06005572
0.11234042
0.06169610
0.12692988
0.13343290
0.16563383
0.07593041
0.19206330
0.00093216
0.00293418
0.16949467
0.19307835
0.10955861
0.06513920
0.16713506
0.13684487
0.07971973
0.19904180
0.04428539
0.11702646
0.07715882
0.04538521
0.04706806
0.13406777
0.10753276
0.05687861
0.13727262
0.11798256
0.06693555
0.14517324
0.13705167
0.09730027
0.14149987
0.06388778
0.06536935
0.14895070
0.10247091
0.06022858
0.10269544
0.13872438
0.12472329
0.18954483
0.15395667
0.13451419
0.13297637
0.10508683
0.19073873
0.07948192
0.11077436
0.12058302
0.12508450
0.17541527
0.09930937
0.01098058
0.12759833
0.10838327
0.15087537
0.19379811
0.12440251
0.19233463
0.03636770
0.05158512
0.19345748
0.07620965
0.04721077
0.01961881
0.17681358
0.10350578
0.10624113
0.06046110
0.01062007
0.12716165
0.02127389
0.18124729
0.06220601
0.08473404
0.16672056
0.03824694
0.12658858
0.07430642
0.08769270
0.01763842
0.12432073
0.11073070
0.05829804
0.15985871
0.08829909
0.05955401
0.01479955
0.16473948
0.08102362
0.14407995
0.04286927
0.06810083
0.02965261
0.10181366
0.20684604
0.07981680
0.09617739
0.10710753
0.04182185
0.01971094
0.09113940
0.00366339
0.17244647
0.03747672
0.13431105
0.11217788
0.12421287
0.06287260
0.17840974
0.08142985
0.09997742
0.09410933
0.14458454
0.11077056
0.14237070
0.00514822
0.14940732
0.17248936
0.15698581
0.10888300
0.12179313
0.16486702
0.11532936
0.14829100
0.19302000
0.12587800
0.06971005
0.03661967
0.07243221
0.04507255
0.18532893
0.05977562
0.17746376
0.12934420
0.13605370
0.08136470
0.08970802
0.09802529
0.05417624
0.10705880
0.13690771
0.16949721
0.04599447
0.12842904
0.07281548
0.07129233
0.15883665
0.07095026
0.06941754
0.10136560
0.15050593
0.05286163
0.13185692
0.13847595
0.06603679
0.13585950
0.09285786
0.07154500
0.15420304
0.13293849
0.12308805
0.14532306
0.16165524
0.17057964
0.02927208
0.12514367
0.02034825
0.17233135
0.09628888
0.15636417
0.11885711
0.19033534
0.11849169
0.06044500
0.06408773
0.07152987
0.11282001
0.06261189
0.12620015
0.03343875
0.06075475
0.12902211
0.13574285
0.04102730
0.11484145
0.13974256
0.10194089
0.17828672
0.07337825
0.06555908
0.18499093
0.18249429
0.05437487
0.11803813
0.14478153
0.03826603
0.09745443
0.11894240
0.09186104
0.12041062
0.10309130
0.19387497
0.16150899
0.06762450
0.03229729
0.00548045
0.09674938
0.13888465
0.18873885
0.07482942
0.12342048
0.12470573
0.12618503
0.10532293
0.17386071
0.08961919
0.12947929
0.09630819
0.12776316
0.14248083
0.05566481
0.18334766
0.05371085
0.05674793
0.06494257
0.09854604
0.00650264
0.05348126
0.15350322
0.01212611
0.08842354
0.11169222
0.10612771
0.02852909
0.11314378
0.08163460
0.02037702
0.06758748
0.11568959
0.08767117
0.13363435
0.10713953
0.13163516
0.14168038
0.09884959
0.10353008
0.15379154
0.11149522
0.07737458
0.12200737
0.15004660
0.10593868
0.03382615
0.12672581
0.02595486
0.13666193
0.19661232
0.05995659
0.20209389
0.15354402
0.18808172
0.12536265
0.11395790
0.03033836
0.06673430
0.13148354
0.05649705
0.13424612
0.13611037
0.07213987
0.05123398
0.04913549
0.02537198
0.10344582
0.06467288
0.11354023
0.08773573
0.14908109
0.12759698
0.08807516
0.19306650
0.13904340
0.03452992
0.13152340
0.08932879
0.01940726
0.17863553
0.07150351
0.11106970
0.09417307
0.10332661
0.01247232
0.04947471
0.11175397
0.16728972
0.09958662
0.06941705
0.08943021
0.11893883
0.04393365
0.13827430
0.05030460
0.02771537
0.02820374
0.11451028
0.11225645
0.13783009
0.04324940
0.14005380
0.09739425
0.09627855
0.09780256
0.14594324
0.13699028
0.16769195
0.07917594
0.06854824
0.09806505
0.17459401
0.14788359
0.11105916
0.14590087
0.02743389
0.12254317
0.08718273
0.11780161
0.08528744
0.10185806
0.14604383
0.09408631
0.01086668
0.16174091
0.12000515
0.10401759
0.15776703
0.06043690
0.06291052
0.11436996
0.18461352
0.10788985
0.05842898
0.13828553
0.05149906
0.11147537
0.16181452
0.13304434
0.19484193
0.11843964
0.06854622
0.14688072
0.08090894
0.08453604
0.12468691
0.04332815
0.08870000
0.02577854
0.16422512
0.12936273
0.06139030
0.01660606
0.16104798
0.11672707
0.16912008
0.08399654
0.15786824
0.14742913
0.13913162
0.01787327
0.18890518
0.15288662
0.13116537
0.02597383
0.00562943
0.02965076
0.00778812
0.04406363
0.16152904
0.18200290
0.14174858
0.17515774
0.18041168
0.03272210
0.03573358
0.00455713
0.05441936
0.03868327
0.15803855
0.13692456
0.11598332
0.05724150
0.16299704
0.16669005
0.19215064
0.03294615
0.10135239
0.14478079
0.05663970
0.09931918
0.11754389
0.13589780
0.11884965
0.13997254
0.13359803
0.06156408
0.04523331
0.11813719
0.04280907
0.12155175
0.11190616
0.13225822
0.11372189
0.10522418
0.08236438
0.12102633
0.17234131
0.09669134
0.07686556
0.16014603
0.06786538
0.00272643
0.09811733
0.07555448
0.07102015
0.08820528
0.15484227
0.16632720
0.17153402
0.06684883
0.00236768
0.11999861
0.12315869
0.12119441
0.11299590
0.16722600
0.13518344
0.11446081
0.11843879
0.08910207
0.06575799
0.04979079
0.04765896
0.18573451
0.16268291
0.05096736
0.07356357
0.15261406
0.20219916
0.05557955
0.12485237
0.08131640
0.01366024
0.06551374
0.07753786
0.15691103
0.11706954
0.20049250
0.05589472
0.09530241
0.16178141
0.15271785
0.08873981
0.08413866
0.05785742
0.11022663
0.08966158
0.01879615
0.11402478
0.06486653
0.10237822
0.02803363
0.09877514
0.14666311
0.09160818
0.09869426
0.06014403
0.09576587
0.14131942
0.17489276
0.11376184
0.10797335
0.11554528
0.16164409
0.11192060
0.11595570
0.14399755
0.15790941
0.05121151
0.09055572
0.01809132
0.06790610
0.07366015
0.09838442
0.14713872
0.01357404
0.11009394
0.10656335
0.10565366
0.18869682
0.09660968
0.11479142
0.12486715
0.12160245
0.11323233
0.06506039
0.08058002
0.08842789
0.01959656
0.17419973
0.03297329
0.11341518
0.09317108
0.12372967
0.12302251
0.05703871
0.03791688
0.14291315
0.09465443
0.06431670
0.04611125
0.08168390
0.17060395
0.02861629
0.14332162
0.17440395
0.07804258
0.01137264
0.08468944
0.04894252
0.11200024
0.12330243
0.01260079
0.11889704
0.01654254
0.03541086
0.00878524
0.18878421
0.15313809
0.12903016
0.13013592
0.12301077
0.09990501
0.04592841
