# NTRAJ	1000
0.16618810
0.05115784
0.07181026
0.06907221
0.40831502
0.58031951
0.51599192
0.07921202
0.10755134
0.47871683
0.07956064
0.38250591
0.20828889
0.05644642
0.30980234
0.21759737
0.19786134
0.40248825
0.27355827
0.21066971
0.05175479
0.22206999
0.18549980
0.33363518
0.16888199
0.22674497
0.12602212
0.41228980
0.23846771
0.33638930
0.12073652
0.39957777
0.08566325
0.41747387
0.17735628
0.04996687
0.43558675
0.33921473
0.05389543
0.55411768
0.40370734
0.32746723
0.05238111
0.11547616
0.24773949
0.06850982
0.31396360
0.53854490
0.05357577
0.30373711
0.04996449
0.22422234
0.37226756
0.40937754
0.27894547
0.08956439
0.07507332
0.08910070
0.27225498
0.23772162
0.16833829
0.05263460
0.05428799
0.24790408
0.52427330
0.46633658
0.46751534
0.36258333
0.10515334
0.08673574
0.15910483
0.25498330
0.12228741
0.46457439
0.22783886
0.31214778
0.54576363
0.24679119
0.21073737
0.31427673
0.16011144
0.20033817
0.21941535
0.06229292
0.61446427
0.47145574
0.15352293
0.22021585
0.29241315
0.10804999
0.15232629
0.32724857
0.46561877
0.05101743
0.48013581
0.12749694
0.23419710
0.28702134
0.42288288
0.16824614
0.23643305
0.18175849
0.05065700
0.35859664
0.08625368
0.14191229
0.15904293
0.14741790
0.36824139
0.31110277
0.26540647
0.06669697
0.37182333
0.11084031
0.30712898
0.06271422
0.11891310
0.30219541
0.17436917
0.10296307
0.22869805
0.43901850
0.25269840
0.36029302
0.05710360
0.36914171
0.05552130
0.15985312
0.19539498
0.27301437
0.41982076
0.24829072
0.33882623
0.13606281
0.06739043
0.14755281
0.41145124
0.20412261
0.10194451
0.41877442
0.05520243
0.33497704
0.05051640
0.06262794
0.20942933
0.70453864
0.30350161
0.11774951
0.30911666
0.05622614
0.41897265
0.65377310
0.31013456
0.34219732
0.27454903
0.29826828
0.10384455
0.13960876
0.23271895
0.54613921
0.20663227
0.51601823
0.46891302
0.09728798
0.18513967
0.17912416
0.06098875
0.37424859
0.08901031
0.42823100
0.32642413
0.25514482
0.05131707
0.19007860
0.17070177
0.30537000
0.27841511
0.05257003
0.34838456
0.21108382
0.24049085
0.05240247
0.23294110
0.07824070
0.33944405
0.49883525
0.44158815
0.13555855
0.43623136
0.42908372
0.51916790
0.21432687
0.08938260
0.31586377
0.10418491
0.13656848
0.43684315
0.47207689
0.15626399
0.62328313
0.39601063
0.43120730
0.07297329
0.17776657
0.07670073
0.07860079
0.05074921
0.14338704
0.59918223
0.17236812
0.05902965
0.06903541
0.22552236
0.07614303
0.05943106
0.41020961
0.36373296
0.10540717
0.32421629
0.15271886
0.07353408
0.16197680
0.22645605
0.29659488
0.51158905
0.10404393
0.46694399
0.38889311
0.34103482
0.22956982
0.39453213
0.13547806
0.24190474
0.36138789
0.21559958
0.51715791
0.21154506
0.33520058
0.41517794
0.12347771
0.17095103
0.24059951
0.47963479
0.17386496
0.11927580
0.59790574
0.36193140
0.34698995
0.07611278
0.43535309
0.40792724
0.64471234
0.22991463
0.05831095
0.33539226
0.34683038
0.27646333
0.11252536
0.14286224
0.12127364
0.05151535
0.06445062
0.35952651
0.26021963
0.05107551
0.09000554
0.61661980
0.64699893
0.18426897
0.80125527
0.13271121
0.08002158
0.12022036
0.13448313
0.43055495
0.42877849
0.56443326
0.22089214
0.18549585
0.31779652
0.56426246
0.30349945
0.34852344
0.47180166
0.28959827
0.05592991
0.30140367
0.32486449
0.11772912
0.60164397
0.12933895
0.25026531
0.42789395
0.23182212
0.07340173
0.27595736
0.80753652
0.36520502
0.06015945
0.43171742
0.29356446
0.13508403
0.48812646
0.56451043
0.06282541
0.05446984
0.22740215
0.05006807
0.34269563
0.66048575
0.09579576
0.16058009
0.52871377
0.06105642
0.27572006
0.14545664
0.19902011
0.71428645
0.15597279
0.35597942
0.69587406
0.29538975
0.21173274
0.09280347
0.14371329
0.12678640
0.05019299
0.06472823
0.50364106
0.09705492
0.19123548
0.25549250
0.63283629
0.16433843
0.25897719
0.40416768
0.13752006
0.60217172
0.12666577
0.52469507
0.32790175
0.13742210
0.11676522
0.26529671
0.50841181
0.05427099
0.22122641
0.40745703
0.15543691
0.15829128
0.23717659
0.19271193
0.35423954
0.08927352
0.47986948
0.18365536
0.59474381
0.40458673
0.38044258
0.19980022
0.33557042
0.05233082
0.09036648
0.21829157
0.29012485
0.28874455
0.21485371
0.14272609
0.06125552
0.32738841
0.07056197
0.30592957
0.21462008
0.41781808
0.32132030
0.32171281
0.22269763
0.08758765
0.17408301
0.07923432
0.22198094
0.06265402
0.30079841
0.17076908
0.05110165
0.07780351
0.16750800
0.27304753
0.51551555
0.20529286
0.10609857
0.21507457
0.17093517
0.11761169
0.26103245
0.05885593
0.14516566
0.17012922
0.06754653
0.29630469
0.46931696
0.07814029
0.32957198
0.29662322
0.06566494
0.38118364
0.08191222
0.17961194
0.26728972
0.47338601
0.13206832
0.23267083
0.20626781
0.67108790
0.37083505
0.17318449
0.54090834
0.16909030
0.07146161
0.17453799
0.33051921
0.42416909
0.23289583
0.11092409
0.56418447
0.58591385
0.10162645
0.11463668
0.11133315
0.17413467
0.11963234
0.15680689
0.18474434
0.12899093
0.05488870
0.21104742
0.25174151
0.42108986
0.07795898
0.11773305
0.36415599
0.47877730
0.09612193
0.08784316
0.38967559
0.18308592
0.12683166
0.27404188
0.19755189
0.32630570
0.13501793
0.21294703
0.26822780
0.35450642
0.13991544
0.05039166
0.27756813
0.23106993
0.31143693
0.08103005
0.35484429
0.22229706
0.24600557
0.25934195
0.45817885
0.27843643
0.36847452
0.18839438
0.20216634
0.35856232
0.47923294
0.24683568
0.59414549
0.08001564
0.42337129
0.28812779
0.07132743
0.50252631
0.11033462
0.42625209
0.18766241
0.27191603
0.28157556
0.42802806
0.09676072
0.12220008
0.25042514
0.06827267
0.06201705
0.45601900
0.42491642
0.16510812
0.15909069
0.24078822
0.21631452
0.06030390
0.32740761
0.18330347
0.05027574
0.57336536
0.05331091
0.16975223
0.06221844
0.11007731
0.05118694
0.15568386
0.34027307
0.35728394
0.06051108
0.13222415
0.31253481
0.05007724
0.28819774
0.27300948
0.13177438
0.67080945
0.34089173
0.51885200
0.08990880
0.21111869
0.09711834
0.68344313
0.05359189
0.38066644
0.40718297
0.17778886
0.06744929
0.37350141
0.41749622
0.16004401
0.06084866
0.05107254
0.22382045
0.33667860
0.39806172
0.18682144
0.16962017
0.10661639
0.25789506
0.48619062
0.19237897
0.29801732
0.53310941
0.39118565
0.19666061
0.15078458
0.07998114
0.28612735
0.05001059
0.17248011
0.37941077
0.46905201
0.46745131
0.06782484
0.37779582
0.14487177
0.30703089
0.59341683
0.31863369
0.24326389
0.47388813
0.06690662
0.13884027
0.17058905
0.48018907
0.25278131
0.09398053
0.05008098
0.05007164
0.10160562
0.25017382
0.19249732
0.44651861
0.16988416
0.05015346
0.09326679
0.06830705
0.44222649
0.13070143
0.10377780
0.31445637
0.61040373
0.08656551
0.50477564
0.25481017
0.29710755
0.58972234
0.24598641
0.05002169
0.48352909
0.36088770
0.05716455
0.17832781
0.13394715
0.05504833
0.13659277
0.26490858
0.08805906
0.21232542
0.11107160
0.16636637
0.07043815
0.11347731
0.22415032
0.14996832
0.09310396
0.42708763
0.21146762
0.05816887
0.43532884
0.44158311
0.36593405
0.20041499
0.48639210
0.08520465
0.20427823
0.56798792
0.34210293
0.12560236
0.50617504
0.30456858
0.24694292
0.19005591
0.45791000
0.50241524
0.22717569
0.28325260
0.23667650
0.47103622
0.34628217
0.10582416
0.05236858
0.33038416
0.12923037
0.06547124
0.07010924
0.10170705
0.07058975
0.28331217
0.51594656
0.31373083
0.42412433
0.17034142
0.67048685
0.40762860
0.46895031
0.18427195
0.05493923
0.06148948
0.08930375
0.67075138
0.09522823
0.31204673
0.07241176
0.06022220
0.45942533
0.20451336
0.10493820
0.24685721
0.35394267
0.19701307
0.09478592
0.10507265
0.11364968
0.17231364
0.05718107
0.35841692
0.38928336
0.08612617
0.36690392
0.07177783
0.42586747
0.36687436
0.17344277
0.10447229
0.25625609
0.53534908
0.45716903
0.21729343
0.28263698
0.37530328
0.09217902
0.05585235
0.10726244
0.05448511
0.08645848
0.20245391
0.13129738
0.10710719
0.07771428
0.04996655
0.21330854
0.31639964
0.12021732
0.26322649
0.05015608
0.12388520
0.24102686
0.16650394
0.18482755
0.06892148
0.61525816
0.54602800
0.38331878
0.11272844
0.20386952
0.36343135
0.40873222
0.05234398
0.41940787
0.07787888
0.05098000
0.12769413
0.10200221
0.24660737
0.54031058
0.37090368
0.11052766
0.11110230
0.12245591
0.49914939
0.19476626
0.41287602
0.06397172
0.35851265
0.25582055
0.16780547
0.11032340
0.05089786
0.30137550
0.15677448
0.36916750
0.21782410
0.48181853
0.08642776
0.30580635
0.51779322
0.21543129
0.67785608
0.06946554
0.35211207
0.12172273
0.32269681
0.05135994
0.04997232
0.19900115
0.07927577
0.32572860
0.68698655
0.11113510
0.09907899
0.33349381
0.11195805
0.30031931
0.18431534
0.12046175
0.16263120
0.15088834
0.49043051
0.07665521
0.57653777
0.12961729
0.26294577
0.13734691
0.32889864
0.23343786
0.73295764
0.26080484
0.10561052
0.09199312
0.46254445
0.11183466
0.18999665
0.26482700
0.19788905
0.41190054
0.25586823
0.57490393
0.52305972
0.15038119
0.48051087
0.51243192
0.44008486
0.21798304
0.41295258
0.15536436
0.31771018
0.23043219
0.37442387
0.24674614
0.05642421
0.29986383
0.19904260
0.16497701
0.41636678
0.08451254
0.35887071
0.48245766
0.34518600
0.16120368
0.42498978
0.27454562
0.45290762
0.47163353
0.10498974
0.23895129
0.51107870
0.38126395
0.05952345
0.64285611
0.22910986
0.11685530
0.64993483
0.16610509
0.47399107
0.15397751
0.16153829
0.05143650
0.06039637
0.18013491
0.05474855
0.09685747
0.48849794
0.08495734
0.28116674
0.12356978
0.25446988
0.44412388
0.33477136
0.33497522
0.29081108
0.25247358
0.17110126
0.15047239
0.12546540
0.58696504
0.30035115
0.34046102
0.16294384
0.35159136
0.49842929
0.09934521
0.15878387
0.09339027
0.12515729
0.35927343
0.07604490
0.30020673
0.51203583
0.55717535
0.31748793
0.09841938
0.05300397
0.06838011
0.15245250
0.51850863
0.09371135
0.17253809
0.38223352
0.09889309
0.36411357
0.21133969
0.63270341
0.26913918
0.11296723
0.20655876
0.55439791
0.21543996
0.11990619
0.31960273
0.60020439
0.35575677
0.34895380
0.10527264
0.49683236
0.47602265
0.57095330
0.39592335
0.05902692
0.42341360
0.05081606
0.15286524
0.11298805
0.33128156
0.28792975
0.23243664
0.31908004
0.05892508
0.18664963
0.26699538
0.40811566
0.54463336
0.50533174
0.53952208
0.47546399
0.25739640
0.25732652
0.46873992
0.30887993
0.42112493
0.09146138
0.40526317
0.49875773
0.12384187
0.65255209
0.10357197
0.23646818
0.11231479
0.10564289
0.11212108
0.05802547
0.27439208
0.06309517
0.17448713
0.17945010
0.46841786
0.38291923
0.29568078
0.28083505
0.50678389
0.06521549
0.32279941
0.35359807
0.44201786
0.28537401
0.29520278
0.28149350
0.07406307
0.49278514
0.24567215
0.22757650
0.25251425
0.16789055
0.24275377
0.13009396
0.43418453
0.21694267
0.37526265
0.37281877
0.05914108
0.10188038
0.48604839
0.08452122
0.35621050
0.35099750
0.22993983
0.31373930
0.36309160
0.12583812
0.43756506
0.76952119
0.37460146
0.11783019
0.33885106
0.06236405
0.15604920
0.17754438
0.14448786
0.08713705
0.48159703
0.29699002
0.62145268
0.18586858
0.30222169
0.44297023
0.52331687
0.43994363
0.14309050
0.20263180
0.44814282
0.28779031
0.07449099
0.20522478
0.62803169
0.52709033
0.13907998
0.07279765
0.18403637
0.46808305
0.35267155
0.05159263
0.28951955
0.30553885
0.19030641
0.08030328
0.27174299
0.16103949
0.64529186
0.42576986
0.05863752
0.47449566
0.07803897
0.36207414
0.05199446
0.39542721
0.52133445
0.12603231
0.33310445
0.17229890
0.39832332
