# NTRAJ	1000
0.35492545
0.30090696
0.49052331
0.49845170
0.20000798
0.10657780
0.08069545
0.26765182
0.51860829
0.42318639
0.06035394
0.04325718
0.06295941
0.30031246
0.37928043
0.23252489
0.08005004
0.41073819
0.10363782
0.26929354
0.16767067
0.45280116
0.12223805
0.28046993
0.37945766
0.45167047
0.06446301
0.27047407
0.04390511
0.34803410
0.22071019
0.10373657
0.08734990
0.34391910
0.33744192
0.06942220
0.05658578
0.05801474
0.08793616
0.05862173
0.33626217
0.16649526
0.47888531
0.22360673
0.12152795
0.15047595
0.23733358
0.06597320
0.11150916
0.22297665
0.15374837
0.24069033
0.35985607
0.06328631
0.20006208
0.05578346
0.42373790
0.25757877
0.38182625
0.06921745
0.23368690
0.27713729
0.07298071
0.42105703
0.25028141
0.33532166
0.50703420
0.05410126
0.28678432
0.26088116
0.16072237
0.46676508
0.28795838
0.15002583
0.10464183
0.19306168
0.21400451
0.19946052
0.44019059
0.33563876
0.46030714
0.07643445
0.38738572
0.13350523
0.26804025
0.08657211
0.38918368
0.37190386
0.35526959
0.32534009
0.26129005
0.05996497
0.27065699
0.05373474
0.23113731
0.38766947
0.48780789
0.46647254
0.23372275
0.06279182
0.43493846
0.10528737
0.08789010
0.04886039
0.27443778
0.37971120
0.28391612
0.52275214
0.53486253
0.12917594
0.06639062
0.50064280
0.09795486
0.51688983
0.08281944
0.23547625
0.15179312
0.12728582
0.05791671
0.54853907
0.35285168
0.24714051
0.11191973
0.05384169
0.36439875
0.31262086
0.12813581
0.29115146
0.04806609
0.04295608
0.19800547
0.36806540
0.29043423
0.34796870
0.58459394
0.05551749
0.39596040
0.15491819
0.18038875
0.05951098
0.28111526
0.17444267
0.17576355
0.27249171
0.30877527
0.16934238
0.33269704
0.26643375
0.66520188
0.49034079
0.22535966
0.13205936
0.07136923
0.04697659
0.21476097
0.38170852
0.42155891
0.27581519
0.34199818
0.26451123
0.32989709
0.46520503
0.47569780
0.08128110
0.34385423
0.47511234
0.14328401
0.11064610
0.17729233
0.35039246
0.16422259
0.09917234
0.13525752
0.08889400
0.04894699
0.15874667
0.41949996
0.32814910
0.53193778
0.05350842
0.11635228
0.08847290
0.48878216
0.37229344
0.23357637
0.08114246
0.14232111
0.05685059
0.07252981
0.07207021
0.12085671
0.10787558
0.11132024
0.33268798
0.22245672
0.20471580
0.13186400
0.37263000
0.05311671
0.49195597
0.49306882
0.07611685
0.13090211
0.05040056
0.61011775
0.10034203
0.34938780
0.28218068
0.39061051
0.16361695
0.63632969
0.18740237
0.05359673
0.26164237
0.07572692
0.20457027
0.05780153
0.39138250
0.08083420
0.18966129
0.12426009
0.47648833
0.06030081
0.18311222
0.64367743
0.21150215
0.08578106
0.08528554
0.32610423
0.34077155
0.47565726
0.22484934
0.08208762
0.06688700
0.36235568
0.09932712
0.26591249
0.18164167
0.29457037
0.10762498
0.16820233
0.48636426
0.53601011
0.08229664
0.47454649
0.04921370
0.17075602
0.39279858
0.18671168
0.29036886
0.15807378
0.06164446
0.25791825
0.26449491
0.09273202
0.22330696
0.13237466
0.30050816
0.30258840
0.09649234
0.10561056
0.40395032
0.15405115
0.09392025
0.31787524
0.06576478
0.39401441
0.43700575
0.39542414
0.46066846
0.32827152
0.34658787
0.06372648
0.04867361
0.46430704
0.48048642
0.07984497
0.17994490
0.14147674
0.37075096
0.49978109
0.14553425
0.41326141
0.51222204
0.18977154
0.04436271
0.14560231
0.33022074
0.06295892
0.07578099
0.17213914
0.23742086
0.08600271
0.06904134
0.19507869
0.35172972
0.45261269
0.10048778
0.24705851
0.37351192
0.17763367
0.05615598
0.15718039
0.17297987
0.06437552
0.23180830
0.20683527
0.56100893
0.22789446
0.21884096
0.07725952
0.11352544
0.52329021
0.33931858
0.07534466
0.34771661
0.08109564
0.09777245
0.41489273
0.22076918
0.22817906
0.11409847
0.24792325
0.06793771
0.19460377
0.04217388
0.62438494
0.04799939
0.40543112
0.22594273
0.20247719
0.38992209
0.47684603
0.21145523
0.23369345
0.24384596
0.19991869
0.10080157
0.62741025
0.46377266
0.31082953
0.04557323
0.19135610
0.33792115
0.24669056
0.13449757
0.17630945
0.19834853
0.46329700
0.42528256
0.17372361
0.16706828
0.06526662
0.65973954
0.10878083
0.17469385
0.25839899
0.09777636
0.59644487
0.15211947
0.19006528
0.22821246
0.16175455
0.20774875
0.36781062
0.12412654
0.05745144
0.26724871
0.37305440
0.13600291
0.42270351
0.59150090
0.07643766
0.15142101
0.05757227
0.05013599
0.07433189
0.10619972
0.07966606
0.25360230
0.20727339
0.29165095
0.23717752
0.24646777
0.38816531
0.06890209
0.17999848
0.08467236
0.23931636
0.24024548
0.15189077
0.17228152
0.35138638
0.11408483
0.39969589
0.22397767
0.11168152
0.21946886
0.31497304
0.53950270
0.23521126
0.06138483
0.41272819
0.21808757
0.21944469
0.47602344
0.23128447
0.22842862
0.15606572
0.05251201
0.23814892
0.30342137
0.04416058
0.17489461
0.26773517
0.45503389
0.55983553
0.16231290
0.14679549
0.35721789
0.11630815
0.32766818
0.22528179
0.52806276
0.53685944
0.20211438
0.14969455
0.05592491
0.09044097
0.11117404
0.24509860
0.14043043
0.04863612
0.26994588
0.07407912
0.41726242
0.18897324
0.21232618
0.06054051
0.29951009
0.13042690
0.16796466
0.68037301
0.12761818
0.51672817
0.17378732
0.24227671
0.17848902
0.33792644
0.06178816
0.46825558
0.16976623
0.57125062
0.08068103
0.28576538
0.23355167
0.08932568
0.57458598
0.05562106
0.33029255
0.28975942
0.18470876
0.36193202
0.06188838
0.53487983
0.42570002
0.43427337
0.35429430
0.38121293
0.06012351
0.40731286
0.13221693
0.08162093
0.04595171
0.08177776
0.05911089
0.06370105
0.28528477
0.12599400
0.06033961
0.32656491
0.23129205
0.14851832
0.22822122
0.05426437
0.04555981
0.22613849
0.10536080
0.19189193
0.26023283
0.22252391
0.45668795
0.03940077
0.26688094
0.16001509
0.23478233
0.10825081
0.08857940
0.15018606
0.58553499
0.11058405
0.49916205
0.25788493
0.31165593
0.09992532
0.66861897
0.26404239
0.28453689
0.16907628
0.26274731
0.08811233
0.14732055
0.22943801
0.34051823
0.05829932
0.22166302
0.11029653
0.05242329
0.22433283
0.75677913
0.18054266
0.36549573
0.18588882
0.10006400
0.60406046
0.05523264
0.08323413
0.36878216
0.63282573
0.43855619
0.46631103
0.65249217
0.23111112
0.10825017
0.50952776
0.09367992
0.05893180
0.05921695
0.43251142
0.11578198
0.17025186
0.27446051
0.29432154
0.22106579
0.12818842
0.24377298
0.08293308
0.09569769
0.05627643
0.16996917
0.08192724
0.69146803
0.19967214
0.21191704
0.07335096
0.51157437
0.63688444
0.06728659
0.26986691
0.17161824
0.10572643
0.25717822
0.19448887
0.49889567
0.33137509
0.43230967
0.09767041
0.17418602
0.37627284
0.16362092
0.04928492
0.11606549
0.31066885
0.20384268
0.25956456
0.04398859
0.13259283
0.37854979
0.22312522
0.10703418
0.09420188
0.20782686
0.28669935
0.10166055
0.12060150
0.28739239
0.40976975
0.15504530
0.34205751
0.05315747
0.51240468
0.09124500
0.26424373
0.07639583
0.11797769
0.06947468
0.21811168
0.45174360
0.11360997
0.09753931
0.20065029
0.14759932
0.06841961
0.21857724
0.04864971
0.05578701
0.28340320
0.06590389
0.65225092
0.42888085
0.22158512
0.08080810
0.21259975
0.42655005
0.12550157
0.34100173
0.20735783
0.05854959
0.11208920
0.37095748
0.07486324
0.06041807
0.55765033
0.05505740
0.09819228
0.20820783
0.34347088
0.05787323
0.18489675
0.72501793
0.08052170
0.10728294
0.27015437
0.16977273
0.40298500
0.13702154
0.26228755
0.20039733
0.32784916
0.35663988
0.49407987
0.08096301
0.27819059
0.19564600
0.51430787
0.15928285
0.06476406
0.05714607
0.18583835
0.13913211
0.29042620
0.06024037
0.26451251
0.09297459
0.05143320
0.32657970
0.12436726
0.30791365
0.50979231
0.33677756
0.13018617
0.14104064
0.43433036
0.29041897
0.42992348
0.19674821
0.49865464
0.49464576
0.36343956
0.23012298
0.31332719
0.14547921
0.19786605
0.07835085
0.41310489
0.32463964
0.30578751
0.45801354
0.40605944
0.14238002
0.07772018
0.15470041
0.62685288
0.11799890
0.11823895
0.71512586
0.35728295
0.55431359
0.13528889
0.19092470
0.40964182
0.50290682
0.04488058
0.33238622
0.18526688
0.04935273
0.16313979
0.08380327
0.34563500
0.26497699
0.53949828
0.07812927
0.41149630
0.15667215
0.04401109
0.14639433
0.28958997
0.32641422
0.42337409
0.21083137
0.20923753
0.16404038
0.31265420
0.06189670
0.42695339
0.08236714
0.04921883
0.10809030
0.16384238
0.19158241
0.13783823
0.12222992
0.22103377
0.25618793
0.16883661
0.07486948
0.34507418
0.50327752
0.24887868
0.19550836
0.24534728
0.32782751
0.18186088
0.05516989
0.25058886
0.31099370
0.35754068
0.47649915
0.54907119
0.04148520
0.33095811
0.22654717
0.29859877
0.27383163
0.16361831
0.06423818
0.16678892
0.48257691
0.13852256
0.31708533
0.23233034
0.14582413
0.42362170
0.08966851
0.11303983
0.13594095
0.13704072
0.26611005
0.38883381
0.04654323
0.09559779
0.28794318
0.20907250
0.30319177
0.25943619
0.32903837
0.30169290
0.12194333
0.19734548
0.31049456
0.27958196
0.64732619
0.18881604
0.33138725
0.51837103
0.47837905
0.13044259
0.08749198
0.34730495
0.13456468
0.51115286
0.39508168
0.33625888
0.08949240
0.20432878
0.06332939
0.06687281
0.10536817
0.08144622
0.27057152
0.10713481
0.15834070
0.71574010
0.19394577
0.09093929
0.41665494
0.06455116
0.51018492
0.27197523
0.27862381
0.06986113
0.05202235
0.42368765
0.47993022
0.11305714
0.40125725
0.47745949
0.05482772
0.24985519
0.06480732
0.06481886
0.10027747
0.27461168
0.07285948
0.11464603
0.08710166
0.30023922
0.30438565
0.05619172
0.48431797
0.29700222
0.28172878
0.06874839
0.11372693
0.72371641
0.25710732
0.05130158
0.72638965
0.10668415
0.36074417
0.04566340
0.40683863
0.53771963
0.24392440
0.06109100
0.38727191
0.25816321
0.09486784
0.17933860
0.32765134
0.15391699
0.26694599
0.37477230
0.10480235
0.24342372
0.09453407
0.19846751
0.22093421
0.08171500
0.13671592
0.16720768
0.41912770
0.22725247
0.23850564
0.24239117
0.37239787
0.12088588
0.16336328
0.10400502
0.24772263
0.10890142
0.12952058
0.04512691
0.28096471
0.21707277
0.37191893
0.33044774
0.06662861
0.27766157
0.60673498
0.49994938
0.24829055
0.35759607
0.06092797
0.36863715
0.25629259
0.58830666
0.19317308
0.20882804
0.34622208
0.50067291
0.10774050
0.04298708
0.12925040
0.06585507
0.09286398
0.27677251
0.05100500
0.06586956
0.26907692
0.09997250
0.11464136
0.14326597
0.43741133
0.36296941
0.05682093
0.40746819
0.08093153
0.27504280
0.13623687
0.23825180
0.13597493
0.08458493
0.12069924
0.30458103
0.28456651
0.28657171
0.56488461
0.18545294
0.19596310
0.06342537
0.23926923
0.22098443
0.10111761
0.18652562
0.45021264
0.26175201
0.18332602
0.05905675
0.28386702
0.13634172
0.23381401
0.40668191
0.40101739
0.10638850
0.54017073
0.09365811
0.13491959
0.40506901
0.26150764
0.06746733
0.11294690
0.50730347
0.09374726
0.07929684
0.44030964
0.39998425
0.06023405
0.07474463
0.09007592
0.48906164
0.50402414
0.31381132
0.05821840
0.24468549
0.05049359
0.27116075
0.19495988
0.31500258
0.28391817
0.59449040
0.35654661
0.30531414
0.20777163
0.31133627
0.11179300
0.63025864
0.61216511
0.33713830
0.42277921
0.05673245
0.41221314
0.06646734
0.09302117
0.26191649
0.38219231
0.42478273
0.33269442
0.16200443
0.35785200
0.08065274
0.21018731
0.10240576
0.17377207
0.47428949
0.17565296
0.21561078
0.19502862
0.13605021
0.39535962
0.04961652
0.09385289
0.23093974
0.26473240
0.20491160
0.19500794
0.08066586
0.41017883
0.28498685
0.27619038
0.10791537
0.35729652
0.44951454
0.40813007
0.29690392
0.29888961
0.24092413
0.10184623
0.05444446
0.35820446
