# NTRAJ	1000
0.13197440
0.10900508
0.13141522
0.16134597
0.02460487
0.05358655
0.07015331
0.00961486
0.16151723
0.18146767
0.02398073
0.06147915
0.04566459
0.07524257
0.09250375
0.00201562
0.07664731
0.13848294
0.04886180
0.09540674
0.01070866
0.11239782
0.11721074
0.07672074
0.09669194
0.16370906
0.00004696
0.05727979
0.06258290
0.11498323
0.11374597
0.04775872
0.00068274
0.05933808
0.19697216
0.00415122
0.02058619
0.00000057
0.00160503
0.01111743
0.16081661
0.07249671
0.18712292
0.14019533
0.12699627
0.00396016
0.00097568
0.03528891
0.07866335
0.05258072
0.04405751
0.08667334
0.09039721
0.12032683
0.00151282
0.16536339
0.18902487
0.02910683
0.10387370
0.00005881
0.09889816
0.08919431
0.11204774
0.15141231
0.13286183
0.06657952
0.16550444
0.07904882
0.09054164
0.00798055
0.05475191
0.15419710
0.05168442
0.03126206
0.00305260
0.13043848
0.10394349
0.05199051
0.16455441
0.10649879
0.11622947
0.09507006
0.14021043
0.06889840
0.18132042
0.07476434
0.10072791
0.10530205
0.09047670
0.13766471
0.15819541
0.02207356
0.16285926
0.00000702
0.00001665
0.06220581
0.15011193
0.14442324
0.12247976
0.05790503
0.06462569
0.03119476
0.08401639
0.13251782
0.13530818
0.07226748
0.10915462
0.19279458
0.15116617
0.02317335
0.16998700
0.16867193
0.05084752
0.04428634
0.00549160
0.09059924
0.00897287
0.09781848
0.00004599
0.19885800
0.12758758
0.00891790
0.01119694
0.01400960
0.10573841
0.19714264
0.12450953
0.05732934
0.04440711
0.07074156
0.05901779
0.08497230
0.02277676
0.17344054
0.15222719
0.00637398
0.08708858
0.00408279
0.09717341
0.11290318
0.11382904
0.10744367
0.02178253
0.12686807
0.15058969
0.06646302
0.06150764
0.02914570
0.16293803
0.19392072
0.06635059
0.01464245
0.06354064
0.01320054
0.10516694
0.17075443
0.01765605
0.00014420
0.07742363
0.05492713
0.17209633
0.16994133
0.16858259
0.04872513
0.10573669
0.16725024
0.01240427
0.00086191
0.01771563
0.08447122
0.01942976
0.04789981
0.07521566
0.00615874
0.10837878
0.02028353
0.10274305
0.12040686
0.05947954
0.08538656
0.00000025
0.01267892
0.13032674
0.16042869
0.00626482
0.10266612
0.00725006
0.06076003
0.06385827
0.03405029
0.00820927
0.09370487
0.00000170
0.14387406
0.00037342
0.01971892
0.01988057
0.03986447
0.02593200
0.03369744
0.14590777
0.01983884
0.04175280
0.03693301
0.01553008
0.05859011
0.12566494
0.13092207
0.09598546
0.00752431
0.16526593
0.11912527
0.00093681
0.01758892
0.06612378
0.05678489
0.02155781
0.16895987
0.03108059
0.05859385
0.01473298
0.18802352
0.06750240
0.08633095
0.15725837
0.07251243
0.02830443
0.06050256
0.09845326
0.09782298
0.14219872
0.13631968
0.00072005
0.00045464
0.11711460
0.05858475
0.09384882
0.01605685
0.13237167
0.06092832
0.09079481
0.13826761
0.19661982
0.05490968
0.09778544
0.00145885
0.10414514
0.02781659
0.02548336
0.12612984
0.10323857
0.05718051
0.00380083
0.12784984
0.08011000
0.09151421
0.15022445
0.00985951
0.08615592
0.09027677
0.05941966
0.10700519
0.00806341
0.04553424
0.12822789
0.00681164
0.09988428
0.17839086
0.09778274
0.14394525
0.03001527
0.19636149
0.01035388
0.00754370
0.16316701
0.16239712
0.00001768
0.00997507
0.08994310
0.11820100
0.14704104
0.14702709
0.15123624
0.15617938
0.02546266
0.02714253
0.11152240
0.14301925
0.10362485
0.07382596
0.06358417
0.13726725
0.00244821
0.12731504
0.08076236
0.07951650
0.07221954
0.03767333
0.00540043
0.13964920
0.14102350
0.01912288
0.03740354
0.07894167
0.00455368
0.04247631
0.02960306
0.20504322
0.15597889
0.12172044
0.13220361
0.01810929
0.19682694
0.12634516
0.04780955
0.13413870
0.06500846
0.05703957
0.06910035
0.03811491
0.15334955
0.10001485
0.00673096
0.00678562
0.04297603
0.03547047
0.20564336
0.01349177
0.03597521
0.00009698
0.05882481
0.13053873
0.18049024
0.08653097
0.03332736
0.02333221
0.02826070
0.01058395
0.09638709
0.11288186
0.07426028
0.01142609
0.05308601
0.14034910
0.10638579
0.03743436
0.03475552
0.01257181
0.12977075
0.16483910
0.02295237
0.04495516
0.02129558
0.20959677
0.00686601
0.09699362
0.11840147
0.04549823
0.15620386
0.06137128
0.04405120
0.14659715
0.06461114
0.05680846
0.00324402
0.10341148
0.05954076
0.18254578
0.12081295
0.03763059
0.14887601
0.20128753
0.14663381
0.14535184
0.00690926
0.12549883
0.02551551
0.09416655
0.00343397
0.08488187
0.16927239
0.12020724
0.00052322
0.08542249
0.00732327
0.05445499
0.08687816
0.01043204
0.05178565
0.03880627
0.05227656
0.11568247
0.07459397
0.12056567
0.18869956
0.00606449
0.03563293
0.14247596
0.13325549
0.16652723
0.07056702
0.11536480
0.11314649
0.02545915
0.05269667
0.09956416
0.06446101
0.08707043
0.05159869
0.00561168
0.11005355
0.15845730
0.06318336
0.06306831
0.00275540
0.11202154
0.16200274
0.16026495
0.06259282
0.05649157
0.10607187
0.04198578
0.09902082
0.19232803
0.11778823
0.16677338
0.00748562
0.00065111
0.00000069
0.06501675
0.08670431
0.05651067
0.02582665
0.11005627
0.02154177
0.16117680
0.00640551
0.03599030
0.05443475
0.17085821
0.05795962
0.03860944
0.19548825
0.00082653
0.15060790
0.06087558
0.13889198
0.02992054
0.12113284
0.00924257
0.07117767
0.00028990
0.13909821
0.01585855
0.02150002
0.00003453
0.00184199
0.18360267
0.01641726
0.08286281
0.05245588
0.15186175
0.08736767
0.04762940
0.20028131
0.07619977
0.15761367
0.07320068
0.13188596
0.04518333
0.12884622
0.01107578
0.10787593
0.09071437
0.08447701
0.13753158
0.03700986
0.00054912
0.04835278
0.00362281
0.12723938
0.01852466
0.09217524
0.10321021
0.00956280
0.01964112
0.04510864
0.00000190
0.00454902
0.12565690
0.07105093
0.18180605
0.03336434
0.03864326
0.02560802
0.10524913
0.03394294
0.16520699
0.09812415
0.14628905
0.15910624
0.19216508
0.11222933
0.12718812
0.07460311
0.15561526
0.09790166
0.11180899
0.00239087
0.03706384
0.02068518
0.09211761
0.05231907
0.17395131
0.00790575
0.03197595
0.01710568
0.13222223
0.01195953
0.20090333
0.12232577
0.14120315
0.00888145
0.02765344
0.20393417
0.03231039
0.04010753
0.07023922
0.18488261
0.07173269
0.12676051
0.19231448
0.01708542
0.15798041
0.04487031
0.05079773
0.05788999
0.01985172
0.11615372
0.07509398
0.00291055
0.12360632
0.09395839
0.08632382
0.06644448
0.11102699
0.03105727
0.06736738
0.13289455
0.04133507
0.08319759
0.15701158
0.00022862
0.12801529
0.08051062
0.12452228
0.15297995
0.02345307
0.00168337
0.02835239
0.03747316
0.06328127
0.08196410
0.14062751
0.19339081
0.18690493
0.01337643
0.09464054
0.19480646
0.11704371
0.07526273
0.01862406
0.02676989
0.14953141
0.03103600
0.00018210
0.14027499
0.13549057
0.04051168
0.10189206
0.03866814
0.00199800
0.14736157
0.11584378
0.03905503
0.14241319
0.11119781
0.00184919
0.09162486
0.11551358
0.16567530
0.09563459
0.04142103
0.04352265
0.14140990
0.03300319
0.03796721
0.09578076
0.08186873
0.00470246
0.06713792
0.13300025
0.01742383
0.00335856
0.04550935
0.00131427
0.11868048
0.00040557
0.17959142
0.06219136
0.00759263
0.09908844
0.15537808
0.15815972
0.06385327
0.12602580
0.10098498
0.06190059
0.11720881
0.13521131
0.00239975
0.03856036
0.19708837
0.06510672
0.00029828
0.16775756
0.08197706
0.00399823
0.01050612
0.15305504
0.08237985
0.06024664
0.14353261
0.05429889
0.16023557
0.05964216
0.10081795
0.08274965
0.08131929
0.15407558
0.13695818
0.00534208
0.02542574
0.13395764
0.11735913
0.00767675
0.09148862
0.06003259
0.07907793
0.02527693
0.14914154
0.03391257
0.01908742
0.00904828
0.00087490
0.18289078
0.10918246
0.06047072
0.18052558
0.15900910
0.08828934
0.03529180
0.07907876
0.01892805
0.00612094
0.12197551
0.09673284
0.02112129
0.07013330
0.11359434
0.11929140
0.02847895
0.09742346
0.00844927
0.12327696
0.12786689
0.14466033
0.18260793
0.04529042
0.10074091
0.05266951
0.06471017
0.11821338
0.03824780
0.01281627
0.15114380
0.00001577
0.18602932
0.02047276
0.02842808
0.19596634
0.03066215
0.09457353
0.13279200
0.05324340
0.00068191
0.00108136
0.04340095
0.12654012
0.08414119
0.12441989
0.10037796
0.18304881
0.03438864
0.00522583
0.00036654
0.06008695
0.16172029
0.15521508
0.05997866
0.10374896
0.02308301
0.09957079
0.05341751
0.08601955
0.02889437
0.03175118
0.06146828
0.08764798
0.07553919
0.11702479
0.00075842
0.16433584
0.00105221
0.05626669
0.03805492
0.02849961
0.09362243
0.07036361
0.05104569
0.13915836
0.11034743
0.00985187
0.09067165
0.16598916
0.09691479
0.12188474
0.15307558
0.20530286
0.10069132
0.01529738
0.09831744
0.00872091
0.10045291
0.04718359
0.06653035
0.12571735
0.16690182
0.11447061
0.14340407
0.04214544
0.04266663
0.03072889
0.04040222
0.04524535
0.00000613
0.05612343
0.05482472
0.12514120
0.10591858
0.07893768
0.00447202
0.09194375
0.15115157
0.07680830
0.10800138
0.04230065
0.06755486
0.12818631
0.06329366
0.13286990
0.19390489
0.12700766
0.03173563
0.17991118
0.05510100
0.01241132
0.14848741
0.17056033
0.04280630
0.11281612
0.15680712
0.17650554
0.01754180
0.09421639
0.05703871
0.02638036
0.02066694
0.03671634
0.16402229
0.01083061
0.05779603
0.14557913
0.12362793
0.15095059
0.13773649
0.02307744
0.07218233
0.05897191
0.01012851
0.00119337
0.05348067
0.06693841
0.16455262
0.09378582
0.19151432
0.13970228
0.06214746
0.07457650
0.07716415
0.04021341
0.02964601
0.11279872
0.08098800
0.06686881
0.10842003
0.06974152
0.19152163
0.03747427
0.19695994
0.05482596
0.09574543
0.00078047
0.00017926
0.20033294
0.11931411
0.00059600
0.16865538
0.00912191
0.00525588
0.01087138
0.08335611
0.19359998
0.11487019
0.05327397
0.11824543
0.09970359
0.01355400
0.16305759
0.12065757
0.15321834
0.08278947
0.11476121
0.03831794
0.01977146
0.13620907
0.05726369
0.08111733
0.15122609
0.00139543
0.01735724
0.15642296
0.10699510
0.05943443
0.01772773
0.15926782
0.05319649
0.02387687
0.03267492
0.05090141
0.11921965
0.00940381
0.12463013
0.08029075
0.13514177
0.19810985
0.11028933
0.02746370
0.04283146
0.15478821
0.16794284
0.00001705
0.09271601
0.00550242
0.13452650
0.12096533
0.19442246
0.09346849
0.05582973
0.14137632
0.19809381
0.00225097
0.05447363
0.03693790
0.16367471
0.00058173
0.12784456
0.04495706
0.01676522
0.02214037
0.00422913
0.13868398
0.00918242
0.00055961
0.06482013
0.00471341
0.11257083
0.03207536
0.14565649
0.09133612
0.17614343
0.01255225
0.14384413
0.00616383
0.13651112
0.11935928
0.14790773
0.16421780
0.14098868
0.02586816
0.04376835
0.06952776
0.09947133
0.00342174
0.10919388
0.13104988
0.04050991
0.10598410
0.01846111
0.09873911
0.07324041
0.03441757
0.11947977
0.13601551
0.03910254
0.12251805
0.11971228
0.00025906
0.06625548
0.07081318
0.00442740
0.11388493
0.07187287
0.07489097
0.00000876
0.16147363
0.13571710
0.01014755
0.01589732
0.11428218
0.15199603
0.16288342
0.10629969
0.06277438
0.09063455
0.03688362
0.03087020
0.04825105
0.16867848
0.05780738
0.19931678
0.06432053
0.13103944
0.06902250
0.05130273
0.00411016
0.15599744
0.16947664
0.11206008
0.05876411
0.04718756
0.04361289
0.01664202
0.03903366
0.07893897
0.18657149
0.13005446
0.07959286
0.02361656
0.11554715
0.05396349
0.03533807
0.01575768
0.10145604
0.18372972
0.02320587
0.00055644
0.00724722
0.04208449
0.14275426
0.03625144
0.01926933
0.02205296
0.08763575
0.08807766
0.04532915
0.17875868
0.16641653
0.07956281
0.00773810
0.05106304
0.10771836
0.12631308
0.12184705
0.02840140
0.13460053
0.09040170
0.00954496
0.00043414
0.08716676
