# NTRAJ	1000
0.01716046
0.03807219
0.08554268
0.01386311
0.01716046
0.07393473
0.01716046
0.01716046
0.01716046
0.00589883
0.01716046
0.00134918
0.01716046
0.01716046
0.01716046
0.01716046
0.01716046
0.01716046
0.01716046
0.04343005
0.01716046
0.06099289
0.00249638
0.01716046
0.00075730
0.01716046
0.02551460
0.01716046
0.01716046
0.09481069
0.08861072
0.09170044
0.05766273
0.01716046
0.05700289
0.01716046
0.00284387
0.01716046
0.01716046
0.01716046
0.08307575
0.08119981
0.09659676
0.01716046
0.07112967
0.01716046
0.01716046
0.01716046
0.01716046
0.05347692
0.00969459
0.01716046
0.01716046
0.01716046
0.01716046
0.01716046
0.02139364
0.01716046
0.01716046
0.02872472
0.01716046
0.04687438
0.01716046
0.06628570
0.01716046
0.09317902
0.01032220
0.02480909
0.01716046
0.01716046
0.01716046
0.04749788
0.07563004
0.01716046
0.01716046
0.09007938
0.01716046
0.01716046
0.01716046
0.01716046
0.01716046
0.01677195
0.03947861
0.01716046
0.01716046
0.02264001
0.04102082
0.01716046
0.01716046
0.01716046
0.01716046
0.01716046
0.01716046
0.01716046
0.01716046
0.07933334
0.01716046
0.01716046
0.00797712
0.08568827
0.00000144
0.01716046
0.01716046
0.01716046
0.06260912
0.01253249
0.08525166
0.01716046
0.05687117
0.01716046
0.01716046
0.01716046
0.06099289
0.01716046
0.01716046
0.01716046
0.01716046
0.02401178
0.04938322
0.01716046
0.01716046
0.01716046
0.01716046
0.01716046
0.01716046
0.09421673
0.03633799
0.01716046
0.01716046
0.04799847
0.00429421
0.01716046
0.01716046
0.01716046
0.08934444
0.01716046
0.01600276
0.01716046
0.01276328
0.02470890
0.01716046
0.01215173
0.01716046
0.00025104
0.01716046
0.01716046
0.01716046
0.01716046
0.01716046
0.01716046
0.01716046
0.01716046
0.01716046
0.01716046
0.01716046
0.01716046
0.01716046
0.01716046
0.01716046
0.09644769
0.01716046
0.01716046
0.06423643
0.01716046
0.01716046
0.01716046
0.01716046
0.01608752
0.01716046
0.01716046
0.01716046
0.01716046
0.01716046
0.03065053
0.01716046
0.01716046
0.01716046
0.01716046
0.01716046
0.01716046
0.01716046
0.09719349
0.01716046
0.04209956
0.00921809
0.01716046
0.01716046
0.01533123
0.01716046
0.01716046
0.01716046
0.01716046
0.01716046
0.01716046
0.01716046
0.01716046
0.01716046
0.04637738
0.04391708
0.01716046
0.01716046
0.01716046
0.00009110
0.01716046
0.07933334
0.01716046
0.01716046
0.01716046
0.01716046
0.01716046
0.01716046
0.01716046
0.01716046
0.07379387
0.01716046
0.01716046
0.01716046
0.01716046
0.05952136
0.01716046
0.01716046
0.01716046
0.01716046
0.01716046
0.01533123
0.04343005
0.01716046
0.02551460
0.01716046
0.01716046
0.07633906
0.01716046
0.01716046
0.01716046
0.07337165
0.04687438
0.01716046
0.01716046
0.08685482
0.01716046
0.07015412
0.01716046
0.01716046
0.09466213
0.03250929
0.01716046
0.01716046
0.01716046
0.01716046
0.01716046
0.01716046
0.01716046
0.01716046
0.01716046
0.01716046
0.01716046
0.01716046
0.02819771
0.03474396
0.08875736
0.01716046
0.01716046
0.01716046
0.04416123
0.01716046
0.01716046
0.08148781
0.01716046
0.01716046
0.02440923
0.01716046
0.04030666
0.01651396
0.01716046
0.06153038
0.02632977
0.01716046
0.01716046
0.01716046
0.02225367
0.01716046
0.01716046
0.01716046
0.02684398
0.01716046
0.01716046
0.05805965
0.01716046
0.01716046
0.01716046
0.00504213
0.01716046
0.01716046
0.05912173
0.04054426
0.01716046
0.01716046
0.01716046
0.01716046
0.00000016
0.01989689
0.01716046
0.05077963
0.01716046
0.01716046
0.08729312
0.01716046
0.06085872
0.01716046
0.01716046
0.01716046
0.01716046
0.00004065
0.08949133
0.02521135
0.01716046
0.01716046
0.08685482
0.01716046
0.01716046
0.01716046
0.01716046
0.05425494
0.01716046
0.01716046
0.01716046
0.01716046
0.01716046
0.01716046
0.07976321
0.01716046
0.02332212
0.02450897
0.01354507
0.06821305
0.01716046
0.01716046
0.01716046
0.01716046
0.01716046
0.00245907
0.01716046
0.01716046
0.05490573
0.01716046
0.01716046
0.01716046
0.01716046
0.01716046
0.01716046
0.01716046
0.01716046
0.01716046
0.01716046
0.01716046
0.07690737
0.01716046
0.00463650
0.01716046
0.01716046
0.01716046
0.00054098
0.01716046
0.01716046
0.01716046
0.02351840
0.01716046
0.00810409
0.01716046
0.06904328
0.01716046
0.00881787
0.01716046
0.01716046
0.01716046
0.01817452
0.01716046
0.01716046
0.01716046
0.03362027
0.01716046
0.01716046
0.01716046
0.01716046
0.01716046
0.01716046
0.04837496
0.01716046
0.01716046
0.01716046
0.08278654
0.02186985
0.01716046
0.01716046
0.01716046
0.01716046
0.01716046
0.02989635
0.01716046
0.01716046
0.01716046
0.01716046
0.01716046
0.08423475
0.09451362
0.00227646
0.09481069
0.01716046
0.01716046
0.01716046
0.01716046
0.01716046
0.01716046
0.01716046
0.01716046
0.04416123
0.01716046
0.05103476
0.06546400
0.00000782
0.01716046
0.01716046
0.05647654
0.07648104
0.02602298
0.00955740
0.01716046
0.01716046
0.01716046
0.01716046
0.01716046
0.04900439
0.01716046
0.01716046
0.01716046
0.01716046
0.02531228
0.01716046
0.01716046
0.01716046
0.01716046
0.01716046
0.08091204
0.00004587
0.00118603
0.01716046
0.01716046
0.01716046
0.01716046
0.02450897
0.01716046
0.01716046
0.01716046
0.01716046
0.01716046
0.07876099
0.02705068
0.03737530
0.01716046
0.00658031
0.01716046
0.01716046
0.01716046
0.02883055
0.02521135
0.07548842
0.01716046
0.01716046
0.01716046
0.01716046
0.01716046
0.03054238
0.01716046
0.05425494
0.01716046
0.09229132
0.00443945
0.01716046
0.01962092
0.01716046
0.01716046
0.08365482
0.00260987
0.01716046
0.01716046
0.01716046
0.01642831
0.01716046
0.08773187
0.01716046
0.01716046
0.02158365
0.09704425
0.01716046
0.01716046
0.01716046
0.08568827
0.01862188
0.01716046
0.01716046
0.01716046
0.07435771
0.01716046
0.01716046
0.01716046
0.01716046
0.01716046
0.01716046
0.01716046
0.08423475
0.01716046
0.01716046
0.01716046
0.01716046
0.01716046
0.01716046
0.01716046
0.01716046
0.01716046
0.01716046
0.07690737
0.01716046
0.01716046
0.01716046
0.01716046
0.07648104
0.01716046
0.05938807
0.01716046
0.00007663
0.09362348
0.01716046
0.00069483
0.01716046
0.07393473
0.01716046
0.02788318
0.01716046
0.04149916
0.02872472
0.01716046
0.01716046
0.01716046
0.01716046
0.01716046
0.01716046
0.07112967
0.01716046
0.01716046
0.01716046
0.06601151
0.01716046
0.01716046
0.01716046
0.01716046
0.01716046
0.01716046
0.02490943
0.01378332
0.01716046
0.01716046
0.01716046
0.01716046
0.01716046
0.01716046
0.01716046
0.01716046
0.01716046
0.08379972
0.01716046
0.02541337
0.00448835
0.01716046
0.01716046
0.01716046
0.01716046
0.01716046
0.01716046
0.00045432
0.08033717
0.01716046
0.01716046
0.01716046
0.01716046
0.03668268
0.05141815
0.01716046
0.01716046
0.01716046
0.01716046
0.01716046
0.01716046
0.01998921
0.01716046
0.01276328
0.01716046
0.00224072
0.01253249
0.01716046
0.01716046
0.00006339
0.01716046
0.01716046
0.01716046
0.01716046
0.01716046
0.01716046
0.01716046
0.01716046
0.05425494
0.04306589
0.01716046
0.01716046
0.05529726
0.04440581
0.01716046
0.01716046
0.01716046
0.06072462
0.05167421
0.01716046
0.01716046
0.01716046
0.01716046
0.01716046
0.01716046
0.01716046
0.01716046
0.02450897
0.01716046
0.03043437
0.01862188
0.02883055
0.01716046
0.01716046
0.01716046
0.04294472
0.01716046
0.01716046
0.01716046
0.01716046
0.05399525
0.01716046
0.01716046
0.01716046
0.00006339
0.01716046
0.01716046
0.01716046
0.01716046
0.09111030
0.01716046
0.01716046
0.01716046
0.01716046
0.03339705
0.05792726
0.01716046
0.01716046
0.07619713
0.01716046
0.01716046
0.02736180
0.01716046
0.01716046
0.01716046
0.08949133
0.01716046
0.01716046
0.01716046
0.00955740
0.01716046
0.01716046
0.00037502
0.01716046
0.01716046
0.01716046
0.01716046
0.07790423
0.01716046
0.01943777
0.01716046
0.00012375
0.01716046
0.03228864
0.00037502
0.03339705
0.01716046
0.01716046
0.01716046
0.01862188
0.01716046
0.01716046
0.08235314
0.03588010
0.01716046
0.01716046
0.01025164
0.02643232
0.01716046
0.00829617
0.01716046
0.04343005
0.01716046
0.01716046
0.03239890
0.01716046
0.00176844
0.01716046
0.01716046
0.01716046
0.01716046
0.00108284
0.01716046
0.00493929
0.07961986
0.01716046
0.01716046
0.01716046
0.00908384
0.01716046
0.01716046
0.01716046
0.09140528
0.01716046
0.01716046
0.01716046
0.03451821
0.01716046
0.01716046
0.01716046
0.01716046
0.01716046
0.01533123
0.01716046
0.04391708
0.00220526
0.01716046
0.01716046
0.05014347
0.02302886
0.00646444
0.06945934
0.01716046
0.01716046
0.05103476
0.01716046
0.01716046
0.01716046
0.01716046
0.01716046
0.01716046
0.01716046
0.01716046
0.01716046
0.08033717
0.03971463
0.01716046
0.06573761
0.01716046
0.01716046
0.00021512
0.08539715
0.01716046
0.01716046
0.01716046
0.04824937
0.01716046
0.05438492
0.01716046
0.05399525
0.01716046
0.01716046
0.00735538
0.03772321
0.05503616
0.01716046
0.01716046
0.08802462
0.01716046
0.01716046
0.00084462
0.01716046
0.01716046
0.07890399
0.01716046
0.01716046
0.01716046
0.00717316
0.01668578
0.01716046
0.01716046
0.01716046
0.01716046
0.01716046
0.05321830
0.01716046
0.01716046
0.01716046
0.01716046
0.01716046
0.01716046
0.04416123
0.01716046
0.01716046
0.08758557
0.01716046
0.01716046
0.08729312
0.01716046
0.07961986
0.01716046
0.01716046
0.01716046
0.03440553
0.01716046
0.01716046
0.01716046
0.03679782
0.08875736
0.01716046
0.01716046
0.01716046
0.01716046
0.01716046
0.06342140
0.01716046
0.00158219
0.01716046
0.08714697
0.01716046
0.01716046
0.01716046
0.01716046
0.09066819
0.00753959
0.01716046
0.01716046
0.01716046
0.01716046
0.01716046
0.01716046
0.02361677
0.03250929
0.01716046
0.01716046
0.01716046
0.01483521
0.01716046
0.03141128
0.01716046
0.01716046
0.01716046
0.00186522
0.00000144
0.01716046
0.01716046
0.01716046
0.01716046
0.02643232
0.01716046
0.00257178
0.01716046
0.00005724
0.01716046
0.01716046
0.01716046
0.01716046
0.05885571
0.01716046
0.07057181
0.01716046
0.01716046
0.01315179
0.09347528
0.08510623
0.01716046
0.01716046
0.02322421
0.01716046
0.01716046
0.01230345
0.01716046
0.00766350
0.08729312
0.05360637
0.02767420
0.03173930
0.01716046
0.01716046
0.05218744
0.01716046
0.01716046
0.01716046
0.01716046
0.01716046
0.01716046
0.01716046
0.01716046
0.01716046
0.01716046
0.01716046
0.09674588
0.01716046
0.01716046
0.03959656
0.01716046
0.01716046
0.01716046
0.01716046
0.01716046
0.01716046
0.00170527
0.01716046
0.01716046
0.01716046
0.01716046
0.01716046
0.01716046
0.01716046
0.08890406
0.01716046
0.01716046
0.01716046
0.02643232
0.01716046
0.05595155
0.01716046
0.07619713
0.03519693
0.01716046
0.01716046
0.01716046
0.01716046
0.00103293
0.01716046
0.05052489
0.01716046
0.06821305
0.01716046
0.00663858
0.01716046
0.01716046
0.01716046
0.07619713
0.01716046
0.01716046
0.08817107
0.01729270
0.01716046
0.01716046
0.09719349
0.01716046
0.01716046
0.01716046
0.01716046
0.04114024
0.01716046
0.01716046
0.01716046
0.00013269
0.01716046
0.01716046
0.05832467
0.01716046
0.01716046
0.01716046
0.01716046
0.01716046
0.01716046
0.01716046
0.01716046
0.05451499
0.01716046
0.01716046
0.06807492
0.01716046
0.01716046
0.01716046
0.01716046
0.01716046
0.01716046
0.01716046
0.01716046
0.01716046
0.01716046
0.01716046
0.07238872
0.00280423
0.01716046
0.01716046
0.01716046
0.01716046
0.01716046
0.01716046
0.01716046
0.02129888
0.01716046
0.01716046
0.01716046
