# NTRAJ	1000
0.40439989
0.44627993
0.46247667
0.80029940
0.16810044
0.10419454
0.43603464
0.20674582
0.68520068
0.63569977
0.12271448
0.10698630
0.20546184
0.34372385
0.55735408
0.17523112
0.22463525
0.75911520
0.29352352
0.34587720
0.20029988
0.47638472
0.33593562
0.33606042
0.34202096
0.81850924
0.22025027
0.14659643
0.47595337
0.49420789
0.14239782
0.37551349
0.13415314
0.23956437
0.77904805
0.12136339
0.19743496
0.14268460
0.16381814
0.24207945
0.70986645
0.17182897
0.77882621
0.30603160
0.30501049
0.17985838
0.31260769
0.16500950
0.18264850
0.33037134
0.32505946
0.32095225
0.18762424
0.25423395
0.32615639
0.51545597
0.39376271
0.25119476
0.53877521
0.39907027
0.50975475
0.25462943
0.11693868
0.58999377
0.36048467
0.17394444
0.41361855
0.43037869
0.45392650
0.20059428
0.36769139
0.76659499
0.31950205
0.13133852
0.32877101
0.35923874
0.14917673
0.12570228
0.74221804
0.21071183
0.62343273
0.45817965
0.28169976
0.26037090
0.43771328
0.19714381
0.62621754
0.22215189
0.50175354
0.48647193
0.65337158
0.27884057
0.69193081
0.11056760
0.15116262
0.34592046
0.39584904
0.39747961
0.42636033
0.10890608
0.37597201
0.24577902
0.35399796
0.48719860
0.18323364
0.15107432
0.21330798
0.80145210
0.40065538
0.25695429
0.46889149
0.45874282
0.30907358
0.17926269
0.12909531
0.07930718
0.16400467
0.34493419
0.21341814
0.80217974
0.60031254
0.13909825
0.11516503
0.12831617
0.44355806
0.61214865
0.18101534
0.13564365
0.28277519
0.20884270
0.29622747
0.49559749
0.11973038
0.71581434
0.67731856
0.15051435
0.39073100
0.15285798
0.26372968
0.58179717
0.37844952
0.12836460
0.57167447
0.20377944
0.23511950
0.10393352
0.15297063
0.37492479
0.78849009
0.75864121
0.10391603
0.12637562
0.12454126
0.09417551
0.43874686
0.64512542
0.22699070
0.22068502
0.47282041
0.15285347
0.54868757
0.79240388
0.61224670
0.50219435
0.53884123
0.68037399
0.15188525
0.22737494
0.20862095
0.38571585
0.12364404
0.38476283
0.28969571
0.09776760
0.22771116
0.17349967
0.09295242
0.25176712
0.13566877
0.31985003
0.36137473
0.18102350
0.31370364
0.69230348
0.23536777
0.24418977
0.13060520
0.22530970
0.31865500
0.18244817
0.19782383
0.14368264
0.39213373
0.62871308
0.10142640
0.32177336
0.10271903
0.25920966
0.32321359
0.44295883
0.26923831
0.10968122
0.10333298
0.35801822
0.15555889
0.28956888
0.24182723
0.45024431
0.51849124
0.21782272
0.80534603
0.31342742
0.17159832
0.18668109
0.27699542
0.20562734
0.39180958
0.41296713
0.13665312
0.12202434
0.21445601
0.61022948
0.11200027
0.33953862
0.45967825
0.18718329
0.16860543
0.39404244
0.14781638
0.35606711
0.28646601
0.48004338
0.12717570
0.13012215
0.57536781
0.15926465
0.61495895
0.08682965
0.22690776
0.34552193
0.37488907
0.58932685
0.60655055
0.18153498
0.13739702
0.49626124
0.23161445
0.38079877
0.32952212
0.44386751
0.23794827
0.35262879
0.35209834
0.06710305
0.30260566
0.07977474
0.46109578
0.48003797
0.32362293
0.33246225
0.11481942
0.64027343
0.21484867
0.25556255
0.29405438
0.13199280
0.16694034
0.65637777
0.40318427
0.61344307
0.14028200
0.56329372
0.14164781
0.10764035
0.09276533
0.75028463
0.11721312
0.24803363
0.39050953
0.48035178
0.54669161
0.68965249
0.44282063
0.79854424
0.21159930
0.10325107
0.35943545
0.65911296
0.20428045
0.47590710
0.11791602
0.07945930
0.12211147
0.41256326
0.08702701
0.48062137
0.57956017
0.31655726
0.28016819
0.52492224
0.34714853
0.23772598
0.30964090
0.51358107
0.11433604
0.46810787
0.20046713
0.62794574
0.60001331
0.14247702
0.45678023
0.16379247
0.80204652
0.33766640
0.09671773
0.50557416
0.21349937
0.14912221
0.35910412
0.22178512
0.78402893
0.43142174
0.17216809
0.14242338
0.14905295
0.33127498
0.76039829
0.27576879
0.30969637
0.09274957
0.21840082
0.32830219
0.47510411
0.23577512
0.39835918
0.32026073
0.19869085
0.22789754
0.55531095
0.32216749
0.14388252
0.10217813
0.12476915
0.44855842
0.08436238
0.41368125
0.31758395
0.15090286
0.24899188
0.39549865
0.22167809
0.24802950
0.42072461
0.86213389
0.12571629
0.12678344
0.51779416
0.13611851
0.63146977
0.46772999
0.10574798
0.35848339
0.13950455
0.38027478
0.27890402
0.16498614
0.15772183
0.46718976
0.52692909
0.11569655
0.41929144
0.68332927
0.24329741
0.35672344
0.25761788
0.50063758
0.20839861
0.52514607
0.19527292
0.49514249
0.58030451
0.66135170
0.20831505
0.50801715
0.21884486
0.68726477
0.43856276
0.49447828
0.42232511
0.23821467
0.10596231
0.37085401
0.22649403
0.35287210
0.72626105
0.14274354
0.14346069
0.65815209
0.31669301
0.77339848
0.28859653
0.22734230
0.63417375
0.32601295
0.11458273
0.44692209
0.38488255
0.42345154
0.10553022
0.13276640
0.63641687
0.32516075
0.09242870
0.37856075
0.29666790
0.16599543
0.88545384
0.52059214
0.57152303
0.06681764
0.49786402
0.37327890
0.43930971
0.57824988
0.54451524
0.42059622
0.16203671
0.45789295
0.11347523
0.19240488
0.15123019
0.35201307
0.08743751
0.43139341
0.30285185
0.59761379
0.18834005
0.09370045
0.46195484
0.69651301
0.22257661
0.16708413
0.68724403
0.44690882
0.58293097
0.27757473
0.52258148
0.43675110
0.50690213
0.23365877
0.16267081
0.22358218
0.69577746
0.13786340
0.23296373
0.30923246
0.22605230
0.61458957
0.08578717
0.59881905
0.18266386
0.55556427
0.25607077
0.27050763
0.78661410
0.60822132
0.71825288
0.30693955
0.29142644
0.14548273
0.38028369
0.42358118
0.13660204
0.49979975
0.41500476
0.52417548
0.07934293
0.12206313
0.33063690
0.10611433
0.25687430
0.24257040
0.40186071
0.21709906
0.09851420
0.14536112
0.50321605
0.20729830
0.17151048
0.42499406
0.21628836
0.69006295
0.12744276
0.25519263
0.22415262
0.22778532
0.13039106
0.64937487
0.12275196
0.51328544
0.68522443
0.54103350
0.28156411
0.14057902
0.22277772
0.74556165
0.48054856
0.39770083
0.28276552
0.44632742
0.14428678
0.45671584
0.14249698
0.60136377
0.23039974
0.32433647
0.09265296
0.51744090
0.41533421
0.92759858
0.24962487
0.45073710
0.31512143
0.31675937
0.80247633
0.17024167
0.35373954
0.35113803
0.70475972
0.27071402
0.69632441
0.58431942
0.24779782
0.58364031
0.34389453
0.45452169
0.47334424
0.21868218
0.23812510
0.19961107
0.46094705
0.44170102
0.56900365
0.23049076
0.14028809
0.46104289
0.17384798
0.18174126
0.20388305
0.12295219
0.40978324
0.83214635
0.31709025
0.73070156
0.12415290
0.40755744
0.85861294
0.40248321
0.31328234
0.33347662
0.33996829
0.32672009
0.19340845
0.51150692
0.79578548
0.49726673
0.10249873
0.31500092
0.86487864
0.35149281
0.41031823
0.26437092
0.43870066
0.52212138
0.24178517
0.10224927
0.11235822
0.63519621
0.47348956
0.36978783
0.42883236
0.10759977
0.57326239
0.33376760
0.14419725
0.35584439
0.50057257
0.44221857
0.15794439
0.66722018
0.70982056
0.22663266
0.15111896
0.15864090
0.68736595
0.26487425
0.45000131
0.30234511
0.32758987
0.14092665
0.27498266
0.42507221
0.45940537
0.41239852
0.57578440
0.17438518
0.48968300
0.28279498
0.63111123
0.30287659
0.17485956
0.45669035
0.30484825
0.60768791
0.13377252
0.07659783
0.34191646
0.35803291
0.37240377
0.24310578
0.09911861
0.11295789
0.91993158
0.32450139
0.14444736
0.38115535
0.37853245
0.19745453
0.37129586
0.68879936
0.10775694
0.38931981
0.73925767
0.16114970
0.43463923
0.32950195
0.24572192
0.53319503
0.40515700
0.66129684
0.61872843
0.16791514
0.24734243
0.47895452
0.51774230
0.15237884
0.35515183
0.19292531
0.49429276
0.34718999
0.52684546
0.11785913
0.28451752
0.12799248
0.40711839
0.53684480
0.11067868
0.12444041
0.55078085
0.55156709
0.21774578
0.13230052
0.17106094
0.13460577
0.14326591
0.67680041
0.27805834
0.17152901
0.28966279
0.24009701
0.21672952
0.35334174
0.60128849
0.20106041
0.37216242
0.41178067
0.48940486
0.65214248
0.63342628
0.47743169
0.12388891
0.12528074
0.38108963
0.28196662
0.13142430
0.57059529
0.18983772
0.86369558
0.11614181
0.12972809
0.73733839
0.11278959
0.39692607
0.47106703
0.20152062
0.26457838
0.34686671
0.18143973
0.48303037
0.18907856
0.30649634
0.26604772
0.55409736
0.11716784
0.25795246
0.32652635
0.34721109
0.60569900
0.45822579
0.19217617
0.11718141
0.07358213
0.33918870
0.30470912
0.41081320
0.41207066
0.16199296
0.52467709
0.34934360
0.33521295
0.38335124
0.14723125
0.53804253
0.09118468
0.23522983
0.13241784
0.36397593
0.47162332
0.25360749
0.12324824
0.24611511
0.56244557
0.24069946
0.09383728
0.76505693
0.27578990
0.63746033
0.84159483
0.69636455
0.35862312
0.20837773
0.34163788
0.19576752
0.40575909
0.35620327
0.54173916
0.36063648
0.63976283
0.22174970
0.55349205
0.15913871
0.22053115
0.20333258
0.48242542
0.14010681
0.14773089
0.21486303
0.30738451
0.41477062
0.20849285
0.36402671
0.20192150
0.20180060
0.39660371
0.18085050
0.49188872
0.32259144
0.16833592
0.39852555
0.30704119
0.52547136
0.83671622
0.33130316
0.13937943
0.53173550
0.60000861
0.10851181
0.45733277
0.62089362
0.12307978
0.24703149
0.56307728
0.74505013
0.11057776
0.13553154
0.24402222
0.14988657
0.09949394
0.18140179
0.27421763
0.32977924
0.39956487
0.79755380
0.34398584
0.47595385
0.56561203
0.27847705
0.39265075
0.11821475
0.24420600
0.30707812
0.42291061
0.34765568
0.59250579
0.22854493
0.69706440
0.59757203
0.09806328
0.13262086
0.18951879
0.25139757
0.15098434
0.29464951
0.37376027
0.37794459
0.50064160
0.13222879
0.75728271
0.19379096
0.62440761
0.17733642
0.13245206
0.09775700
0.20851387
0.64833238
0.39682320
0.17225026
0.74366310
0.28346915
0.12466367
0.09528818
0.25187811
0.55410896
0.32570872
0.32951147
0.31745016
0.48583517
0.14677814
0.53800954
0.69549481
0.23854025
0.40966026
0.44039758
0.18254227
0.18453046
0.54968082
0.09700573
0.15072580
0.17026814
0.17734200
0.17460614
0.73744657
0.31118628
0.35095668
0.30969168
0.48534527
0.34071384
0.19580403
0.10524633
0.36853879
0.74064010
0.58149762
0.48614280
0.07334971
0.65686215
0.75855188
0.39046116
0.14063200
0.17735904
0.62644779
0.47840998
0.37871889
0.36492347
0.29157823
0.64680912
0.67189225
0.69117272
0.12296428
0.10480810
0.46393302
0.45663362
0.38282174
0.16559005
0.11348058
0.71259144
0.12148880
0.38669222
0.10786124
0.32653545
0.27035956
0.12256655
0.32090869
0.12413155
0.13195154
0.31024011
0.22305928
0.56951521
0.27562770
0.61351876
0.43468891
0.54110369
0.11857094
0.41404373
0.17421934
0.18930664
0.51866146
0.64082546
0.88218720
0.45493746
0.13123493
0.47712206
0.13182794
0.39676632
0.09042623
0.31177864
0.51153653
0.28023709
0.48056852
0.52055840
0.42626538
0.65624375
0.20764585
0.38496377
0.27351751
0.15796804
0.63259620
0.56978848
0.27110512
0.21538121
0.55907732
0.21275599
0.43436067
0.13782222
0.46245637
0.37667801
0.63827547
0.74703377
0.21032784
0.15235674
0.12256695
0.54759520
0.68370557
0.31632181
0.38483903
0.30659541
0.23020710
0.11053789
0.43686482
0.54706336
0.26985152
0.56669043
0.22433172
0.35997638
0.38928100
0.12533001
0.31866807
0.75498218
0.42964800
0.41468034
0.27853300
0.09828765
0.16830636
0.49555851
0.27136592
0.12875162
0.48761072
0.63691841
0.27378539
0.30714629
0.53134072
0.17825473
0.10913745
0.20620515
0.41956328
0.53763398
0.15081291
0.23891659
0.36000924
0.12509637
0.58320667
0.10076134
0.26630888
0.20289198
0.26351372
0.36845723
0.39149183
0.59999632
0.10638835
0.31835830
0.12402758
0.13590099
0.50385427
0.41771966
0.56671372
0.36889224
0.52362521
0.49583825
0.28813887
0.21843434
0.17833499
