# NTRAJ	1000
0.04903601
0.10682802
0.00006339
0.07126930
0.00519817
0.14973359
0.04903601
0.00478681
0.04903601
0.05542795
0.04903601
0.04185907
0.00816790
0.04903601
0.04903601
0.04903601
0.00002688
0.04903601
0.04903601
0.11369034
0.04903601
0.13493307
0.04612950
0.00429421
0.03900795
0.04903601
0.08963827
0.04903601
0.04903601
0.17262252
0.16592725
0.16927334
0.13102350
0.04903601
0.13024315
0.04903601
0.04724818
0.04903601
0.02082749
0.04903601
0.15988172
0.00463650
0.17453758
0.04903601
0.14657287
0.04903601
0.04903601
0.04903601
0.04903601
0.12603891
0.06355705
0.04903601
0.00387171
0.04903601
0.01508239
0.04903601
0.08350997
0.04903601
0.04903601
0.09421673
0.04903601
0.11799227
0.04903601
0.14105599
0.04903601
0.17086782
0.06478127
0.08861072
0.04903601
0.04903601
0.04903601
0.11876286
0.15163263
0.04903601
0.04903601
0.16752021
0.01738010
0.04903601
0.04903601
0.04903601
0.04903601
0.07619713
0.10865138
0.04903601
0.04903601
0.08539715
0.11063220
0.04903601
0.04903601
0.04903601
0.04903601
0.04903601
0.04903601
0.02925522
0.04903601
0.15575337
0.04903601
0.04903601
0.06005534
0.16274378
0.03141128
0.04903601
0.04903601
0.04903601
0.13681407
0.06890474
0.16226656
0.04903601
0.13008715
0.04903601
0.02904261
0.02450897
0.13493307
0.04903601
0.04903601
0.04903601
0.04903601
0.08743932
0.12107876
0.04903601
0.04903601
0.04903601
0.04903601
0.04903601
0.04903601
0.17198436
0.10455597
0.04903601
0.04903601
0.11937983
0.05141815
0.01323007
0.04903601
0.04903601
0.16672363
0.04903601
0.07492257
0.04903601
0.06932058
0.08846412
0.04903601
0.06821305
0.02851350
0.03553797
0.04903601
0.04903601
0.04903601
0.04903601
0.04903601
0.04903601
0.00042171
0.01346604
0.04903601
0.04903601
0.04903601
0.04903601
0.04903601
0.04903601
0.04903601
0.17437796
0.04903601
0.02302886
0.13869777
0.04903601
0.04903601
0.00100840
0.04903601
0.07506394
0.04903601
0.04903601
0.04903601
0.04903601
0.04903601
0.09689504
0.00161255
0.04903601
0.04903601
0.04903601
0.04903601
0.04903601
0.01980473
0.17517611
0.04903601
0.11200679
0.06260912
0.04903601
0.04903601
0.07379387
0.04903601
0.04903601
0.04903601
0.04903601
0.04903601
0.04903601
0.04903601
0.04903601
0.04903601
0.11737631
0.11430347
0.04903601
0.04903601
0.04903601
0.03373207
0.04903601
0.15575337
0.04903601
0.04903601
0.04903601
0.04903601
0.00473647
0.04903601
0.04903601
0.04903601
0.14957543
0.04903601
0.00199803
0.04903601
0.04903601
0.13321129
0.04903601
0.04903601
0.01668578
0.01790816
0.04903601
0.07379387
0.11369034
0.04903601
0.08963827
0.04903601
0.04903601
0.15242444
0.04903601
0.04903601
0.04903601
0.14910100
0.11799227
0.04903601
0.04903601
0.16401676
0.04903601
0.14546798
0.00161255
0.04903601
0.17246297
0.09943718
0.04903601
0.04903601
0.04903601
0.04903601
0.04903601
0.04903601
0.04903601
0.04903601
0.04903601
0.04903601
0.04903601
0.04903601
0.09347528
0.10244285
0.16608651
0.04903601
0.04903601
0.04903601
0.11461022
0.04903601
0.04903601
0.15813424
0.04903601
0.04903601
0.02186985
0.04903601
0.10971728
0.00478681
0.04903601
0.13555977
0.09081552
0.00140578
0.04903601
0.01426490
0.00000575
0.04903601
0.04903601
0.04903601
0.09155283
0.04903601
0.04903601
0.13149197
0.04903601
0.04903601
0.04903601
0.05334757
0.04903601
0.04903601
0.13274213
0.11002212
0.00747797
0.04903601
0.00004587
0.04903601
0.03119325
0.08119981
0.04903601
0.12278089
0.04903601
0.01998921
0.16449427
0.04903601
0.13477645
0.02989635
0.02361677
0.04903601
0.04903601
0.03284123
0.16688293
0.08919760
0.04903601
0.04903601
0.16401676
0.04903601
0.04903601
0.00007663
0.04903601
0.12697173
0.04903601
0.04903601
0.04903601
0.04903601
0.04903601
0.04903601
0.15622935
0.04903601
0.08641698
0.08817107
0.07071117
0.01147871
0.04903601
0.04903601
0.04903601
0.04903601
0.04903601
0.04600571
0.04903601
0.04903601
0.12774974
0.04903601
0.04903601
0.04903601
0.04903601
0.04903601
0.04903601
0.04903601
0.04903601
0.04903601
0.04903601
0.04903601
0.15305812
0.04903601
0.05231598
0.04903601
0.04903601
0.04903601
0.03772321
0.04903601
0.04903601
0.04903601
0.08670882
0.04903601
0.06032281
0.04903601
0.14420614
0.04903601
0.06179960
0.04903601
0.04903601
0.02861904
0.07847517
0.04903601
0.04903601
0.04903601
0.10093805
0.04903601
0.04903601
0.04903601
0.04903601
0.04903601
0.04903601
0.11984285
0.04903601
0.04903601
0.04903601
0.15956391
0.08423475
0.04903601
0.01617245
0.04903601
0.04903601
0.04903601
0.09585181
0.04903601
0.04903601
0.02206144
0.04903601
0.01133133
0.16115337
0.17230343
0.04538829
0.17262252
0.04903601
0.04903601
0.04903601
0.04903601
0.00231245
0.04903601
0.04903601
0.04903601
0.11461022
0.04903601
0.12309070
0.14011223
0.03184891
0.04903601
0.00146349
0.12961926
0.02746579
0.09037369
0.06328583
0.04903601
0.04903601
0.04903601
0.02925522
0.04903601
0.12061509
0.01916429
0.04903601
0.04903601
0.04903601
0.08934444
0.04903601
0.04903601
0.01659978
0.04903601
0.04903601
0.15749911
0.03295214
0.04114024
0.04903601
0.04903601
0.04903601
0.04903601
0.08817107
0.01338719
0.04903601
0.00213512
0.04903601
0.00061558
0.15511889
0.09184809
0.10591823
0.04903601
0.05700289
0.04903601
0.00019269
0.04903601
0.09436516
0.08919760
0.15147431
0.04903601
0.04903601
0.04903601
0.04903601
0.04903601
0.09674588
0.00005140
0.12697173
0.02215748
0.16991105
0.05180238
0.04903601
0.08076824
0.04903601
0.04903601
0.16051747
0.04650148
0.04903601
0.01651396
0.04903601
0.07563004
0.04903601
0.16497186
0.04903601
0.04903601
0.08379972
0.17501647
0.04903601
0.04903601
0.04903601
0.16274378
0.07919016
0.04903601
0.04903601
0.04903601
0.15020818
0.04903601
0.04903601
0.04903601
0.04903601
0.04903601
0.04903601
0.04903601
0.16115337
0.04903601
0.04903601
0.04903601
0.04903601
0.04903601
0.04903601
0.04903601
0.04903601
0.04903601
0.04903601
0.15305812
0.04903601
0.04903601
0.04903601
0.04903601
0.15258284
0.04903601
0.13305488
0.04903601
0.03350859
0.17134630
0.04903601
0.03865617
0.04903601
0.14973359
0.04903601
0.09303096
0.04903601
0.11124281
0.09421673
0.04903601
0.04903601
0.04903601
0.04903601
0.03065053
0.04903601
0.14657287
0.04903601
0.04903601
0.04903601
0.14074134
0.04903601
0.04903601
0.00329690
0.04903601
0.04903601
0.04903601
0.08875736
0.07112967
0.04903601
0.04903601
0.04903601
0.04903601
0.04903601
0.04903601
0.01651396
0.02244653
0.04903601
0.16067643
0.04903601
0.08949133
0.05193064
0.04903601
0.04903601
0.04903601
0.00760144
0.01230345
0.04903601
0.03714395
0.00037502
0.04903601
0.04903601
0.04903601
0.04903601
0.10500973
0.12355561
0.04903601
0.04903601
0.02798788
0.04903601
0.04903601
0.04903601
0.08134378
0.04903601
0.06932058
0.04903601
0.04526512
0.06890474
0.04903601
0.04903601
0.03328563
0.04903601
0.04903601
0.04903601
0.04903601
0.04903601
0.04903601
0.04903601
0.01096638
0.12697173
0.11323082
0.04903601
0.04903601
0.12821681
0.11491709
0.01844242
0.00220526
0.04903601
0.13461984
0.12386568
0.04903601
0.04903601
0.04903601
0.02978915
0.02840809
0.04903601
0.04903601
0.04903601
0.00082236
0.04903601
0.09659676
0.07919016
0.09436516
0.04903601
0.04903601
0.04903601
0.11307770
0.04903601
0.04903601
0.00434238
0.04903601
0.12666070
0.04903601
0.04903601
0.00766350
0.03328563
0.02401178
0.04903601
0.04903601
0.00868616
0.16863573
0.04903601
0.04903601
0.04903601
0.04903601
0.10063756
0.13133579
0.04903601
0.04903601
0.15226606
0.04903601
0.04903601
0.09229132
0.04903601
0.04903601
0.04903601
0.16688293
0.04903601
0.04903601
0.04903601
0.06328583
0.04903601
0.04903601
0.03656766
0.04903601
0.04903601
0.04903601
0.04903601
0.15416752
0.04903601
0.08048080
0.02767420
0.03418054
0.04903601
0.09913749
0.03656766
0.10063756
0.04903601
0.04903601
0.04903601
0.07919016
0.02746579
0.04903601
0.15908726
0.10395148
0.04903601
0.04903601
0.06464495
0.09096289
0.04903601
0.06072462
0.00499059
0.11369034
0.04903601
0.04903601
0.09928731
0.04903601
0.04355164
0.04903601
0.01276328
0.04903601
0.04903601
0.04066323
0.04903601
0.05308913
0.15607068
0.00065462
0.04903601
0.04903601
0.06233897
0.04903601
0.04903601
0.04903601
0.16895452
0.04903601
0.04903601
0.04903601
0.10214158
0.04903601
0.04903601
0.04903601
0.04903601
0.04903601
0.07379387
0.01491742
0.11430347
0.04514204
0.04903601
0.04903601
0.12200680
0.00031693
0.05673954
0.14467922
0.04903601
0.00785101
0.12309070
0.04903601
0.04903601
0.04903601
0.04903601
0.04903601
0.04903601
0.04903601
0.01291811
0.04903601
0.15686414
0.10895575
0.02206144
0.14042675
0.04903601
0.04903601
0.03519693
0.16242563
0.04903601
0.04903601
0.04903601
0.11968848
0.02756992
0.12712729
0.04903601
0.12666070
0.04903601
0.04903601
0.05872283
0.10637297
0.12790540
0.04903601
0.04903601
0.16529029
0.04903601
0.04903601
0.03947861
0.04903601
0.04903601
0.15527749
0.04903601
0.04903601
0.04903601
0.05832467
0.07605527
0.04903601
0.04903601
0.04903601
0.04903601
0.04903601
0.12572815
0.04903601
0.04903601
0.04903601
0.04903601
0.04903601
0.04903601
0.11461022
0.00453749
0.04903601
0.00143450
0.04903601
0.04903601
0.16449427
0.04903601
0.15607068
0.04903601
0.02196557
0.04903601
0.10199100
0.01729270
0.04903601
0.04903601
0.10516106
0.16608651
0.04903601
0.04903601
0.04903601
0.04903601
0.04903601
0.13775559
0.04903601
0.04282366
0.04903601
0.16433509
0.01394310
0.04903601
0.04903601
0.04903601
0.16815761
0.05912173
0.04903601
0.02430964
0.04903601
0.04903601
0.04903601
0.04903601
0.08685482
0.09943718
0.04903601
0.04903601
0.04903601
0.07295001
0.04903601
0.09794035
0.04903601
0.04903601
0.04903601
0.04391708
0.03141128
0.04903601
0.00206604
0.04903601
0.00546298
0.09096289
0.04903601
0.04637738
0.04903601
0.03317434
0.04903601
0.04903601
0.04903601
0.04903601
0.13242947
0.04903601
0.14594141
0.04903601
0.04903601
0.07001503
0.17118680
0.16210751
0.04903601
0.01162689
0.08627114
0.04903601
0.04903601
0.06848952
0.04903601
0.05938807
0.16449427
0.12619432
0.09273496
0.09838897
0.04903601
0.04903601
0.12448611
0.04903601
0.04903601
0.04903601
0.04903601
0.04903601
0.04903601
0.04903601
0.04903601
0.04903601
0.04903601
0.00016131
0.17469720
0.04903601
0.00584353
0.10880355
0.04903601
0.04903601
0.04903601
0.01147871
0.00129368
0.04903601
0.04330855
0.04903601
0.04903601
0.04903601
0.04903601
0.04903601
0.04903601
0.04903601
0.16624578
0.04903601
0.04903601
0.04903601
0.09096289
0.04903601
0.12899573
0.04903601
0.15226606
0.10304585
0.04903601
0.04903601
0.04903601
0.04903601
0.04042540
0.02460886
0.12247117
0.04903601
0.14326042
0.04903601
0.05713469
0.04903601
0.04903601
0.04903601
0.15226606
0.02450897
0.02401178
0.16544952
0.07704960
0.04903601
0.04903601
0.17517611
0.04903601
0.04903601
0.04903601
0.04903601
0.11078480
0.04903601
0.02092144
0.04903601
0.03429297
0.04903601
0.04903601
0.13180438
0.04903601
0.04903601
0.04903601
0.04903601
0.04903601
0.04903601
0.01338719
0.04903601
0.12728287
0.01018128
0.04903601
0.00082236
0.02756992
0.04903601
0.04903601
0.04903601
0.04903601
0.04903601
0.04903601
0.04903601
0.04903601
0.04903601
0.04903601
0.14799450
0.04712348
0.02480909
0.04903601
0.04903601
0.04903601
0.04903601
0.04903601
0.04903601
0.08336518
0.04903601
0.02653502
0.04903601
