# NTRAJ	1000
0.00053249
0.00260987
0.00053249
0.00053249
0.00053249
0.00053249
0.00020375
0.00053249
0.00053249
0.00053249
0.00053249
0.00053249
0.00053249
0.00053249
0.00053249
0.00053249
0.00053249
0.00053249
0.01025164
0.00053249
0.00053249
0.00053249
0.00053249
0.00053249
0.00053249
0.00053249
0.00053249
0.00053249
0.00053249
0.00053249
0.00053249
0.00053249
0.00053249
0.00053249
0.00053249
0.00053249
0.00053249
0.00053249
0.00053249
0.00001593
0.00045432
0.00053249
0.00053249
0.00681475
0.00053249
0.00053249
0.00053249
0.00053249
0.00053249
0.00658031
0.00053249
0.00053249
0.00053249
0.00053249
0.00053249
0.00053249
0.00053249
0.00053249
0.00053249
0.00053249
0.00053249
0.00053249
0.00053249
0.00053249
0.00053249
0.00053249
0.00053249
0.00053249
0.00053249
0.00098415
0.00364563
0.00053249
0.00053249
0.00053249
0.00053249
0.00053249
0.00053249
0.00053249
0.00053249
0.00000016
0.00053249
0.00053249
0.00053249
0.00053249
0.01082181
0.00053249
0.00053249
0.00053249
0.00053249
0.00053249
0.00053249
0.00053249
0.00053249
0.00053249
0.00053249
0.00053249
0.00053249
0.00053249
0.00053249
0.00053249
0.00053249
0.00053249
0.00888404
0.00053249
0.00053249
0.00535635
0.00053249
0.00053249
0.00578847
0.00053249
0.00053249
0.00053249
0.00001291
0.00053249
0.01118475
0.00053249
0.00053249
0.00053249
0.00623545
0.00053249
0.00895043
0.00053249
0.00053249
0.00053249
0.00053249
0.00053249
0.00053249
0.00053249
0.01082181
0.00053249
0.00053249
0.00053249
0.00053249
0.00053249
0.00053249
0.00458687
0.00053249
0.00005724
0.00053249
0.00053249
0.00053249
0.00053249
0.00053249
0.00053249
0.00053249
0.00053249
0.00053249
0.00121252
0.00053249
0.00053249
0.00053249
0.01170127
0.00053249
0.00053249
0.00053249
0.00053249
0.00053249
0.00053249
0.00053249
0.00053249
0.00053249
0.00053249
0.00053249
0.00000256
0.00053249
0.00053249
0.00053249
0.00053249
0.00346925
0.00053249
0.00053249
0.00053249
0.00053249
0.00053249
0.00634949
0.00053249
0.00053249
0.00053249
0.00053249
0.00053249
0.00053249
0.00053249
0.00053249
0.00053249
0.00000064
0.00053249
0.00053249
0.00053249
0.00053249
0.00053249
0.00053249
0.00053249
0.00053249
0.00053249
0.00053249
0.00053249
0.00053249
0.00053249
0.00053249
0.00053249
0.00053249
0.00053249
0.00053249
0.00053249
0.00053249
0.00053249
0.00053249
0.00053249
0.00053249
0.00053249
0.00875191
0.00948912
0.00053249
0.00053249
0.00053249
0.00053249
0.00053249
0.00053249
0.00059649
0.00053249
0.00053249
0.00053249
0.00053249
0.00053249
0.00053249
0.00053249
0.00053249
0.00053249
0.00053249
0.00053249
0.00053249
0.00053249
0.00053249
0.00053249
0.00053249
0.00053249
0.00053249
0.00053249
0.00053249
0.00053249
0.00053249
0.00053249
0.00053249
0.00053249
0.00053249
0.00053249
0.00053249
0.00935318
0.00227646
0.00053249
0.00018193
0.00053249
0.01155270
0.00053249
0.00053249
0.00053249
0.00053249
0.00053249
0.00053249
0.00053249
0.00053249
0.00053249
0.00053249
0.00053249
0.00053249
0.00053249
0.00053249
0.00640685
0.00053249
0.00453749
0.00053249
0.00053249
0.00053249
0.00855531
0.00053249
0.00405703
0.00075730
0.00053249
0.00053249
0.00053249
0.00053249
0.00053249
0.00053249
0.00053249
0.00053249
0.00053249
0.00053249
0.00053249
0.00053249
0.00053249
0.00053249
0.00053249
0.00053249
0.00053249
0.00053249
0.00053249
0.00053249
0.00053249
0.00053249
0.00053249
0.00053249
0.00308715
0.00053249
0.00053249
0.00617877
0.00053249
0.00053249
0.00053249
0.00772579
0.00053249
0.00053249
0.00053249
0.00053249
0.00053249
0.00053249
0.00785101
0.00053249
0.00053249
0.00053249
0.00053249
0.00053249
0.00053249
0.00053249
0.00053249
0.00053249
0.00045432
0.00053249
0.00053249
0.00053249
0.00053249
0.00053249
0.00167409
0.00053249
0.00053249
0.00053249
0.00053249
0.00053249
0.00053249
0.00053249
0.00053249
0.00053249
0.00180043
0.00053249
0.00053249
0.00053249
0.00053249
0.00053249
0.00053249
0.01177586
0.00053249
0.00053249
0.00053249
0.00053249
0.00053249
0.00053249
0.00053249
0.00053249
0.00053249
0.00053249
0.00053249
0.00053249
0.00053249
0.00053249
0.00053249
0.00077870
0.00053249
0.00053249
0.00053249
0.00022679
0.00429421
0.00053249
0.00053249
0.00053249
0.00053249
0.00053249
0.00053249
0.00053249
0.00053249
0.00053249
0.00053249
0.00053249
0.00053249
0.00053249
0.00053249
0.00053249
0.00053249
0.00997146
0.00053249
0.01032220
0.00053249
0.00687393
0.00053249
0.00053249
0.00791396
0.00053249
0.00053249
0.00053249
0.00053249
0.00155211
0.00053249
0.00053249
0.00053249
0.00053249
0.00382599
0.00053249
0.00053249
0.00483740
0.00053249
0.00053249
0.00053249
0.00053249
0.00053249
0.00053249
0.00053249
0.01125794
0.00053249
0.00053249
0.00053249
0.00053249
0.00983261
0.00053249
0.00053249
0.00053249
0.00069483
0.00053249
0.00053249
0.00010681
0.00001926
0.00053249
0.00053249
0.00053249
0.00053249
0.00053249
0.00053249
0.00053249
0.00053249
0.00053249
0.00053249
0.00053249
0.00053249
0.00053249
0.00053249
0.00053249
0.00053249
0.00053249
0.00053249
0.00053249
0.00053249
0.00053249
0.00617877
0.00053249
0.00155211
0.00519817
0.00053249
0.00053249
0.00053249
0.00053249
0.00053249
0.00053249
0.00053249
0.00053249
0.00053249
0.00053249
0.00053249
0.00053249
0.00053249
0.00053249
0.00053249
0.00053249
0.01082181
0.00053249
0.00053249
0.00053249
0.00053249
0.00053249
0.00210044
0.00053249
0.00053249
0.00053249
0.00053249
0.00053249
0.00053249
0.00053249
0.00053249
0.00053249
0.00391767
0.00053249
0.00053249
0.00053249
0.00053249
0.00053249
0.01074983
0.00001291
0.00053249
0.00053249
0.00053249
0.00053249
0.00053249
0.00053249
0.00053249
0.00053249
0.00227646
0.00053249
0.00053249
0.00053249
0.00053249
0.00053249
0.00296436
0.00053249
0.00053249
0.00562467
0.00053249
0.00053249
0.00053249
0.00053249
0.00053249
0.00053249
0.00053249
0.00053249
0.00053249
0.00053249
0.00053249
0.00053249
0.00053249
0.00053249
0.00053249
0.00053249
0.00053249
0.00053249
0.00053249
0.00053249
0.00053249
0.00053249
0.00000256
0.00053249
0.00037502
0.00053249
0.00053249
0.00053249
0.00053249
0.00053249
0.00053249
0.00053249
0.00113387
0.00053249
0.00053249
0.00338257
0.00053249
0.00053249
0.00006339
0.00053249
0.00053249
0.00053249
0.00053249
0.00053249
0.00053249
0.00053249
0.00053249
0.00053249
0.00053249
0.00325444
0.00053249
0.00053249
0.00053249
0.00053249
0.00053249
0.00053249
0.00053249
0.00955740
0.00053249
0.00053249
0.00053249
0.00053249
0.00033100
0.00053249
0.00053249
0.00053249
0.00053249
0.00053249
0.00053249
0.00053249
0.00053249
0.00053249
0.00053249
0.00053249
0.00158219
0.00053249
0.00053249
0.00103293
0.00053249
0.00053249
0.00053249
0.00053249
0.00053249
0.00053249
0.00054098
0.00053249
0.00053249
0.00053249
0.00053249
0.00053249
0.00053249
0.00053249
0.00053249
0.00006339
0.00053249
0.00053249
0.00053249
0.00053249
0.00053249
0.00053249
0.00053249
0.00797712
0.00096019
0.00053249
0.00053249
0.00053249
0.00053249
0.00053249
0.00338257
0.00016131
0.00053249
0.00053249
0.00249638
0.00053249
0.00053249
0.00053249
0.00573364
0.00053249
0.00053249
0.00053249
0.00238523
0.00053249
0.00053249
0.00053249
0.00053249
0.00053249
0.00053249
0.00053249
0.00000000
0.00053249
0.00053249
0.00053249
0.00053249
0.00053249
0.00053249
0.00053249
0.00053249
0.00053249
0.00053249
0.00053249
0.00053249
0.00053249
0.00053249
0.00053249
0.00053249
0.00053249
0.00053249
0.00053249
0.00053249
0.00053249
0.00053249
0.00084462
0.00053249
0.00053249
0.00053249
0.00033100
0.00053249
0.00053249
0.00053249
0.00053249
0.01215173
0.00053249
0.01147871
0.00053249
0.00990193
0.00140578
0.00053249
0.00562467
0.00053249
0.00053249
0.00053249
0.00053249
0.00053249
0.00053249
0.00053249
0.00053249
0.00053249
0.00053249
0.00053249
0.00053249
0.00053249
0.00053249
0.00053249
0.00053249
0.00053249
0.00053249
0.00053249
0.00053249
0.00053249
0.00053249
0.00053249
0.00053249
0.00053249
0.00053249
0.00053249
0.00053249
0.00053249
0.00053249
0.00053249
0.00053249
0.00053249
0.00053249
0.00053249
0.00053249
0.00053249
0.00053249
0.00053249
0.00053249
0.00053249
0.00053249
0.00053249
0.00053249
0.00053249
0.00053249
0.00053249
0.00075730
0.00053249
0.00053249
0.00053249
0.00053249
0.00053249
0.00053249
0.00053249
0.00053249
0.00053249
0.00053249
0.00053249
0.00053249
0.00053249
0.00053249
0.00053249
0.00053249
0.00206604
0.00053249
0.00053249
0.00053249
0.00053249
0.00053249
0.00053249
0.00053249
0.00053249
0.00053249
0.00053249
0.00053249
0.00053249
0.01140492
0.00053249
0.00292394
0.00955740
0.00053249
0.00053249
0.00053249
0.00039029
0.00053249
0.00791396
0.00053249
0.00149275
0.00053249
0.00053249
0.00129368
0.00053249
0.00053249
0.00053249
0.00053249
0.00053249
0.00053249
0.00053249
0.00053249
0.00053249
0.00053249
0.00053249
0.00053249
0.00053249
0.00210044
0.00053249
0.00053249
0.00053249
0.00053249
0.00053249
0.00053249
0.00483740
0.00053249
0.00053249
0.00053249
0.00053249
0.00082236
0.00053249
0.00053249
0.00053249
0.00053249
0.00053249
0.00823193
0.00053249
0.00121252
0.00053249
0.00053249
0.00053249
0.00053249
0.00091310
0.00053249
0.00053249
0.00053249
0.00015147
0.00053249
0.00053249
0.00238523
0.00053249
0.00053249
0.00053249
0.00053249
0.00053249
0.01185064
0.00053249
0.00053249
0.00053249
0.00053249
0.00053249
0.00053249
0.00053249
0.00053249
0.00053249
0.00053249
0.00053249
0.00053249
0.00053249
0.00053249
0.00053249
0.00325444
0.00053249
0.00053249
0.00053249
0.00053249
0.00053249
0.00053249
0.00053249
0.00053249
0.00053249
0.00053249
0.00053249
0.00053249
0.00053249
0.00053249
0.00053249
0.00053249
0.00053249
0.00053249
0.00053249
0.00045432
0.00053249
0.00053249
0.00053249
0.00053249
0.00053249
0.00053249
0.00053249
0.00053249
0.00053249
0.00053249
0.00053249
0.00053249
0.00053249
0.00053249
0.00053249
0.00053249
0.00053249
0.00053249
0.00693333
0.00053249
0.00053249
0.00053249
0.00053249
0.00053249
0.00053249
0.00053249
0.00063496
0.00053249
0.00053249
0.00053249
0.00053249
0.00053249
0.00053249
0.00053249
0.00053249
0.00053249
0.00053249
0.00053249
0.00053249
0.00424629
0.00053249
0.00053249
0.00053249
0.00053249
0.00053249
0.00053249
0.00053249
0.00053249
0.00053249
0.00053249
0.00053249
0.00053249
0.00050543
0.00053249
0.00053249
0.00053249
0.00053249
0.00053249
0.00260987
0.00053249
0.00053249
0.00053249
0.00053249
0.00053249
0.00053249
0.00053249
0.00053249
0.00053249
0.00053249
0.00053249
0.00268684
0.00053249
0.00073619
0.00053249
0.00053249
0.00053249
0.00053249
0.00053249
0.00053249
0.00601012
0.00053249
0.00053249
0.00053249
0.00053249
0.00053249
0.00053249
0.00199803
0.00053249
0.00443945
0.00053249
0.00053249
0.00053249
0.00053249
0.00053249
0.00053249
0.00053249
0.00053249
0.00053249
0.00053249
0.00053249
0.00053249
0.00053249
0.00053249
0.00053249
0.00053249
0.00053249
0.00054098
0.00617877
0.00053249
0.00053249
0.00053249
0.00053249
0.00053249
0.00053249
0.00053249
0.00053249
0.00053249
0.00053249
0.00053249
0.00053249
0.00053249
0.00053249
0.00053249
0.00053249
0.00053249
0.00053249
0.00053249
0.00272571
0.00053249
0.00053249
0.00053249
0.00264822
0.00100840
0.00053249
0.00053249
0.00053249
0.00176844
0.00053249
0.00053249
0.00053249
0.00053249
