# NTRAJ	1000
0.26537674
0.33446905
0.16110995
0.54623425
0.15833626
0.63555126
0.31430851
0.66203444
0.55562968
0.44766554
0.67139283
0.42528048
0.20940670
0.69434848
0.84764397
0.39894885
0.45411958
0.43441782
0.43047601
0.37152127
0.54721217
0.29397406
0.60707282
0.29137019
0.53470432
0.42864496
0.18664567
0.54534809
0.48945780
0.48153033
0.38573755
0.13076129
0.47462370
0.45127172
0.43152255
0.25335773
0.47205938
0.62289377
0.51110537
0.34300946
0.51255850
0.57126128
0.59528822
0.63001060
0.63121086
0.20008377
0.71730346
0.25757910
0.29314899
0.59262148
0.42811082
0.27981775
0.36413113
0.57146511
0.49811529
0.42742183
0.36367910
0.38012143
0.50820950
0.69408096
0.37625161
0.23083401
0.39172015
0.67271791
0.42928574
0.57316549
0.31751903
0.39593853
0.28636508
0.21002118
0.51648373
0.67511093
0.53988566
0.34116110
0.45455033
0.35117630
0.35369629
0.38399786
0.65958377
0.32553005
0.61284748
0.32587835
0.34379835
0.30037284
0.27414387
0.60141348
0.26608015
0.23199708
0.61663259
0.48062813
0.52459442
0.41647871
0.32377728
0.33755588
0.24268524
0.75713840
0.40325890
0.65940642
0.36247531
0.41935156
0.49875039
0.41122260
0.26479169
0.32030921
0.24618228
0.36630322
0.31525102
0.40119059
0.46417514
0.60976280
0.65441942
0.56822855
0.78549455
0.14678987
0.53079288
0.19561057
0.46416749
0.21018606
0.76075374
0.66983214
0.31677454
0.58560095
0.47884381
0.20979363
0.24346266
0.43471187
0.21633681
0.34266339
0.73842211
0.49144202
0.42274863
0.44956960
0.56482730
0.16736609
0.47246288
0.33474259
0.61650437
0.22753675
0.55286683
0.45466856
0.47476144
0.49075580
0.23113033
0.37813237
0.19942883
0.17985258
0.36040009
0.35818379
0.59939474
0.64514041
0.41787874
0.20458337
0.36457978
0.21501592
0.51620941
0.40056951
0.52413056
0.59043442
0.65554533
0.75865931
0.62293798
0.40169839
0.47727732
0.35383089
0.17919123
0.35580646
0.33095628
0.43347893
0.48378351
0.34168884
0.63922994
0.59849626
0.34997743
0.32051673
0.47863770
0.29459473
0.73071745
0.66145732
0.41705362
0.62318840
0.33728112
0.14337594
0.41001546
0.51005344
0.23858231
0.46006366
0.53542967
0.75547649
0.31170691
0.36141763
0.59693166
0.28108595
0.55313586
0.14806393
0.33811261
0.56919723
0.46251639
0.40336638
0.39741746
0.51679929
0.23641014
0.70577526
0.22845348
0.28477632
0.37315267
0.25136189
0.26080823
0.45378061
0.38316247
0.47367250
0.40718383
0.53461663
0.54047476
0.36560460
0.45013706
0.39638496
0.49643121
0.39894306
0.18956451
0.53798431
0.71968236
0.34465849
0.56740362
0.27798334
0.52433331
0.12862868
0.40940330
0.19570116
0.29531516
0.23726503
0.19697357
0.12954912
0.69999482
0.55464815
0.42017450
0.60654483
0.42383850
0.54413535
0.58288893
0.33651453
0.44799575
0.13606093
0.70253927
0.33343908
0.38899034
0.39656525
0.47489024
0.20583707
0.37250403
0.53520350
0.55280948
0.41607360
0.51320196
0.30402646
0.47838852
0.75191175
0.52559233
0.18062949
0.64193270
0.45044538
0.56582072
0.40623821
0.19756039
0.37394821
0.67007122
0.25971091
0.12474646
0.46147592
0.55470533
0.18815056
0.77497276
0.71679609
0.35215697
0.42201180
0.63118677
0.13900843
0.34035113
0.45406035
0.58351704
0.39816268
0.40595154
0.32760359
0.54055944
0.26011914
0.31098223
0.33700533
0.25844026
0.41304083
0.71203214
0.65648186
0.47529110
0.41542168
0.59756813
0.51779711
0.63773977
0.14312173
0.26353121
0.52405607
0.33957967
0.57662539
0.59260339
0.49922573
0.58626154
0.53645766
0.45500975
0.37954133
0.51418350
0.61053885
0.28376029
0.28440240
0.61717941
0.65831604
0.71681897
0.26217958
0.54412066
0.30316668
0.50133826
0.31366596
0.64371565
0.56144947
0.66741444
0.71612558
0.27527903
0.35974890
0.61021268
0.33224746
0.33474976
0.49810695
0.54504609
0.40920401
0.24165329
0.37863245
0.29500836
0.37000830
0.36125596
0.52280183
0.39729041
0.71441385
0.42067073
0.24389914
0.51068912
0.42721671
0.31094451
0.81326364
0.20227044
0.29990713
0.56601836
0.34373374
0.24822079
0.50531115
0.41200344
0.34546082
0.50238885
0.53721723
0.44430396
0.69336095
0.37694554
0.46876704
0.17700015
0.50660515
0.44632360
0.31592032
0.32076406
0.29952336
0.31860209
0.42842642
0.72255013
0.48134367
0.16689485
0.23961906
0.63661937
0.70377563
0.52704756
0.37337350
0.47407697
0.65989770
0.30931669
0.70994690
0.25522945
0.47578467
0.18709699
0.86714642
0.20163920
0.60363013
0.46377838
0.24548938
0.47353477
0.26620183
0.27134050
0.52324358
0.61714106
0.64501500
0.37616086
0.15356049
0.40460829
0.57220864
0.26914467
0.42681394
0.31950308
0.48454741
0.15550323
0.33323781
0.16972064
0.29271524
0.47215939
0.53723139
0.31100385
0.29411929
0.51001049
0.42244710
0.48997041
0.47766970
0.25263654
0.47361527
0.79260353
0.26417294
0.72391680
0.54646874
0.40058621
0.21197724
0.41020143
0.55502819
0.56730052
0.58978081
0.36157773
0.44221464
0.62796730
0.19279328
0.43091189
0.17865176
0.35676276
0.40538093
0.61266303
0.51776940
0.16573873
0.73403603
0.41371803
0.67241524
0.59411370
0.28004503
0.47602038
0.38651968
0.61136110
0.63563831
0.27957706
0.64655674
0.44391371
0.65697317
0.37344514
0.59096300
0.23721211
0.39866858
0.56528903
0.27585492
0.72042747
0.17335043
0.22990435
0.20128806
0.33085280
0.37014358
0.53475352
0.54338155
0.20313667
0.67561074
0.31464823
0.12063726
0.52702482
0.78745284
0.57937828
0.26273615
0.69118782
0.68020750
0.37557688
0.71254608
0.24232569
0.57164815
0.27831022
0.24309344
0.24819306
0.48060788
0.38937281
0.29718496
0.33870464
0.37719440
0.25102468
0.46090626
0.47037303
0.26722332
0.59726816
0.33460517
0.42443478
0.66826093
0.43591897
0.20875666
0.34622416
0.77916626
0.43971847
0.52897154
0.38614085
0.61023599
0.33359647
0.22220850
0.60205700
0.24659720
0.25622280
0.66174347
0.32520353
0.67358862
0.35779162
0.15484305
0.36154839
0.51949466
0.75385731
0.73317622
0.26966937
0.65473717
0.28880387
0.33642579
0.69305361
0.44981533
0.29046948
0.22039432
0.51195189
0.29827716
0.50456467
0.28684100
0.30382609
0.46103199
0.26986716
0.67421350
0.42741485
0.24591985
0.53550774
0.18716677
0.38688678
0.24776257
0.29890140
0.29366661
0.50686817
0.55902966
0.36280238
0.69537807
0.49774321
0.45099042
0.18111094
0.66267258
0.37689445
0.59239940
0.14119522
0.45430012
0.14556524
0.29644414
0.66441644
0.37421927
0.59932709
0.35725024
0.33478403
0.19915588
0.38778188
0.23030801
0.65573630
0.21281190
0.66951381
0.38771464
0.29756858
0.36265743
0.62564382
0.47537246
0.36315125
0.30678129
0.42389101
0.42904752
0.65457796
0.19853923
0.73825785
0.75878571
0.54508887
0.64011962
0.41227897
0.56955002
0.37223658
0.49442949
0.67037512
0.36307723
0.36533295
0.20260800
0.32289975
0.19393141
0.59056989
0.25181961
0.55281753
0.59443233
0.50615132
0.34982032
0.32791016
0.56838535
0.29428777
0.48728024
0.37454896
0.66933480
0.39929815
0.56834854
0.47457403
0.44886146
0.61158015
0.42898249
0.22195991
0.45378528
0.29270296
0.19909297
0.60074645
0.48771483
0.13036849
0.38117341
0.46045692
0.13468325
0.71359425
0.63450519
0.35420839
0.64413248
0.42723042
0.63944147
0.22484575
0.34335200
0.09199586
0.58171994
0.28157284
0.48652248
0.47142909
0.65284213
0.54586322
0.35361256
0.12564862
0.44023368
0.47521849
0.19954933
0.45299525
0.13188806
0.36794112
0.60371612
0.24246070
0.15456220
0.28780301
0.55617476
0.50940085
0.56093695
0.47497074
0.45089741
0.52854946
0.77706386
0.24265733
0.45743422
0.37748630
0.25972208
0.68126924
0.47267963
0.44553034
0.50787049
0.24825293
0.68895044
0.56216307
0.36973854
0.30276959
0.25210537
0.28861618
0.63524512
0.85785545
0.32908890
0.51576956
0.60289729
0.25755916
0.33025657
0.62216783
0.36812385
0.47477145
0.43420779
0.45747246
0.24405639
0.17281608
0.66377740
0.24165257
0.35071490
0.46861026
0.30639167
0.29108199
0.15937199
0.40818218
0.17254790
0.42052089
0.47259967
0.57371849
0.21258595
0.32562422
0.22488321
0.31671121
0.43636033
0.46329868
0.41265345
0.46575356
0.32524638
0.58554883
0.54167666
0.43865910
0.43304485
0.61982487
0.40526704
0.23904949
0.56366237
0.54372808
0.32941946
0.29226272
0.76636298
0.27332359
0.61799948
0.75824862
0.24753420
0.74279160
0.52719788
0.63615109
0.26837984
0.79612063
0.33926860
0.51033823
0.67964789
0.43912119
0.27701933
0.54558821
0.28834747
0.49606930
0.36075223
0.30197308
0.49663746
0.24498269
0.52377532
0.36801467
0.48361778
0.55258675
0.65847200
0.76365778
0.41181862
0.20420464
0.51867455
0.43735104
0.30890637
0.55987320
0.42688459
0.44429987
0.33733605
0.48719322
0.20229962
0.56125336
0.42459038
0.68708291
0.13769054
0.21806062
0.39727191
0.63469691
0.30650005
0.44007506
0.21136340
0.27071238
0.38803844
0.37091904
0.24004176
0.40671119
0.33602838
0.61156599
0.24564014
0.32425887
0.23999177
0.59497949
0.57756881
0.41200231
0.33305524
0.29997788
0.43620762
0.49749541
0.45495483
0.13102516
0.56767782
0.49868463
0.66712050
0.45006452
0.51251163
0.34927331
0.43334618
0.72240217
0.48597407
0.21035043
0.63115616
0.54763194
0.47209597
0.60258000
0.22492088
0.13733070
0.42904898
0.52379354
0.58197321
0.31320774
0.62904058
0.33485838
0.41718977
0.43238976
0.70272821
0.61408506
0.46029672
0.18714623
0.60287288
0.37507160
0.41121070
0.33006368
0.56110007
0.55603462
0.26476855
0.55483985
0.61889639
0.37838680
0.30613181
0.60532715
0.58544308
0.53950241
0.29839110
0.50801837
0.38475506
0.44696611
0.23943313
0.63654098
0.53083085
0.58908612
0.24251460
0.40595593
0.31280607
0.13057527
0.25409268
0.68628950
0.67834998
0.38033844
0.54405251
0.68088489
0.24973846
0.32354436
0.18061902
0.37140739
0.21676158
0.62030737
0.51135129
0.47212064
0.35549203
0.60820563
0.44098969
0.56947116
0.31813923
0.45100282
0.47384713
0.20562104
0.53996662
0.58312335
0.44559583
0.63100409
0.50522913
0.42965981
0.46242976
0.18712075
0.57897812
0.20568084
0.11904369
0.51440939
0.32935512
0.42083643
0.54101480
0.56088776
0.37369639
0.65850690
0.27817339
0.33430629
0.57490031
0.38279015
0.39455663
0.41443023
0.26258211
0.21872462
0.24532075
0.58700799
0.51380991
0.53224658
0.23054094
0.37052690
0.67447757
0.53794484
0.36700327
0.44944647
0.55121711
0.71163815
0.56599751
0.41148611
0.49689488
0.28947752
0.34772557
0.21605697
0.61681488
0.38511789
0.29975973
0.47696132
0.39790668
0.67038280
0.38267133
0.47905544
0.15618410
0.21329308
0.32717677
0.50044547
0.70229765
0.41132191
0.71099214
0.48514286
0.53653602
0.61634079
0.56092939
0.35809703
0.33040616
0.35583352
0.48249503
0.57848098
0.13524280
0.48690874
0.29671699
0.40841888
0.32011440
0.46741467
0.43879638
0.47887013
0.42587421
0.32779545
0.39983807
0.52951650
0.71311010
0.56476530
0.50076493
0.40574918
0.54870018
0.61391349
0.28963801
0.44271726
0.42588146
0.45205894
0.33298739
0.32787652
0.36096971
0.55112090
0.32544090
0.55390617
0.34507876
0.26840124
0.21775463
0.25171811
0.69747399
0.33917572
0.32000795
0.65716698
0.68865494
0.47070962
0.27208546
0.41281710
0.49950386
0.22332397
0.75549757
0.21211302
0.41306417
0.44184450
0.80331032
0.34178264
0.48454757
0.30734202
0.61609308
0.36668778
0.27669158
0.22894635
0.32188703
0.58850174
0.24330567
0.50903293
0.48039843
0.33022030
0.24020694
0.49516737
0.12294546
0.72221011
0.51765974
0.24671964
0.45354722
0.40193289
0.16698928
0.26168505
0.66059386
0.44904841
0.45665613
0.53176520
0.61610082
0.32630665
0.20669194
