# NTRAJ	1000
0.06954041
0.03459231
0.01085847
0.10842252
0.01446039
0.13137794
0.03021009
0.14516909
0.18867386
0.01568634
0.19081395
0.02641810
0.04437925
0.16636340
0.17139819
0.04034511
0.17215089
0.08827805
0.10631146
0.06079359
0.15030264
0.10597613
0.16005987
0.02005670
0.12803520
0.10155005
0.00306162
0.11702656
0.15700994
0.10666888
0.15700265
0.00694318
0.14153968
0.06005336
0.13955594
0.02787493
0.13227615
0.12087142
0.12407116
0.07181365
0.08135682
0.14371342
0.17229826
0.16925754
0.15743578
0.01229127
0.14230356
0.06778484
0.05517873
0.17504430
0.06337285
0.04875724
0.07818163
0.16421516
0.10817521
0.14362855
0.13800974
0.04280768
0.12227136
0.15573075
0.11662063
0.05504987
0.07607367
0.16875610
0.09712940
0.11836046
0.06307122
0.08593253
0.07646124
0.07529573
0.10068776
0.14752344
0.11303404
0.12964248
0.12074818
0.08184594
0.07814988
0.10868859
0.18088123
0.01775781
0.15464304
0.10233494
0.06236035
0.06315280
0.12282186
0.14402351
0.03408612
0.10386449
0.13302845
0.15282592
0.16185714
0.07503626
0.05057586
0.11404166
0.08307252
0.17849549
0.10045969
0.16958920
0.09546716
0.13035460
0.14741186
0.11390691
0.12051377
0.10675958
0.01596824
0.07849010
0.04087521
0.06761619
0.11027901
0.13822192
0.12929475
0.10958531
0.18490699
0.05407302
0.17919231
0.00982029
0.12568942
0.02622698
0.13959225
0.18119438
0.06192193
0.09430501
0.13809494
0.07042898
0.06974386
0.02058816
0.06173500
0.12351078
0.16018142
0.12560332
0.16402367
0.09502660
0.15977031
0.03781598
0.10180548
0.13864032
0.08139795
0.03145135
0.12390198
0.07546168
0.10682619
0.05482597
0.08022325
0.10560801
0.07615020
0.03851877
0.05990082
0.11033054
0.12694301
0.19435433
0.16927935
0.04457073
0.09537083
0.05814820
0.11180037
0.09435400
0.12864275
0.12514723
0.14858284
0.14286213
0.10080244
0.08253754
0.10972058
0.10496140
0.06186484
0.03628764
0.11580343
0.13355407
0.14155038
0.07694037
0.14822395
0.11685118
0.01113728
0.03180658
0.13952474
0.07820810
0.18200363
0.14808211
0.10829432
0.11949856
0.06998057
0.02509354
0.10385436
0.14693238
0.06645889
0.10535838
0.12820631
0.17147326
0.12304834
0.02692284
0.15610498
0.09277410
0.12397659
0.07423514
0.07712066
0.15548227
0.14747449
0.06554928
0.08203913
0.03670930
0.04023225
0.14255951
0.10963929
0.05463520
0.10492293
0.08175480
0.08125573
0.11538768
0.14413067
0.12485881
0.10209017
0.14909878
0.14363877
0.09431316
0.15794997
0.12072423
0.10437841
0.13885357
0.10084874
0.13912453
0.18808064
0.05530424
0.08028932
0.07460990
0.13930527
0.04882181
0.06669221
0.00773314
0.07346296
0.04516243
0.16168149
0.07146797
0.17105167
0.04908105
0.13931745
0.13537850
0.11126203
0.17881326
0.10657209
0.07676739
0.08076131
0.07181367
0.15472903
0.07083921
0.11065625
0.20170244
0.09853363
0.06709152
0.09183887
0.07697267
0.14429438
0.04731641
0.10659740
0.06128675
0.10576244
0.16729087
0.14353011
0.04089510
0.14355515
0.10912372
0.13530654
0.09814244
0.03733574
0.12783257
0.16671961
0.07686557
0.05405758
0.14022878
0.08363459
0.06094638
0.15513963
0.15970926
0.04328711
0.11962544
0.18060942
0.11005358
0.14004891
0.09948571
0.14833085
0.13826289
0.06819118
0.04026154
0.15825232
0.04900392
0.05497522
0.12677296
0.08720646
0.13287725
0.19944886
0.15165711
0.09017210
0.04292465
0.16442918
0.12949882
0.15502973
0.01164568
0.09597046
0.15374000
0.09893804
0.12416153
0.16185310
0.10004659
0.08095854
0.14826383
0.07481974
0.05233670
0.14219038
0.15173641
0.08238313
0.07186098
0.15032176
0.20304868
0.17951271
0.11948005
0.14419258
0.05671241
0.14472342
0.05366608
0.14532550
0.14611473
0.12311620
0.14767992
0.01420656
0.03948662
0.11826203
0.03575978
0.07698964
0.16157331
0.11497723
0.11372619
0.09853437
0.08172489
0.07192854
0.08420172
0.05571193
0.04814808
0.02668468
0.17618197
0.07427265
0.00219510
0.13875918
0.07493908
0.06873411
0.20121005
0.00533306
0.08500467
0.12360668
0.11278783
0.00829423
0.07897421
0.10733008
0.14899554
0.11864666
0.14960668
0.07234131
0.19104902
0.12004352
0.16209954
0.03540662
0.12434039
0.10661336
0.01296924
0.12419127
0.04772854
0.06140901
0.12233381
0.15713312
0.10189710
0.08159797
0.04171382
0.16195008
0.15607775
0.13305726
0.01053883
0.12270620
0.15943495
0.10615535
0.16552556
0.10865983
0.10089856
0.08896361
0.14901099
0.07571510
0.15558020
0.07844209
0.03539284
0.14190993
0.12214910
0.05843146
0.08199683
0.19232316
0.15186944
0.13702010
0.00600180
0.07976731
0.11840798
0.06921669
0.11140228
0.10680746
0.12640230
0.01962702
0.04007603
0.00543025
0.08131698
0.12163871
0.06145868
0.03349056
0.08893803
0.11383874
0.02230268
0.09002324
0.03508295
0.07680005
0.09766609
0.17757179
0.09532998
0.18545933
0.17082061
0.07308276
0.05964031
0.11398766
0.10547459
0.07497157
0.09197454
0.04515843
0.09899886
0.12929263
0.03131161
0.05127350
0.03279083
0.05823625
0.05441482
0.13443015
0.12012547
0.04660016
0.16785588
0.12922514
0.14875314
0.14202857
0.10935224
0.16665231
0.03598659
0.16834082
0.17056931
0.04405716
0.12214593
0.13938010
0.16370897
0.10128496
0.16589872
0.06769893
0.10571111
0.12072705
0.09198466
0.15524836
0.11291693
0.08027593
0.07296775
0.17732580
0.11511866
0.16411058
0.16137195
0.00779846
0.17751306
0.09458010
0.06057158
0.16205475
0.18715751
0.12694281
0.09217835
0.15947723
0.15064082
0.11872531
0.18181814
0.03743298
0.12824749
0.13751494
0.09246146
0.09472892
0.14152471
0.08752301
0.11567765
0.13357842
0.04306413
0.01623748
0.14119163
0.10501907
0.07179576
0.15891281
0.07186850
0.06121526
0.12193303
0.14964901
0.05091767
0.07237263
0.16461954
0.04697783
0.15415253
0.06444355
0.10301668
0.14387417
0.12517614
0.18223951
0.04054239
0.03252954
0.14953425
0.03565404
0.17171678
0.10217929
0.08642589
0.08407824
0.11555475
0.17077973
0.18957605
0.05770366
0.18585521
0.06251280
0.03565491
0.19349722
0.07312002
0.07354888
0.04968355
0.13165508
0.01101671
0.14310546
0.01819620
0.09127476
0.08222242
0.05492941
0.18214853
0.04926438
0.02100727
0.16335860
0.06330505
0.15772969
0.04330949
0.02491852
0.05708933
0.14367461
0.11502322
0.10597553
0.13971508
0.10999167
0.15546019
0.04596340
0.16149911
0.14329682
0.16388604
0.01284997
0.12048158
0.09824864
0.06453737
0.20718905
0.09143283
0.12249785
0.13375565
0.08079993
0.07023042
0.06846795
0.05964931
0.15399427
0.00274160
0.14307296
0.08571706
0.06863846
0.03330111
0.17777964
0.10200697
0.00274870
0.11792148
0.15903294
0.13590513
0.15830544
0.01281077
0.15474246
0.18055760
0.18227996
0.14057673
0.13241556
0.17048838
0.07253113
0.12560626
0.14152444
0.08315937
0.06181167
0.03038560
0.09408212
0.00926986
0.19475144
0.03633744
0.07904379
0.13365606
0.10854590
0.03560332
0.02693857
0.14208081
0.04152707
0.09771311
0.13182448
0.16766053
0.14085050
0.12220105
0.12772252
0.12255952
0.14449374
0.14242957
0.02444410
0.10869754
0.15090618
0.00493013
0.17007494
0.11761041
0.14427814
0.04570538
0.14487349
0.09047579
0.15151737
0.14671006
0.09246577
0.15765665
0.07683255
0.19464998
0.01312319
0.09036295
0.10729768
0.16847363
0.05017634
0.15922594
0.06468756
0.16878791
0.08986684
0.13347738
0.03670343
0.04973364
0.09080841
0.04276640
0.03816363
0.05585251
0.11304890
0.13847775
0.10335576
0.05920175
0.02790282
0.10936011
0.11977764
0.11577084
0.13220084
0.08907872
0.18251687
0.18687719
0.07898041
0.12499974
0.09001587
0.07905133
0.13870967
0.14935698
0.07822731
0.14427890
0.08805669
0.18419468
0.17362778
0.10214789
0.03566055
0.03906705
0.04750635
0.11766869
0.19288016
0.02225633
0.08498183
0.13901097
0.11941374
0.03421160
0.17373540
0.07153781
0.12211595
0.12159294
0.06531456
0.07450912
0.06711589
0.13796980
0.04131930
0.07822392
0.08924565
0.10542902
0.06344779
0.02808203
0.12512050
0.06925892
0.09389222
0.08372657
0.11860671
0.09344433
0.08674680
0.07073445
0.04635158
0.08605355
0.03164149
0.09282727
0.10002510
0.11369111
0.14736074
0.10041832
0.06802387
0.07458803
0.10153908
0.09637665
0.00916374
0.09005508
0.13897476
0.11500061
0.11419620
0.15372446
0.02791415
0.14232514
0.18425673
0.10580697
0.19337347
0.11481743
0.14897599
0.12011937
0.14545028
0.09878770
0.12043723
0.13646918
0.10128003
0.08920045
0.12000093
0.04676243
0.13218796
0.09922344
0.04290999
0.13149166
0.05005624
0.12430966
0.04966014
0.16807651
0.15734185
0.14326097
0.20134058
0.13979541
0.00471119
0.13793049
0.12188106
0.00119010
0.16132517
0.11235738
0.11277924
0.04280238
0.05036545
0.06037801
0.14475118
0.07713810
0.16157950
0.08927777
0.06334936
0.09949966
0.12758182
0.04423766
0.17083973
0.05998387
0.04993503
0.07922225
0.12356035
0.02385978
0.08061056
0.05889082
0.09966727
0.05513247
0.10811463
0.07058846
0.13473040
0.15967909
0.12048083
0.05337397
0.01354664
0.16196377
0.12054564
0.12715128
0.05747230
0.12210559
0.07894604
0.14860740
0.04100531
0.10144586
0.11641268
0.12016860
0.15345959
0.15918543
0.07601967
0.16480369
0.13562692
0.11264134
0.13542315
0.09610582
0.04148562
0.05817028
0.16204952
0.09392833
0.05658869
0.09485260
0.05265216
0.06681789
0.16730998
0.15402830
0.17698279
0.02576767
0.06102488
0.14588547
0.03855844
0.09842021
0.15110652
0.12524327
0.12691228
0.05143793
0.16803124
0.16292933
0.12425669
0.11361599
0.12627274
0.07664391
0.16676493
0.08713958
0.14497504
0.12896213
0.07738478
0.03641150
0.17916841
0.09105158
0.13911538
0.12353266
0.11534035
0.12154355
0.04987212
0.00807086
0.15557224
0.17361263
0.09322820
0.09786505
0.17286361
0.09285158
0.12024856
0.06926288
0.01302209
0.05009335
0.14663467
0.15881064
0.14442470
0.09781293
0.13288887
0.11183303
0.13671556
0.09049505
0.13809509
0.12442859
0.01757116
0.07770990
0.10989259
0.15029303
0.11742938
0.14879954
0.13722928
0.04380081
0.06068909
0.14554588
0.06508259
0.05900599
0.12492274
0.11973243
0.08530798
0.12787996
0.14328726
0.08219829
0.16955949
0.07448274
0.00308418
0.10142940
0.14626012
0.14905273
0.11352087
0.07503265
0.07165229
0.10480983
0.11425303
0.15642903
0.17646834
0.00502962
0.11406873
0.14704371
0.09915031
0.07824013
0.05939169
0.12592297
0.14405227
0.08309848
0.13421130
0.06851435
0.05478964
0.12125731
0.01771489
0.15908380
0.12627377
0.02294080
0.09867466
0.16072920
0.19593343
0.02182362
0.02909513
0.09299831
0.11001331
0.12055155
0.10744776
0.17367299
0.09599267
0.18633824
0.06180629
0.10256018
0.14135653
0.11099740
0.12284778
0.04496080
0.07557623
0.10698474
0.11680709
0.01969840
0.11283383
0.07789342
0.10446135
0.07737427
0.11399377
0.10164193
0.11409127
0.10348098
0.12252235
0.07120497
0.10483170
0.17881974
0.13209877
0.09451160
0.11429074
0.10754215
0.13297766
0.07999113
0.16959006
0.10491372
0.07855452
0.09626704
0.06679744
0.03739303
0.14661492
0.12452766
0.09514802
0.10206943
0.01175176
0.03627664
0.08699751
0.17047761
0.00678280
0.12981180
0.14512749
0.13535767
0.14458309
0.02838217
0.08070511
0.06877300
0.02106573
0.15621461
0.05346273
0.05835193
0.11250671
0.15225164
0.02915655
0.12346470
0.06871174
0.15989958
0.05861589
0.07935859
0.09764203
0.10385350
0.09333165
0.11093170
0.10328609
0.10964476
0.12755143
0.05759873
0.13334374
0.02206979
0.12461333
0.08447304
0.11660637
0.12566497
0.07354866
0.00650341
0.08974166
0.15643772
0.16121295
0.03829675
0.10775353
0.14430358
0.09413920
0.04453743
