# NTRAJ	1000
0.04357427
0.07791064
0.08159690
0.03379697
0.02588250
0.07795393
0.03746429
0.13559095
0.14274968
0.05485651
0.09958679
0.12934798
0.00807923
0.10542703
0.17121485
0.15006958
0.14290739
0.12822857
0.01337636
0.07803232
0.14893078
0.12477492
0.13678595
0.09749250
0.15206776
0.05792971
0.14514198
0.14318118
0.12685268
0.09626259
0.11410133
0.03263866
0.09673692
0.03634775
0.08619894
0.06244671
0.07070453
0.16149989
0.12276577
0.08091111
0.12645235
0.05684392
0.16216060
0.10733258
0.05093698
0.04977535
0.16412378
0.09666182
0.04928529
0.13174774
0.02436477
0.08543263
0.08077298
0.13334235
0.11391121
0.10011036
0.09780296
0.04127414
0.12806628
0.14213892
0.07704951
0.04990507
0.12047040
0.13889535
0.14911309
0.11317962
0.08160240
0.10415839
0.07881264
0.02031206
0.02690588
0.15386382
0.06043570
0.03448699
0.13060387
0.13641216
0.02014994
0.15031360
0.10476342
0.08711523
0.05487904
0.11398295
0.09456646
0.11656209
0.06403962
0.07555393
0.05169483
0.07339796
0.13144963
0.12011593
0.05398094
0.09653091
0.00209846
0.08402549
0.17193622
0.11382158
0.02950856
0.16777938
0.03617369
0.06207631
0.15359453
0.12007348
0.00964752
0.07774177
0.03751323
0.11769026
0.05602653
0.02097112
0.07430509
0.16334105
0.09401691
0.11513070
0.14919091
0.02906499
0.13690041
0.06369236
0.08370267
0.12314524
0.08013473
0.17117303
0.15973769
0.12464693
0.15010267
0.08798744
0.08269844
0.05428158
0.03484997
0.14829935
0.00420162
0.13975992
0.11557985
0.04760403
0.12294688
0.06447627
0.12051555
0.10757998
0.08278092
0.05559086
0.13357317
0.08784384
0.10203458
0.03992148
0.03821410
0.07728422
0.01392621
0.06299617
0.08428721
0.10067355
0.08993351
0.15839073
0.10769913
0.05849870
0.02272051
0.12010659
0.09511244
0.04127600
0.10250620
0.05805064
0.12134975
0.14004299
0.06961999
0.02265667
0.03554556
0.10147208
0.13899780
0.06109202
0.13308532
0.06926049
0.10078466
0.11903293
0.13999381
0.06078365
0.01426925
0.06718699
0.18274289
0.03806917
0.02504415
0.14155948
0.06400426
0.16428208
0.03957193
0.01800180
0.09027845
0.11300709
0.02984674
0.14433988
0.01963529
0.15124980
0.12806186
0.02093146
0.01924701
0.07033821
0.08305004
0.04042379
0.07326562
0.05972880
0.13294573
0.06801701
0.01258183
0.04461607
0.11199942
0.16975586
0.07398879
0.12108258
0.08636800
0.03497760
0.04110741
0.02675528
0.09669225
0.17455139
0.01983234
0.10768834
0.13206639
0.09479153
0.09218637
0.06828971
0.04660722
0.12660192
0.04358518
0.13430827
0.17027623
0.07366807
0.12201709
0.13170643
0.12371629
0.08142361
0.05587949
0.07130511
0.03005406
0.05608478
0.12246057
0.15385870
0.13828932
0.03424323
0.12453295
0.05251316
0.02727799
0.16819408
0.07632458
0.08228819
0.12761687
0.10353589
0.14585477
0.03980090
0.09846529
0.19967911
0.12709084
0.08957619
0.03119630
0.07683342
0.05828811
0.02935568
0.14010229
0.03999462
0.04308979
0.17309502
0.01805629
0.06213629
0.17484817
0.10992381
0.12906715
0.05181672
0.04915986
0.08569070
0.11513434
0.04791503
0.12524462
0.11303408
0.11216784
0.04820383
0.12391096
0.16827223
0.08863751
0.08658279
0.15658488
0.14439903
0.03519858
0.07706421
0.14145580
0.07323605
0.08436607
0.04276927
0.05414851
0.05274277
0.06631881
0.12284521
0.04233564
0.12979088
0.18219631
0.08883470
0.12589751
0.11609874
0.15407733
0.11898863
0.04634574
0.06937268
0.07356642
0.05042601
0.06755571
0.07762669
0.17298782
0.01810870
0.01936891
0.06740457
0.02566763
0.10945973
0.05494890
0.12117358
0.06547079
0.05159783
0.14554161
0.18684533
0.16448143
0.09446717
0.09410425
0.05226545
0.09251677
0.02180070
0.14097277
0.13801451
0.12276249
0.10054018
0.01521357
0.03849721
0.17038824
0.01937990
0.14435181
0.15929133
0.10860964
0.05685136
0.06308391
0.05813270
0.08536521
0.10978821
0.16820778
0.09150289
0.01263444
0.09148791
0.10446566
0.11971549
0.10572299
0.03173886
0.10064588
0.18587061
0.01649634
0.04998194
0.03527550
0.09236715
0.02682020
0.02201075
0.11436732
0.10382103
0.09576860
0.16870480
0.02142543
0.12663280
0.13260300
0.12564582
0.09665469
0.06875667
0.07045375
0.07926561
0.11570036
0.11350569
0.07490835
0.13697084
0.13290573
0.02065801
0.04332470
0.10009846
0.11451443
0.15093165
0.11600310
0.03450175
0.13660812
0.05192705
0.05053996
0.19089494
0.05339169
0.04938440
0.11285383
0.18575033
0.11143858
0.14844825
0.10632007
0.09249817
0.04423953
0.11584412
0.02066800
0.05111712
0.16434427
0.12330195
0.04159757
0.05090405
0.00399912
0.13683342
0.07098008
0.09784352
0.06129126
0.13325119
0.02535788
0.09413229
0.05142788
0.05777393
0.04753865
0.03312687
0.09915582
0.06918341
0.07471189
0.09647709
0.14417908
0.09675101
0.12022982
0.06878531
0.18087848
0.13551638
0.15391222
0.16723217
0.09367416
0.06945698
0.14895576
0.06279093
0.08620776
0.12333879
0.07731378
0.10389911
0.10295577
0.06482778
0.02455291
0.11261133
0.06930675
0.13233628
0.16649850
0.13352327
0.08497682
0.17978758
0.04506119
0.15735932
0.11246261
0.09797136
0.10022358
0.07361054
0.10511693
0.00971410
0.06036565
0.12628851
0.17482240
0.12110227
0.05338760
0.11661575
0.07312239
0.04188480
0.12451281
0.14805302
0.08907474
0.13011605
0.04444411
0.05420355
0.12509659
0.09588578
0.17327852
0.16739324
0.06632280
0.10602403
0.10014449
0.02568876
0.09314114
0.12860552
0.11623086
0.02213747
0.06526872
0.12232543
0.07355086
0.14808876
0.08841193
0.08056258
0.05195638
0.07197224
0.08009351
0.11149056
0.13454542
0.09633652
0.12405421
0.06188850
0.04244015
0.01355287
0.02555051
0.07935236
0.13530109
0.02051918
0.16073413
0.07768092
0.08597805
0.07916402
0.09851875
0.12485465
0.03414297
0.12288140
0.00570909
0.07701473
0.12258312
0.13782879
0.13922005
0.06883962
0.00385568
0.12538009
0.00169339
0.16840229
0.07865934
0.14576576
0.07351221
0.06183133
0.18285994
0.08822047
0.05595126
0.12757188
0.09688300
0.02892465
0.12480174
0.10030199
0.03413195
0.07001300
0.01703236
0.06394878
0.09340530
0.03709314
0.14121585
0.02394840
0.00829873
0.11668006
0.03210355
0.03980438
0.12561829
0.06149490
0.17327952
0.05822533
0.07938834
0.05071962
0.04675332
0.13627848
0.10492497
0.14094818
0.13883808
0.11256607
0.02855588
0.13763861
0.08990668
0.15611731
0.01451217
0.01078858
0.11294184
0.12055166
0.19556114
0.09990140
0.08180935
0.09661160
0.04773773
0.08804817
0.08787362
0.01134346
0.12111963
0.06920863
0.17523563
0.10074393
0.10931052
0.01305555
0.08537971
0.05524374
0.05938545
0.10529156
0.09815834
0.11613596
0.15222302
0.09119094
0.15856178
0.14752738
0.14382628
0.13816109
0.10273149
0.12908335
0.04950285
0.12098352
0.10748964
0.10281336
0.14853357
0.08834492
0.01054565
0.02605516
0.16096454
0.07744681
0.08407047
0.03233499
0.00180826
0.09050674
0.01845699
0.14417691
0.09120519
0.00744382
0.07882312
0.01833524
0.13395407
0.02293451
0.04530561
0.13637564
0.07223697
0.11726396
0.05499955
0.13388157
0.19103409
0.08566307
0.13408735
0.04652488
0.17209729
0.02284305
0.13828182
0.15804504
0.13932856
0.16275128
0.03807099
0.09324651
0.05264051
0.16195711
0.02812818
0.04236498
0.12888361
0.14140136
0.08160607
0.09097907
0.13895178
0.13947011
0.08723012
0.09478188
0.02489441
0.06825714
0.04860443
0.08283208
0.03798283
0.02282492
0.11106735
0.05161011
0.16510701
0.03578101
0.06738541
0.05519033
0.15519679
0.05983532
0.12870960
0.06207557
0.14686417
0.14222497
0.08340960
0.01979699
0.00090383
0.02193764
0.15250701
0.12737294
0.10394528
0.02996959
0.08029212
0.16015308
0.14792251
0.04351267
0.08290039
0.08871938
0.02218070
0.10062555
0.17682353
0.06159051
0.02494244
0.07812539
0.07827541
0.08075560
0.06756590
0.04439081
0.00820155
0.08872828
0.04945853
0.07410598
0.11264768
0.09055220
0.09006317
0.00110774
0.06384675
0.03788440
0.09970662
0.10398300
0.15500856
0.07433089
0.01483232
0.11106759
0.08016706
0.08271558
0.11407379
0.01298019
0.06774645
0.13368263
0.04000338
0.06201631
0.08181637
0.08728343
0.07443005
0.01690288
0.14708480
0.08982031
0.05405698
0.08031945
0.13835871
0.13222178
0.15396629
0.07451720
0.09860103
0.10927504
0.12988001
0.01927347
0.17659782
0.02448379
0.12594621
0.02142096
0.13039278
0.16540506
0.16159878
0.08351127
0.16360811
0.08674935
0.04863851
0.09466819
0.14492970
0.10523323
0.16036142
0.10724812
0.05927131
0.05096916
0.07839913
0.12375948
0.14756391
0.10264558
0.08573121
0.17844065
0.18600080
0.15267006
0.01372722
0.06745988
0.00539062
0.03687466
0.11911963
0.01727854
0.03529800
0.02704770
0.06089214
0.08517816
0.14544994
0.10284811
0.02948728
0.12492625
0.14353734
0.03733320
0.09285230
0.08651069
0.15193034
0.04437865
0.16382893
0.08060525
0.11582368
0.05540992
0.09654741
0.11222432
0.11682743
0.04273671
0.04910357
0.12679148
0.13152686
0.12773719
0.07823092
0.09460841
0.04932944
0.13391536
0.04870761
0.10621097
0.11353448
0.06450544
0.06624398
0.11207157
0.05042727
0.03666161
0.04567879
0.11601347
0.14269445
0.15860089
0.07340649
0.18068343
0.10506958
0.13550030
0.14131574
0.11409991
0.10626511
0.03510096
0.16405784
0.07931364
0.06973115
0.08000688
0.08887907
0.05339964
0.14169520
0.06578325
0.14778669
0.09901578
0.05278961
0.02380661
0.12454601
0.08866541
0.14077117
0.09533961
0.12637491
0.04727298
0.18109667
0.17212593
0.16190906
0.16450653
0.13440200
0.05792110
0.09379729
0.06234704
0.10858822
0.12426173
0.04922828
0.13886794
0.16391575
0.07853174
0.09040712
0.10596365
0.08055117
0.01059606
0.01043365
0.11116114
0.13432378
0.14062319
0.09488581
0.11530717
0.12720951
0.16475358
0.06439724
0.03751062
0.04289746
0.13382753
0.09013488
0.10367208
0.12929988
0.09134232
0.07341738
0.15547101
0.13658462
0.08021415
0.04348391
0.06026766
0.10671176
0.08268911
0.05750272
0.08025796
0.14360457
0.12509223
0.06336771
0.04810817
0.08657991
0.14032517
0.05747122
0.07872053
0.14240897
0.09867851
0.09583820
0.09040485
0.13706151
0.02826404
0.12584758
0.10666366
0.01400883
0.06372995
0.12282340
0.08484047
0.10391460
0.00448472
0.02545314
0.01261791
0.06133875
0.08622782
0.15179040
0.07636976
0.14538010
0.09697848
0.02292589
0.15997261
0.07443015
0.04662138
0.03681106
0.07770170
0.12187451
0.02700470
0.05303073
0.07929630
0.11682560
0.15938318
0.10965316
0.02386215
0.05876057
0.10546444
0.16179602
0.04397976
0.06181362
0.11308149
0.08087538
0.08600022
0.15459045
0.13862212
0.08035103
0.10920706
0.06240392
0.07515810
0.07936518
0.07783648
0.07626899
0.03768849
0.06317837
0.06563771
0.08356556
0.11142863
0.12614424
0.09212254
0.11573670
0.09467554
0.08004808
0.09973613
0.09703112
0.05510678
0.11313839
0.03819179
0.03563633
0.12792038
0.10160783
0.05245610
0.12057556
0.11882409
0.12407212
0.13304915
0.13623187
0.08645168
0.05904937
0.17162245
0.03574307
0.05165062
0.11243627
0.10274951
0.06194331
0.10789844
0.02137812
0.09026761
0.12909403
0.05277051
0.06765880
0.09992590
0.11720145
0.16191051
0.16609177
0.07168730
0.15699489
0.03772297
0.10073945
0.11130981
0.09365689
0.06350956
0.10083310
0.09941608
0.06553032
0.08156465
0.06557124
0.14291081
0.06387113
0.09135571
0.04335645
0.06985012
0.12963881
0.08916927
0.06142234
0.10699552
0.07337818
0.01825255
0.03555014
0.05415532
0.17203297
0.13331194
0.16980075
0.10533161
0.08579300
0.08096514
0.14674272
0.15650652
0.07313283
0.09777531
0.02055876
0.05625758
0.11372813
0.04411719
