# NTRAJ	1000
0.12278089
0.01952926
0.16338020
0.50398145
0.31419383
0.25755644
0.33532502
0.20732389
0.21516245
0.14767848
0.33857494
0.03576593
0.13932624
0.01039296
0.64017063
0.07761911
0.05687117
0.09392002
0.15559473
0.00675580
0.36813482
0.27085896
0.22155709
0.61048404
0.44675063
0.69237310
0.65896240
0.20652382
0.12231636
0.38724094
0.03451821
0.02264001
0.37609542
0.39302960
0.61322745
0.24500353
0.28253575
0.64017063
0.69003017
0.51358493
0.59239446
0.47967161
0.00612232
0.11124281
0.35092463
0.48057231
0.06072462
0.06032281
0.02302886
0.44961144
0.57332089
0.64017063
0.07154876
0.30560621
0.45773651
0.08641698
0.55009837
0.09868825
0.03542417
0.35615873
0.04054426
0.13806958
0.06437253
0.11124281
0.32135760
0.42502780
0.23225577
0.13227317
0.27938390
0.03395605
0.76616055
0.25787373
0.14200035
0.42427206
0.05244461
0.59330467
0.00747797
0.27622904
0.36368720
0.12743847
0.29715118
0.38449587
0.35554339
0.00091310
0.64017063
0.33486046
0.45548034
0.80292976
0.03362027
0.13571649
0.43212657
0.50233101
0.14247276
0.94379562
0.26373868
0.02777862
0.08048080
0.48117276
0.11522408
0.55717690
0.18108633
0.23225577
0.24388945
0.30826316
0.21100377
0.15607068
0.51373501
0.50083063
0.14137071
0.64017063
0.94353296
0.46675585
0.63954829
0.37257663
0.12402075
0.52048936
0.06848952
0.35400454
0.68831317
0.00257178
0.17342036
0.06260912
0.00264822
0.64017063
0.30841938
0.04379516
0.43755798
0.64017063
0.40594765
0.08192022
0.26658851
0.50878292
0.53836499
0.11017459
0.21612193
0.51388508
0.59027136
0.29668077
0.30388578
0.42381856
0.64017063
0.22571088
0.11553119
0.20764391
0.59983347
0.00199803
0.41837349
0.64017063
0.40017752
0.00132129
0.69612554
0.05308913
0.00023877
0.64017063
0.01642831
0.33795617
0.17916882
0.75453060
0.77366184
0.17437796
0.43861353
0.04737298
0.62452735
0.00405703
0.56728061
0.27101702
0.10743525
0.06807492
0.00193109
0.06099289
0.60332982
0.22091784
0.40412635
0.18124615
0.15131600
0.20380340
0.32570988
0.27101702
0.64017063
0.37058618
0.53656119
0.03565189
0.24054559
0.01625756
0.21676153
0.60363399
0.35323484
0.10743525
0.02264001
0.02581919
0.29071615
0.67787600
0.64017063
0.00519817
0.27954157
0.05103476
0.38067990
0.01574958
0.47066190
0.13697095
0.64017063
0.16258470
0.49978037
0.13446326
0.12154266
0.00075730
0.23273438
0.10274427
0.35708151
0.78852788
0.01533123
0.46149555
0.68223343
0.37089248
0.40093720
0.89105526
0.12806110
0.16799825
0.49317858
0.22523172
0.62575109
0.92607546
0.01338719
0.09973703
0.98323428
0.08817107
0.18524281
0.25056966
0.01971274
0.00483740
0.06890474
0.23911178
0.01625756
0.11093744
0.40032946
0.00173672
0.16369847
0.19532146
0.46029282
0.04489621
0.05766273
0.15781665
0.36184508
0.10804304
0.33547985
0.17246297
0.25771509
0.04318717
0.04102082
0.09779090
0.10485844
0.29746474
0.27749134
0.86272660
0.22523172
0.55295907
0.07591346
0.03217851
0.65896240
0.39135483
0.43680391
0.21708131
0.30388578
0.44524449
0.24341190
0.18332415
0.36092364
0.38464843
0.00540954
0.05726657
0.09749211
0.57060196
0.06450870
0.35923366
0.00329690
0.99209060
0.04489621
0.45758611
0.23927111
0.12371063
0.06423643
0.48702621
0.59224277
0.30185129
0.04612950
0.64017063
0.00325444
0.11522408
0.23751817
0.23974908
0.23401048
0.64017063
0.03152049
0.00009110
0.08452503
0.15765787
0.12961926
0.26009398
0.28788685
0.01508239
0.40017752
0.13133579
0.00069483
0.17597440
0.23703999
0.22986212
0.79828864
0.16529029
0.00196442
0.30873179
0.85958462
0.39820169
0.08350997
0.43801038
0.19612161
0.32166868
0.49362872
0.11109011
0.15084114
0.00424629
0.87676556
0.49407885
0.42139926
0.05965473
0.06382858
0.08758557
0.16353933
0.04514204
0.53971805
0.50428153
0.22571088
0.06005534
0.57422750
0.47396609
0.14436382
0.04938322
0.34599058
0.64017063
0.08048080
0.34938357
0.25945976
0.31076169
0.53911667
0.36905429
0.01067805
0.60972233
0.47246429
0.27875317
0.58405941
0.67368010
0.62101145
0.26215447
0.04976291
0.53430687
0.00983261
0.09570295
0.00509391
0.09332713
0.05992172
0.14042675
0.42623675
0.30138160
0.20108278
0.15845187
0.29809177
0.37747138
0.09794035
0.12061509
0.25422337
0.43559720
0.54844267
0.00473647
0.48882701
0.37257663
0.14074134
0.98598254
0.09674588
0.03075881
0.01541453
0.32819411
0.33284658
0.20220305
0.35631254
0.18012750
0.82770811
0.64017063
0.79156763
0.32275723
0.08148781
0.17405874
0.61398987
0.04465080
0.26563882
0.03065053
0.21068381
0.28914463
0.22235608
0.15099941
0.01617245
0.00573364
0.34382950
0.39424717
0.06614857
0.09421673
0.17549541
0.96123516
0.22762717
0.53175254
0.06355705
0.00001020
0.28914463
0.03924305
0.83838110
0.00000000
0.32322363
0.00405703
0.12603891
0.23831504
0.30294695
0.02064006
0.04674998
0.00901703
0.25263521
0.02421020
0.21708131
0.73294818
0.64262207
0.25454093
0.64017063
0.02968209
0.17837003
0.07776164
0.37609542
0.53220326
0.03679782
0.45006305
0.16736088
0.04197926
0.12634975
0.01237960
0.19628164
0.64017063
0.28032977
0.36322677
0.11676080
0.04637738
0.11399684
0.53235351
0.03162983
0.00096019
0.00268684
0.02592101
0.07847517
0.00033100
0.32819411
0.00595436
0.48492513
0.20140286
0.61643064
0.11154830
0.04114024
0.27686025
0.02581919
0.28710048
0.71086674
0.04391708
0.17453758
0.30748194
0.00717316
0.08322044
0.21420288
0.15289968
0.15734035
0.01799678
0.24850309
0.63156975
0.00589883
0.64017063
0.00816790
0.07676520
0.09614966
0.15020818
0.16290288
0.53896633
0.01402327
0.10364945
0.34398391
0.01524810
0.23050052
0.19916230
0.64017063
0.12293578
0.23640234
0.21084379
0.25104642
0.17342036
0.00895043
0.98638143
0.00137734
0.16258470
0.16783890
0.07747664
0.56230212
0.24532178
0.40427815
0.09111030
0.61200791
0.15654672
0.69346708
0.55326026
0.09629865
0.08554268
0.14184292
0.64017063
0.38861273
0.23911178
0.17565507
0.60074527
0.53370580
0.08163189
0.14641499
0.29495534
0.53701211
0.67849810
0.13071130
0.15908726
0.04294472
0.83121640
0.25723913
0.43604975
0.21148368
0.19564152
0.48912713
0.12557281
0.26658851
0.00300503
0.51703688
0.07238872
0.00059649
0.23990839
0.64017063
0.20188297
0.10834714
0.43288123
0.31388198
0.01773145
0.20028258
0.05965473
0.55386268
0.64017063
0.49242834
0.01284060
0.64017063
0.48162308
0.20604377
0.05116246
0.00617877
0.15622935
0.07548842
0.15702286
0.00091310
0.63693782
0.52199064
0.57558772
0.17453758
0.18700197
0.00804049
0.43966890
0.00687393
0.07379387
0.10304585
0.09037369
0.05052489
0.13149197
0.32120204
0.47336539
0.08091204
0.16879512
0.15084114
0.02511056
0.04379516
0.64017063
0.64017063
0.64017063
0.53941735
0.38266470
0.04551157
0.26769616
0.35923366
0.84028868
0.29338594
0.25850822
0.62208114
0.10440479
0.49212824
0.00020375
0.01046392
0.21084379
0.13728475
0.71621576
0.22075802
0.24261588
0.21804060
0.01004120
0.03818875
0.59451857
0.23129843
0.43273030
0.67259322
0.16592725
0.25501722
0.53896633
0.05753060
0.12278089
0.11614576
0.22874475
0.52949917
0.10349849
0.00006986
0.21899979
0.55265789
0.06932058
0.64017063
0.94445074
0.94274296
0.08773187
0.10531242
0.33609912
0.22507199
0.08875736
0.20796393
0.01192561
0.83456200
0.34784175
0.10138908
0.02936173
0.49062771
0.37380096
0.33996672
0.05753060
0.06532731
0.16147138
0.64017063
0.16274378
0.48702621
0.37104562
0.65324912
0.18748180
0.03065053
0.00785101
0.30482432
0.01916429
0.28757232
0.00245907
0.56094505
0.14152809
0.44524449
0.16115337
0.64017063
0.02746579
0.08264202
0.34460149
0.57634354
0.14673077
0.75851030
0.00908384
0.62881232
0.13555977
0.36230571
0.22107766
0.33083138
0.24707179
0.00034538
0.00001291
0.13634357
0.40625113
0.65263209
0.13336771
0.15686414
0.19292117
0.09898770
0.37655413
0.25930118
0.25311173
0.44057337
0.95226107
0.34197596
0.37563665
0.46705636
0.47756981
0.20844394
0.20476358
0.24929805
0.19452134
0.43212657
0.32726276
0.14515243
0.09719349
0.50113071
0.20956391
0.09540535
0.19500141
0.29589660
0.64017063
0.15210768
0.99531725
0.03714395
0.14294531
0.05386553
0.24229743
0.04988967
0.61505751
0.82946266
0.00268684
0.03889057
0.29464153
0.06711000
0.14531019
0.19052118
0.01053509
0.21372307
0.15813424
0.00186522
0.53220326
0.44027189
0.19964242
0.45563077
0.26453052
0.64017063
0.30544985
0.42548118
0.03772321
0.64017063
0.39150711
0.29668077
0.23512681
0.07351232
0.25374699
0.06206913
0.59315295
0.32508851
0.29432768
0.62973122
0.64262207
0.75150841
0.45262166
0.44644943
0.44840702
0.00488822
0.64017063
0.41791947
0.86648715
0.13524638
0.02756992
0.02158365
0.26294666
0.32275723
0.37640123
0.00849020
0.07182848
0.11261855
0.01764335
0.32897001
0.30935652
0.46675585
0.64017063
0.14673077
0.05555872
0.03995110
0.64017063
0.15813424
0.14783649
0.32415621
0.52484343
0.53400633
0.18396365
0.64017063
0.09734278
0.53776368
0.27433469
0.41867615
0.16704224
0.32508851
0.02521135
0.10168996
0.13258579
0.06301492
0.20252312
0.66391207
0.98459150
0.01039296
0.64017063
0.11553119
0.01591819
0.06945934
0.00025104
0.64017063
0.64017063
0.00473647
0.00071536
0.22011871
0.64017063
0.09096289
0.90027381
0.16369847
0.24913907
0.18316428
0.02551460
0.04054426
0.27906855
0.23927111
0.58360520
0.04258186
0.15797544
0.52604477
0.02571751
0.17597440
0.34537328
0.12915158
0.53671149
0.00557054
0.18844152
0.00057770
0.01346604
0.31357010
0.09466213
0.14641499
0.15670542
0.61612545
0.00149275
0.03610880
0.69831659
0.19468136
0.08005007
0.00360116
0.39652910
0.02756992
0.09184809
0.85391216
0.02430964
0.47832048
0.23751817
0.00000256
0.76313094
0.23576462
0.04258186
0.39424717
0.19628164
0.64017063
0.49963033
0.64017063
0.07990661
0.04724818
0.00778829
0.06072462
0.18428342
0.01299581
0.00473647
0.90296654
0.33903893
0.31902345
0.01989689
0.36813482
0.07421666
0.64017063
0.29385684
0.24134196
0.42578342
0.23703999
0.28222070
0.13806958
0.15845187
0.06301492
0.06260912
0.44584699
0.10123870
0.13995500
0.15845187
0.10048737
0.38296996
0.54528273
0.42155050
0.64017063
0.07196845
0.00118603
0.01880201
0.21324324
0.99501313
0.17166532
0.40048140
0.12774974
0.04712348
0.24086415
0.38235941
0.14673077
0.00766350
0.13415014
0.00705280
0.05438492
0.25993544
0.11200679
0.23002172
0.27212327
0.04125977
0.45818767
0.04330855
0.02073369
0.68940569
0.09303096
0.53385607
0.05819212
0.09600071
0.60044132
0.01583380
0.17900905
0.70536982
0.20188297
0.00077870
0.35123276
0.56833719
0.68254492
0.19884222
0.10470719
0.40670630
0.44132700
0.05347692
0.55039944
0.28222070
0.53130183
0.00895043
0.85407000
0.34722481
0.00000575
0.47621851
0.09052092
0.00535635
0.33702778
0.36721510
0.34104878
0.38449587
0.00829617
0.41398280
0.15163263
0.36767499
0.71432685
0.67678762
0.00007663
0.73057538
0.50848282
0.11614576
0.54874368
0.26817076
0.64017063
0.03328563
0.23034093
0.14531019
0.07154876
0.61307499
0.93262463
0.07478126
0.03830543
0.38632614
0.25469970
0.51103378
0.00210044
0.58557376
0.32368995
0.06697243
0.28222070
0.45683411
0.24675366
0.63432940
0.12386568
0.08105590
0.25454093
0.44795532
0.70709639
0.24261588
0.09406835
0.64017063
0.08119981
0.21100377
0.00687393
0.64017063
0.27370300
0.16640506
0.02026716
0.11338396
0.38144341
0.51298464
0.00308715
0.85454343
0.32415621
0.48717628
0.12977520
0.43454114
0.27180723
0.38251206
0.83488044
0.00086716
