# NTRAJ	1000
0.00001998
0.00001998
0.00001998
0.00001998
0.00001998
0.00001998
0.00001998
0.00001998
0.00001998
0.00001998
0.00001998
0.00001998
0.00001998
0.00001998
0.00001998
0.00001998
0.00001998
0.00001998
0.00077870
0.00001998
0.00001998
0.00001998
0.00001998
0.00001998
0.00001998
0.00001998
0.00001998
0.00001998
0.00001998
0.00001998
0.00001998
0.00001998
0.00001998
0.00001998
0.00001998
0.00001998
0.00001998
0.00001998
0.00001998
0.00001998
0.00001998
0.00001998
0.00001998
0.00005140
0.00001998
0.00001998
0.00001998
0.00001998
0.00001998
0.00003116
0.00001998
0.00001998
0.00001998
0.00001998
0.00001998
0.00001998
0.00001998
0.00001998
0.00001998
0.00001998
0.00001998
0.00001998
0.00001998
0.00001998
0.00001998
0.00001998
0.00001998
0.00001998
0.00001998
0.00001998
0.00001998
0.00001998
0.00001998
0.00001998
0.00001998
0.00001998
0.00001998
0.00001998
0.00001998
0.00001998
0.00001998
0.00001998
0.00001998
0.00001998
0.00096019
0.00001998
0.00001998
0.00001998
0.00001998
0.00001998
0.00001998
0.00001998
0.00001998
0.00001998
0.00001998
0.00001998
0.00001998
0.00001998
0.00001998
0.00001998
0.00001998
0.00001998
0.00040585
0.00001998
0.00001998
0.00001998
0.00001998
0.00001998
0.00000000
0.00001998
0.00001998
0.00001998
0.00001998
0.00001998
0.00108284
0.00001998
0.00001998
0.00001998
0.00001020
0.00001998
0.00042171
0.00001998
0.00001998
0.00001998
0.00001998
0.00001998
0.00001998
0.00001998
0.00096019
0.00001998
0.00001998
0.00001998
0.00001998
0.00001998
0.00001998
0.00001998
0.00001998
0.00001998
0.00001998
0.00001998
0.00001998
0.00001998
0.00001998
0.00001998
0.00001998
0.00001998
0.00001998
0.00001998
0.00001998
0.00001998
0.00001998
0.00126635
0.00001998
0.00001998
0.00001998
0.00001998
0.00001998
0.00001998
0.00001998
0.00001998
0.00001998
0.00001998
0.00001998
0.00001998
0.00001998
0.00001998
0.00001998
0.00001998
0.00001998
0.00001998
0.00001998
0.00001998
0.00001998
0.00001998
0.00001593
0.00001998
0.00001998
0.00001998
0.00001998
0.00001998
0.00001998
0.00001998
0.00001998
0.00001998
0.00001998
0.00001998
0.00001998
0.00001998
0.00001998
0.00001998
0.00001998
0.00001998
0.00001998
0.00001998
0.00001998
0.00001998
0.00001998
0.00001998
0.00001998
0.00001998
0.00001998
0.00001998
0.00001998
0.00001998
0.00001998
0.00001998
0.00001998
0.00001998
0.00001998
0.00001998
0.00037502
0.00055919
0.00001998
0.00001998
0.00001998
0.00001998
0.00001998
0.00001998
0.00001998
0.00001998
0.00001998
0.00001998
0.00001998
0.00001998
0.00001998
0.00001998
0.00001998
0.00001998
0.00001998
0.00001998
0.00001998
0.00001998
0.00001998
0.00001998
0.00001998
0.00001998
0.00001998
0.00001998
0.00001998
0.00001998
0.00001998
0.00001998
0.00001998
0.00001998
0.00001998
0.00001998
0.00001998
0.00052306
0.00001998
0.00001998
0.00001998
0.00001998
0.00121252
0.00001998
0.00001998
0.00001998
0.00001998
0.00001998
0.00001998
0.00001998
0.00001998
0.00001998
0.00001998
0.00001998
0.00001998
0.00001998
0.00001998
0.00001926
0.00001998
0.00001998
0.00001998
0.00001998
0.00001998
0.00033100
0.00001998
0.00001998
0.00001998
0.00001998
0.00001998
0.00001998
0.00001998
0.00001998
0.00001998
0.00001998
0.00001998
0.00001998
0.00001998
0.00001998
0.00001998
0.00001998
0.00001998
0.00001998
0.00001998
0.00001998
0.00001998
0.00001998
0.00001998
0.00001998
0.00001998
0.00001998
0.00001998
0.00001998
0.00001998
0.00001998
0.00000782
0.00001998
0.00001998
0.00001998
0.00017147
0.00001998
0.00001998
0.00001998
0.00001998
0.00001998
0.00001998
0.00019269
0.00001998
0.00001998
0.00001998
0.00001998
0.00001998
0.00001998
0.00001998
0.00001998
0.00001998
0.00001998
0.00001998
0.00001998
0.00001998
0.00001998
0.00001998
0.00001998
0.00001998
0.00001998
0.00001998
0.00001998
0.00001998
0.00001998
0.00001998
0.00001998
0.00001998
0.00001998
0.00001998
0.00001998
0.00001998
0.00001998
0.00001998
0.00001998
0.00129368
0.00001998
0.00001998
0.00001998
0.00001998
0.00001998
0.00001998
0.00001998
0.00001998
0.00001998
0.00001998
0.00001998
0.00001998
0.00001998
0.00001998
0.00001998
0.00001998
0.00001998
0.00001998
0.00001998
0.00001998
0.00001998
0.00001998
0.00001998
0.00001998
0.00001998
0.00001998
0.00001998
0.00001998
0.00001998
0.00001998
0.00001998
0.00001998
0.00001998
0.00001998
0.00001998
0.00001998
0.00001998
0.00069483
0.00001998
0.00080038
0.00001998
0.00005724
0.00001998
0.00001998
0.00020375
0.00001998
0.00001998
0.00001998
0.00001998
0.00001998
0.00001998
0.00001998
0.00001998
0.00001998
0.00001998
0.00001998
0.00001998
0.00001998
0.00001998
0.00001998
0.00001998
0.00001998
0.00001998
0.00001998
0.00001998
0.00110822
0.00001998
0.00001998
0.00001998
0.00001998
0.00065462
0.00001998
0.00001998
0.00001998
0.00001998
0.00001998
0.00001998
0.00001998
0.00001998
0.00001998
0.00001998
0.00001998
0.00001998
0.00001998
0.00001998
0.00001998
0.00001998
0.00001998
0.00001998
0.00001998
0.00001998
0.00001998
0.00001998
0.00001998
0.00001998
0.00001998
0.00001998
0.00001998
0.00001998
0.00001998
0.00000782
0.00001998
0.00001998
0.00001998
0.00001998
0.00001998
0.00001998
0.00001998
0.00001998
0.00001998
0.00001998
0.00001998
0.00001998
0.00001998
0.00001998
0.00001998
0.00001998
0.00001998
0.00001998
0.00001998
0.00096019
0.00001998
0.00001998
0.00001998
0.00001998
0.00001998
0.00001998
0.00001998
0.00001998
0.00001998
0.00001998
0.00001998
0.00001998
0.00001998
0.00001998
0.00001998
0.00001998
0.00001998
0.00001998
0.00001998
0.00001998
0.00001998
0.00093650
0.00001998
0.00001998
0.00001998
0.00001998
0.00001998
0.00001998
0.00001998
0.00001998
0.00001998
0.00001998
0.00001998
0.00001998
0.00001998
0.00001998
0.00001998
0.00001998
0.00001998
0.00001998
0.00001998
0.00001998
0.00001998
0.00001998
0.00001998
0.00001998
0.00001998
0.00001998
0.00001998
0.00001998
0.00001998
0.00001998
0.00001998
0.00001998
0.00001998
0.00001998
0.00001998
0.00001998
0.00001998
0.00001998
0.00001998
0.00001998
0.00001998
0.00001998
0.00001998
0.00001998
0.00001998
0.00001998
0.00001998
0.00001998
0.00001998
0.00001998
0.00001998
0.00001998
0.00001998
0.00001998
0.00001998
0.00001998
0.00001998
0.00001998
0.00001998
0.00001998
0.00001998
0.00001998
0.00001998
0.00001998
0.00001998
0.00001998
0.00001998
0.00001998
0.00001998
0.00001998
0.00001998
0.00001998
0.00001998
0.00001998
0.00001998
0.00001998
0.00057770
0.00001998
0.00001998
0.00001998
0.00001998
0.00001998
0.00001998
0.00001998
0.00001998
0.00001998
0.00001998
0.00001998
0.00001998
0.00001998
0.00001998
0.00001998
0.00001998
0.00001998
0.00001998
0.00001998
0.00001998
0.00001998
0.00001998
0.00001998
0.00001998
0.00001998
0.00001998
0.00001998
0.00001998
0.00001998
0.00001998
0.00001998
0.00001998
0.00001998
0.00001998
0.00001998
0.00001998
0.00001998
0.00001998
0.00001998
0.00001998
0.00001998
0.00001998
0.00001998
0.00021512
0.00001998
0.00001998
0.00001998
0.00001998
0.00001998
0.00001998
0.00001998
0.00001998
0.00001998
0.00001998
0.00001998
0.00001998
0.00001998
0.00001998
0.00001998
0.00001998
0.00001998
0.00001998
0.00001998
0.00001998
0.00001998
0.00001998
0.00001998
0.00001998
0.00001998
0.00001998
0.00001998
0.00001998
0.00001998
0.00001998
0.00001998
0.00001998
0.00001998
0.00001998
0.00001998
0.00001998
0.00001998
0.00001998
0.00001998
0.00001998
0.00001998
0.00001998
0.00001998
0.00001998
0.00001998
0.00001998
0.00001998
0.00001998
0.00001998
0.00001998
0.00001998
0.00001998
0.00001998
0.00001998
0.00001998
0.00001998
0.00001998
0.00001998
0.00143450
0.00001998
0.00118603
0.00001998
0.00067458
0.00001998
0.00001998
0.00001998
0.00001998
0.00001998
0.00001998
0.00001998
0.00001998
0.00001998
0.00001998
0.00001998
0.00001998
0.00001998
0.00001998
0.00001998
0.00001998
0.00001998
0.00001998
0.00001998
0.00001998
0.00001998
0.00001998
0.00001998
0.00001998
0.00001998
0.00001998
0.00001998
0.00001998
0.00001998
0.00001998
0.00001998
0.00001998
0.00001998
0.00001998
0.00001998
0.00001998
0.00001998
0.00001998
0.00001998
0.00001998
0.00001998
0.00001998
0.00001998
0.00001998
0.00001998
0.00001998
0.00001998
0.00001998
0.00001998
0.00001998
0.00001998
0.00001998
0.00001998
0.00001998
0.00001998
0.00001998
0.00001998
0.00001998
0.00001998
0.00001998
0.00001998
0.00001998
0.00001998
0.00001998
0.00001998
0.00001998
0.00001998
0.00001998
0.00001998
0.00001998
0.00001998
0.00001998
0.00001998
0.00001998
0.00001998
0.00001998
0.00001998
0.00001998
0.00001998
0.00001998
0.00115981
0.00001998
0.00001998
0.00057770
0.00001998
0.00001998
0.00001998
0.00001998
0.00001998
0.00020375
0.00001998
0.00001998
0.00001998
0.00001998
0.00001998
0.00001998
0.00001998
0.00001998
0.00001998
0.00001998
0.00001998
0.00001998
0.00001998
0.00001998
0.00001998
0.00001998
0.00001998
0.00001998
0.00001998
0.00001998
0.00001998
0.00001998
0.00001998
0.00001998
0.00001998
0.00001998
0.00001998
0.00001998
0.00001998
0.00001998
0.00001998
0.00001998
0.00001998
0.00001998
0.00001998
0.00001998
0.00026362
0.00001998
0.00001998
0.00001998
0.00001998
0.00001998
0.00001998
0.00001998
0.00001998
0.00001998
0.00001998
0.00001998
0.00001998
0.00001998
0.00001998
0.00001998
0.00001998
0.00001998
0.00001998
0.00001998
0.00132129
0.00001998
0.00001998
0.00001998
0.00001998
0.00001998
0.00001998
0.00001998
0.00001998
0.00001998
0.00001998
0.00001998
0.00001998
0.00001998
0.00001998
0.00001998
0.00001998
0.00001998
0.00001998
0.00001998
0.00001998
0.00001998
0.00001998
0.00001998
0.00001998
0.00001998
0.00001998
0.00001998
0.00001998
0.00001998
0.00001998
0.00001998
0.00001998
0.00001998
0.00001998
0.00001998
0.00001998
0.00001998
0.00001998
0.00001998
0.00001998
0.00001998
0.00001998
0.00001998
0.00001998
0.00001998
0.00001998
0.00001998
0.00001998
0.00001998
0.00001998
0.00001998
0.00001998
0.00001998
0.00001998
0.00006339
0.00001998
0.00001998
0.00001998
0.00001998
0.00001998
0.00001998
0.00001998
0.00001998
0.00001998
0.00001998
0.00001998
0.00001998
0.00001998
0.00001998
0.00001998
0.00001998
0.00001998
0.00001998
0.00001998
0.00001998
0.00001998
0.00001998
0.00001998
0.00001998
0.00001998
0.00001998
0.00001998
0.00001998
0.00001998
0.00001998
0.00001998
0.00001998
0.00001998
0.00001998
0.00001998
0.00001998
0.00001998
0.00001998
0.00001998
0.00001998
0.00001998
0.00001998
0.00001998
0.00001998
0.00001998
0.00001998
0.00001998
0.00001998
0.00001998
0.00001998
0.00001998
0.00001998
0.00001998
0.00001998
0.00001998
0.00001998
0.00001998
0.00001998
0.00001998
0.00001998
0.00000256
0.00001998
0.00001998
0.00001998
0.00001998
0.00001998
0.00001998
0.00001998
0.00001998
0.00001998
0.00001998
0.00001998
0.00001998
0.00001998
0.00001998
0.00001998
0.00001998
0.00001998
0.00001998
0.00001998
0.00001998
0.00001998
0.00001998
0.00001998
0.00001998
0.00001998
0.00001998
0.00001998
0.00000782
0.00001998
0.00001998
0.00001998
0.00001998
0.00001998
0.00001998
0.00001998
0.00001998
0.00001998
0.00001998
0.00001998
0.00001998
0.00001998
0.00001998
0.00001998
0.00001998
0.00001998
0.00001998
0.00001998
0.00001998
0.00001998
0.00001998
0.00001998
0.00001998
0.00001998
0.00001998
0.00001998
0.00001998
0.00001998
0.00001998
0.00001998
0.00001998
0.00001998
