# NTRAJ	1000
0.15427180
0.13711052
0.01867896
0.09105841
0.16085457
0.14988390
0.15515036
0.04472430
0.06518809
0.16124509
0.00478129
0.09401154
0.08673148
0.00071393
0.12688238
0.16089193
0.04326809
0.13566007
0.00388463
0.00143358
0.08370996
0.02527233
0.10311950
0.16062017
0.04756306
0.00266704
0.13360592
0.15264159
0.09655858
0.10536166
0.01992057
0.12958552
0.15497080
0.15334861
0.08261304
0.14767555
0.06892062
0.00089983
0.00092012
0.15367014
0.15120906
0.01546940
0.00066327
0.01138807
0.13795543
0.01700215
0.14547625
0.15783895
0.01010771
0.02035965
0.15086284
0.00172402
0.06011995
0.16111028
0.14349134
0.05331064
0.00450467
0.14690759
0.15534559
0.12766338
0.00271217
0.09430142
0.07976303
0.02844297
0.07166365
0.14922435
0.15792955
0.01069013
0.09897052
0.00100276
0.08456276
0.01709554
0.03935529
0.11492002
0.15909574
0.15078100
0.16225127
0.10704534
0.16080919
0.15187333
0.04971495
0.11682412
0.01097963
0.08898342
0.12496827
0.16124261
0.03633824
0.12902857
0.06620292
0.13465139
0.00449678
0.00689357
0.15701439
0.10642116
0.05349111
0.02216202
0.03053543
0.13027125
0.03761609
0.06835152
0.04679392
0.10331798
0.14847170
0.15435739
0.02914964
0.15849168
0.02627070
0.07575832
0.00495697
0.04046833
0.01915149
0.15927116
0.12952855
0.01172063
0.03992977
0.13214759
0.11919818
0.04684829
0.01546097
0.02991347
0.14637899
0.06558935
0.01813128
0.09342357
0.06279247
0.04782750
0.01120580
0.00825287
0.15452604
0.04194667
0.15831894
0.03551543
0.07010745
0.04243273
0.04345784
0.02752314
0.15580367
0.00180450
0.00756345
0.00750091
0.05638171
0.13740685
0.09457171
0.00800138
0.08500281
0.01841420
0.11763723
0.14945316
0.04274165
0.14819906
0.14289942
0.15518734
0.07839582
0.04775643
0.14856941
0.15524922
0.02599772
0.04191500
0.00902236
0.13401265
0.05222713
0.15745403
0.09088019
0.03881935
0.10643334
0.11180993
0.11995468
0.03788609
0.01007687
0.02918516
0.04472416
0.16005182
0.04979701
0.12383009
0.02414837
0.15891999
0.15368869
0.04825769
0.16069366
0.02840337
0.01194190
0.01575564
0.15111789
0.00912940
0.08405472
0.14067894
0.11812607
0.16012755
0.08541932
0.08076550
0.09146883
0.03668121
0.00593658
0.15333130
0.01293771
0.14303821
0.13740872
0.07579680
0.10735900
0.16083871
0.00158871
0.15856653
0.13680063
0.08566364
0.14146592
0.00580894
0.04320571
0.12508699
0.11355048
0.04764428
0.01118361
0.08229269
0.15336595
0.06541139
0.02163132
0.14726359
0.14903431
0.00152429
0.00598782
0.15852053
0.02492728
0.13344448
0.00427933
0.04943178
0.10645770
0.00197915
0.16157954
0.04631128
0.13225318
0.05358647
0.12767372
0.01424844
0.12412791
0.08219110
0.15850121
0.14292307
0.00212978
0.07007165
0.14859149
0.11960688
0.08220863
0.07304350
0.12483491
0.01230534
0.12426259
0.07683420
0.15454993
0.16051020
0.14739195
0.13148881
0.16069011
0.14294706
0.11298713
0.00264404
0.15416911
0.15615958
0.07648574
0.09096486
0.09173569
0.03601436
0.10599776
0.09918848
0.14501574
0.14808083
0.02994558
0.10539129
0.02513291
0.00825283
0.02466246
0.16354858
0.14658693
0.01722468
0.16106709
0.16069724
0.15803227
0.01891918
0.14702071
0.00572064
0.09711569
0.05503205
0.11513927
0.14846511
0.08564072
0.06640264
0.06470368
0.08998547
0.12490489
0.16136453
0.01562325
0.14411223
0.16084614
0.14775730
0.15881356
0.15324897
0.14917605
0.04377976
0.16386864
0.16043497
0.09289789
0.15132818
0.04815884
0.00290127
0.12408628
0.08378042
0.02418742
0.12865920
0.15961042
0.00356714
0.14810758
0.13898650
0.11329395
0.01082850
0.10844538
0.10933106
0.14533459
0.04762398
0.01308612
0.16189363
0.04536463
0.02296266
0.16139388
0.12976240
0.02042209
0.03895843
0.09096385
0.16071547
0.00062877
0.04523876
0.16208825
0.06156505
0.03237468
0.14552835
0.16334146
0.00139448
0.11390467
0.15226071
0.05974801
0.15914182
0.12964367
0.14210518
0.12750770
0.13123720
0.00145786
0.10861661
0.15646080
0.05626981
0.16090064
0.15080574
0.10954673
0.06869431
0.07601938
0.12135616
0.02973927
0.06002688
0.15992146
0.00105424
0.13903469
0.15118867
0.14908312
0.02127493
0.15138373
0.05317811
0.15270917
0.15972850
0.14393122
0.08978830
0.02445137
0.04191620
0.05871004
0.06146220
0.07458814
0.14884200
0.15180093
0.11257090
0.01229522
0.15335215
0.00990202
0.08753868
0.00880755
0.01145701
0.09174372
0.00360078
0.04488422
0.00114791
0.03286571
0.02783879
0.06737358
0.01029076
0.15812782
0.11307588
0.00718921
0.00077491
0.01438964
0.06956479
0.05728400
0.02916217
0.14260962
0.08530527
0.09328675
0.15076559
0.11029452
0.13673069
0.07049409
0.05458599
0.04197936
0.04193712
0.00141448
0.12954194
0.06752125
0.10838938
0.09741993
0.15334594
0.11470967
0.14709144
0.01521035
0.16017816
0.09806579
0.06065562
0.08869137
0.13472931
0.05679509
0.14558763
0.11593633
0.16044454
0.13436677
0.15390203
0.00066774
0.01360748
0.10445140
0.08160046
0.03219081
0.00255181
0.15452094
0.07018817
0.10122791
0.13463643
0.00824147
0.11891724
0.05240968
0.00125086
0.15207995
0.13582797
0.15570140
0.01747219
0.00103453
0.10088703
0.10445594
0.06094564
0.15744479
0.03039531
0.05003429
0.15413723
0.15593885
0.01974498
0.00065853
0.05059421
0.09584844
0.01122519
0.12191094
0.00213717
0.05891481
0.15430118
0.11490128
0.00625159
0.15383947
0.02041885
0.14553411
0.14030973
0.00080962
0.00564154
0.09534360
0.00102935
0.16196801
0.09959789
0.15049607
0.12207272
0.06375635
0.14914976
0.10769336
0.14725217
0.11102068
0.09473967
0.00414211
0.01731091
0.01250993
0.13542286
0.06598651
0.11957676
0.00792346
0.15819076
0.15624967
0.14785106
0.10358216
0.02184365
0.15747319
0.04276808
0.12367797
0.15804209
0.12170378
0.15654046
0.16048926
0.14841757
0.09250918
0.00347592
0.12540781
0.15893756
0.07092134
0.15999670
0.12118937
0.11198408
0.15134917
0.15820963
0.14133815
0.08422123
0.12685778
0.16117274
0.15975949
0.09394899
0.12788684
0.00091404
0.03197566
0.16165928
0.05460494
0.15912928
0.15109243
0.11106913
0.12181745
0.00764914
0.12900201
0.00473332
0.06295401
0.07095588
0.06098201
0.15579921
0.01255975
0.08084725
0.09554844
0.15077401
0.16026850
0.16105600
0.15979154
0.07326325
0.15827118
0.15840272
0.00645823
0.05948180
0.12821052
0.14537962
0.02374345
0.00258994
0.08102615
0.15030731
0.06537239
0.00551137
0.02997777
0.16034881
0.05251560
0.06958505
0.00767898
0.00184504
0.10019573
0.00077354
0.14358100
0.04051250
0.07265591
0.03012319
0.16086679
0.07327203
0.04491269
0.09538692
0.00994038
0.16031889
0.16129004
0.04257536
0.00559536
0.11610995
0.00080258
0.15661193
0.12134286
0.01089548
0.05013521
0.16211176
0.15961583
0.03498317
0.01150962
0.15571809
0.14743298
0.14095134
0.08703499
0.09812429
0.16053008
0.06050144
0.16091436
0.05049670
0.15368631
0.04087946
0.15016534
0.08145769
0.07473183
0.08469812
0.13402718
0.03987584
0.15944895
0.15912603
0.00861422
0.07487855
0.15798030
0.10716035
0.10933764
0.07719734
0.15781002
0.12641743
0.03026778
0.15093935
0.00236211
0.03029218
0.02463173
0.14122239
0.01703562
0.15996472
0.15982269
0.00477685
0.07570071
0.12447253
0.16079690
0.15624214
0.16048697
0.11316728
0.16227186
0.15927089
0.05211429
0.00072993
0.16076865
0.00134793
0.01079180
0.10651802
0.00086010
0.15730810
0.10966710
0.15785920
0.15888720
0.16065600
0.14049326
0.15532417
0.01202555
0.14418206
0.11988832
0.01629283
0.06901056
0.00779999
0.04045353
0.08261833
0.00157634
0.01745118
0.00821628
0.15923096
0.01097668
0.15382549
0.15924124
0.12687612
0.05755842
0.08560509
0.05050108
0.08421747
0.07204695
0.10902615
0.15014124
0.01635255
0.03270791
0.14199327
0.10324038
0.16161996
0.13602020
0.15927402
0.00683996
0.16079654
0.13032321
0.13306468
0.15134963
0.10842016
0.01745593
0.12231821
0.08210092
0.03857773
0.03461334
0.03890292
0.08150261
0.15022471
0.00823065
0.00201084
0.06629780
0.13905661
0.08831986
0.13211620
0.14929667
0.14761622
0.09889225
0.08383117
0.02287776
0.15254088
0.06250909
0.14614426
0.15061390
0.08116984
0.01492098
0.04260799
0.14274597
0.15991076
0.04881383
0.13962399
0.01976345
0.15987092
0.16117263
0.00527616
0.14106236
0.10954190
0.14224980
0.06668917
0.08064997
0.02740196
0.07992517
0.00227249
0.15874898
0.05092591
0.02908753
0.02274023
0.12169722
0.02161322
0.07584885
0.08858082
0.09006465
0.15699162
0.10563396
0.13159293
0.08475226
0.16126103
0.13734105
0.04103466
0.15917280
0.14032358
0.15453248
0.00584626
0.13206152
0.11110327
0.11062085
0.15207519
0.15060731
0.03602230
0.16238211
0.00383443
0.15883047
0.03071082
0.01944173
0.02381862
0.08075594
0.00689591
0.08966641
0.00163578
0.14987967
0.14817125
0.15154605
0.13179859
0.02622224
0.02938243
0.07109507
0.07803010
0.00596635
0.15843608
0.04413373
0.04541963
0.02373689
0.04074589
0.07763553
0.10026571
0.12155929
0.09506400
0.09287855
0.16242662
0.14892065
0.03297545
0.16118117
0.13235542
0.16059879
0.08060136
0.05377071
0.05621329
0.04984204
0.15230798
0.15921619
0.11648787
0.11877004
0.07512746
0.04560584
0.11577029
0.13955365
0.07403404
0.07875888
0.15462562
0.14273594
0.15320261
0.15241593
0.15758382
0.10805313
0.13892970
0.07940578
0.14884873
0.05933635
0.00961922
0.08122097
0.03193010
0.06747760
0.04787578
0.10352503
0.09407008
0.15993095
0.00924513
0.11882080
0.11718556
0.05123477
0.11432193
0.07786638
0.16069608
0.01845428
0.15910470
0.16109811
0.04383864
0.01264241
0.14555853
0.00625930
0.03098875
0.01700315
0.14569406
0.09963388
0.09808476
0.12459644
0.15492275
0.11750812
0.14534641
0.13019283
0.15897738
0.12138816
0.09812312
0.16081981
0.06576898
0.15090137
0.15108734
0.14135747
0.12140841
0.15592782
0.16154481
0.14051318
0.08831525
0.00702005
0.15453409
0.15846423
0.02887278
0.04970450
0.03263166
0.09201284
0.07964646
0.14829848
0.04681952
0.16220577
0.15845299
0.13040209
0.06923982
0.13282262
0.10081285
0.03142088
0.00790569
0.15134197
0.00309263
0.14080929
0.16065962
0.04531606
0.15356785
0.15582614
0.15581656
0.09061397
0.16109785
0.05696250
0.15252049
0.02055983
0.08559564
0.02088565
0.05859727
0.15522125
0.00576964
0.15369464
0.14202652
0.11302086
0.10869473
0.15811759
0.16079171
0.04143030
0.16097733
0.15854042
0.03097866
0.04079104
0.16030006
0.06896227
0.14025666
0.15674148
0.12443467
0.12599714
0.00080207
0.00354318
0.05729525
0.00136193
0.03266085
0.05025489
0.14027336
0.13799605
0.00684913
0.15975507
0.01993618
0.10911001
0.06365127
0.07249690
0.01629450
0.00464628
0.15640143
0.08331140
0.14596710
0.00242112
0.07560140
0.04432736
0.10987023
0.11033741
0.09026432
0.01974628
0.11447551
0.15234633
0.04080661
0.00192093
0.02003080
0.12279591
0.16062581
0.12820315
0.00324024
0.00425638
0.13975169
0.15874584
0.14903639
0.15992928
0.09629573
0.15032281
0.02423097
0.00782128
0.02097297
0.12424825
0.03580263
0.09768519
0.04776219
0.05649193
0.01577600
0.04193307
0.02215802
0.15747308
0.10238343
0.15738754
0.14504614
0.12144711
0.07490454
0.15237221
0.11926238
0.14795653
0.05752091
0.08809090
0.15191920
0.14685335
0.08054048
0.16076610
0.15942462
0.00273609
0.11652988
0.02269578
0.16070809
0.15767486
0.03391988
0.00794726
0.13065565
0.14415365
0.12593643
0.14021416
0.00302251
0.05195605
0.16128631
0.11025970
0.11446162
0.15568543
0.13165730
0.01230320
0.00172853
0.04349200
0.00815211
0.11541318
0.01231622
0.14370618
0.04802864
