# NTRAJ	1000
0.13011113
0.00259319
0.09272769
0.12358496
0.13836895
0.13505552
0.09925594
0.08485083
0.13116074
0.20162908
0.05136784
0.00104897
0.11887170
0.17234840
0.10503384
0.03821324
0.04335164
0.13322344
0.09289746
0.16327064
0.06506325
0.16049374
0.03346417
0.12538491
0.17870001
0.12850337
0.02275475
0.00123468
0.17390680
0.12580691
0.00651879
0.06875068
0.09085926
0.03186208
0.20097481
0.00000590
0.00890107
0.00091117
0.10542200
0.07430369
0.13529174
0.00445550
0.20502636
0.10771394
0.03360082
0.02008936
0.10040596
0.01301921
0.00064994
0.12758142
0.08768465
0.09518850
0.01490684
0.06621483
0.04577927
0.16890929
0.19059923
0.07463207
0.13252558
0.12089303
0.09092210
0.03954910
0.03137753
0.11303112
0.10108123
0.10546415
0.01003126
0.16723927
0.12461107
0.00530107
0.10426813
0.12984031
0.10018651
0.01887750
0.09632325
0.05761973
0.02427712
0.10447948
0.09506108
0.03592740
0.06184645
0.05525608
0.12020741
0.00263187
0.14502207
0.01677421
0.13773725
0.03650749
0.12818699
0.17951255
0.12069491
0.10013735
0.12776986
0.00528211
0.14560724
0.08245027
0.06122795
0.12526689
0.07134684
0.01512081
0.08185229
0.11328390
0.06967934
0.12866920
0.04555176
0.02642808
0.00811394
0.20521082
0.09746946
0.00267577
0.17580227
0.11805258
0.12468147
0.12032807
0.02322055
0.03292241
0.00780055
0.14879841
0.05985752
0.19686782
0.12753370
0.01930068
0.02546982
0.00851845
0.12575963
0.20447445
0.09627145
0.09495722
0.16557150
0.03573593
0.05032919
0.08559963
0.00153991
0.19484197
0.12731140
0.00493526
0.13418010
0.08597495
0.10232677
0.15078197
0.15596807
0.03060627
0.17620479
0.06519370
0.03761241
0.04678014
0.04029185
0.00425434
0.12425468
0.20919135
0.01005985
0.01844274
0.01556940
0.00430610
0.09261579
0.18151795
0.07339933
0.11046576
0.08733975
0.06433351
0.19850658
0.11981980
0.18778621
0.18428837
0.18783872
0.19595943
0.07902233
0.01063712
0.01959776
0.00592358
0.00344686
0.09383087
0.10862150
0.07356945
0.12266012
0.03702410
0.08922601
0.10651858
0.01629818
0.08512619
0.09275294
0.00170657
0.06717202
0.19579281
0.13465909
0.00020706
0.01634208
0.05409776
0.06895140
0.08357734
0.03539986
0.00001675
0.01094932
0.06668010
0.05357399
0.13256333
0.00136365
0.01978415
0.04957788
0.09148693
0.11428610
0.01791491
0.00301723
0.10091013
0.06146246
0.12449035
0.01696447
0.18701737
0.13402735
0.09152995
0.12831311
0.13455479
0.05295214
0.01320617
0.04826361
0.07616690
0.01970391
0.19304841
0.03142010
0.00389873
0.12444373
0.19929542
0.07487898
0.04364522
0.04197672
0.03064111
0.04411585
0.04364594
0.07376363
0.04161657
0.08935905
0.13381287
0.02271556
0.00018968
0.09267601
0.00025277
0.19306527
0.01808894
0.02208036
0.09264321
0.10454689
0.13771790
0.17212917
0.08924545
0.07667139
0.14098847
0.14165426
0.10671659
0.14080790
0.13401478
0.16197491
0.06480083
0.08878237
0.01410203
0.04185877
0.00882665
0.11498701
0.11338959
0.10205457
0.00667945
0.00723358
0.13663643
0.08911093
0.06515196
0.10183703
0.01059582
0.10387818
0.18966957
0.12148700
0.13115464
0.00172475
0.18286445
0.05564360
0.06915481
0.02822677
0.12734152
0.12239250
0.01916843
0.15911687
0.12004558
0.10718218
0.19438988
0.07927251
0.12011236
0.03288184
0.01870394
0.05639479
0.19238594
0.01651409
0.06166867
0.02292425
0.04665113
0.00451519
0.12923062
0.05727115
0.13398728
0.19314120
0.04825225
0.13750987
0.09880875
0.00142171
0.14047517
0.13150810
0.11118930
0.01734944
0.12141015
0.09627729
0.20051581
0.12839243
0.00363136
0.15101900
0.05631001
0.20846150
0.10410775
0.09685551
0.17740123
0.06189888
0.00033490
0.05966346
0.03936015
0.13296579
0.17124004
0.01888163
0.06880516
0.01700676
0.09884606
0.21430010
0.02697322
0.06523200
0.01758535
0.01130320
0.13799214
0.15485271
0.01416913
0.10378738
0.08067498
0.04215762
0.11580381
0.09998356
0.04068388
0.08728014
0.00014605
0.02444067
0.11374311
0.02183765
0.13962908
0.02405161
0.02916581
0.00600399
0.15934947
0.08913359
0.06502230
0.00719185
0.19833705
0.00015264
0.03745878
0.14135642
0.00071362
0.13201842
0.16375802
0.10632046
0.05011527
0.12431477
0.12086280
0.08900626
0.07689890
0.00132517
0.15226699
0.16297865
0.10406703
0.11391520
0.20926466
0.07449303
0.14611658
0.00002647
0.12122675
0.05566732
0.18054017
0.03668856
0.19115548
0.19364514
0.14306058
0.06329173
0.17412736
0.00817199
0.18070700
0.05676553
0.13846667
0.17426282
0.01604903
0.00796934
0.17999252
0.00028765
0.16043505
0.19342180
0.01764935
0.00554087
0.13531182
0.04894322
0.11500489
0.00495708
0.01579428
0.13045171
0.11376566
0.01987368
0.17790572
0.07284286
0.10409617
0.14674943
0.00398698
0.13276112
0.18008391
0.02818512
0.01526599
0.11608952
0.00038060
0.10618135
0.16807774
0.11461070
0.08634042
0.07831738
0.11379030
0.14696330
0.20138979
0.12552595
0.18198601
0.00297008
0.12535377
0.06326020
0.11182018
0.07480329
0.12682042
0.00122945
0.11334418
0.01742458
0.19653376
0.02326953
0.00735412
0.13304503
0.19767175
0.09691114
0.02460099
0.19679317
0.06975717
0.13422378
0.00175708
0.16175324
0.05627248
0.08278476
0.06668666
0.05613848
0.09503541
0.13135310
0.01436336
0.12140464
0.11685429
0.00000006
0.20491943
0.04721671
0.11584233
0.13696129
0.13336582
0.00264106
0.04721665
0.17302023
0.10656469
0.19594755
0.03060595
0.05030157
0.01917048
0.14115719
0.14472947
0.05206625
0.05703639
0.17382782
0.17844457
0.10038391
0.03447299
0.00575897
0.02458620
0.06500987
0.01913977
0.12807942
0.01876602
0.05418582
0.09575404
0.08906966
0.00084725
0.00169967
0.04910151
0.02493293
0.19080932
0.00146840
0.07108458
0.09618864
0.09532310
0.00407604
0.18944236
0.01610261
0.04571983
0.18973753
0.15003533
0.00008944
0.07312676
0.10900750
0.12264991
0.14806044
0.17735802
0.07692762
0.11129864
0.03620458
0.09147076
0.01115854
0.17222580
0.07265683
0.04895314
0.04577400
0.18916016
0.11480562
0.17972861
0.05709711
0.04960756
0.04334853
0.01050075
0.20503921
0.08189915
0.12969186
0.00563602
0.19762976
0.03945111
0.13533681
0.20254775
0.08334462
0.18834331
0.13713776
0.09128738
0.08491765
0.03650346
0.17932985
0.01419448
0.16225834
0.02940266
0.11628835
0.00059310
0.04004854
0.12701554
0.06663849
0.03275685
0.14757750
0.04703508
0.15035693
0.11659606
0.07059317
0.18893260
0.04008993
0.09253106
0.11906518
0.11841277
0.13127332
0.01939295
0.03651208
0.10963271
0.01983756
0.13250238
0.19831064
0.13443920
0.00502987
0.10522385
0.18013544
0.06952841
0.06903359
0.08615140
0.09319412
0.11141382
0.00545887
0.00056322
0.11855062
0.13799816
0.11377109
0.10562104
0.07411100
0.00000005
0.07110576
0.09979445
0.04878755
0.04987478
0.08720917
0.13069125
0.00041707
0.13935572
0.11373655
0.03098028
0.00101540
0.00792980
0.18767865
0.08722273
0.04856072
0.16506410
0.10928850
0.06140932
0.02500338
0.03485426
0.09824510
0.14858654
0.13101776
0.03344006
0.14049439
0.09450310
0.20523348
0.07774026
0.05990823
0.17000201
0.11400376
0.13086965
0.01925609
0.06566247
0.11465295
0.08179320
0.16454425
0.10082397
0.01129255
0.02686564
0.14102537
0.00153426
0.01340814
0.16581294
0.10530970
0.10117370
0.06098964
0.09767598
0.05696693
0.08950872
0.13073910
0.02027557
0.09609362
0.00007890
0.08675282
0.04089044
0.13166552
0.19068194
0.11881360
0.09829515
0.11759563
0.13889966
0.19160279
0.00154296
0.16408324
0.06882491
0.09051898
0.08677789
0.09465493
0.04962038
0.07053643
0.06100332
0.17588757
0.16431494
0.00888218
0.00660230
0.10766468
0.17968634
0.03753244
0.06610787
0.04702823
0.00450143
0.00994288
0.17981125
0.09120790
0.00458485
0.12806446
0.02622400
0.00709556
0.09371730
0.17905692
0.05167397
0.13360176
0.09583445
0.12356900
0.18337100
0.14436032
0.03271863
0.06000880
0.07085370
0.03489905
0.03475408
0.02755897
0.10619925
0.04485602
0.17392271
0.04461426
0.00000036
0.18908353
0.05804505
0.10779340
0.07503200
0.04894102
0.01933457
0.13592271
0.00699891
0.07120484
0.00601640
0.02186216
0.02191781
0.17495802
0.00504111
0.07248876
0.04720626
0.02345895
0.11146199
0.19142585
0.00629582
0.07426644
0.02516152
0.08431096
0.02785844
0.12876560
0.11224662
0.13056392
0.15652972
0.07926072
0.08121121
0.05304381
0.00008368
0.13161430
0.03363182
0.07670935
0.00149326
0.10118021
0.08294578
0.06256421
0.10366976
0.09325065
0.18500552
0.01968652
0.00211104
0.12733333
0.01879838
0.13115174
0.12748222
0.21289049
0.09698930
0.00225580
0.02280225
0.02114846
0.07960140
0.01035025
0.13271374
0.08567413
0.12893800
0.07981465
0.16301377
0.03186608
0.13296285
0.06798474
0.18015025
0.01945911
0.02104797
0.01180751
0.11719862
0.12241991
0.14565957
0.10174488
0.05008590
0.16707468
0.08885977
0.00024006
0.16487041
0.02148592
0.07973398
0.14619920
0.00505853
0.12648876
0.20260731
0.05293805
0.00105433
0.18991081
0.14074036
0.00063890
0.17239152
0.12751043
0.00234722
0.05765603
0.13330402
0.18848073
0.02705990
0.00201672
0.00055296
0.03748242
0.09886302
0.03269478
0.06386426
0.15519824
0.12581675
0.11307866
0.11888133
0.17063744
0.08100047
0.02324688
0.02666335
0.09055538
0.04065390
0.12010690
0.08549946
0.12804031
0.14957867
0.05914154
0.20152802
0.11637251
0.01910037
0.07409953
0.12217381
0.08568682
0.13717857
0.10412783
0.02218980
0.11189121
0.16976052
0.04836694
0.19973786
0.01595811
0.20674950
0.04899795
0.00155833
0.01511854
0.00388599
0.20712297
0.18337465
0.01245033
0.20752053
0.15640924
0.10140620
0.10982034
0.01483449
0.20093756
0.12208799
0.08831728
0.09310874
0.17976557
0.00376394
0.09342315
0.11530312
0.15506976
0.09096168
0.18258894
0.02655280
0.04949975
0.16621846
0.00087803
0.04280417
0.02492415
0.01265416
0.11725423
0.11419317
0.08651807
0.15431432
0.12379355
0.17920597
0.00379949
0.08321641
0.01504776
0.15281824
0.14290620
0.15996547
0.13943760
0.12708347
0.17578622
0.19305509
0.03254555
0.04799166
0.00173780
0.10690239
0.19245220
0.04691617
0.02430621
0.05495457
0.19782000
0.08333678
0.19397634
0.01641897
0.12392358
0.11186600
0.16909157
0.08836879
0.02567026
0.10026043
0.18629266
0.00091028
0.09704440
0.01391483
0.10013760
0.00160418
0.01960231
0.10715914
0.02833433
0.00334233
0.07161973
0.03104469
0.11219526
0.04550123
0.14541388
0.06056959
0.17137177
0.02031990
0.14765768
0.07896515
0.03535368
0.13184561
0.18158280
0.11333191
0.07980297
0.07852794
0.12498061
0.01700724
0.17262294
0.06238743
0.06018861
0.11553057
0.13688364
0.16155117
0.16503126
0.18795492
0.13861192
0.04663369
0.07074138
0.04722005
0.04264387
0.13454146
0.14605923
0.00221209
0.04203787
0.18590406
0.00289363
0.03307300
0.02371152
0.02116484
0.05432042
0.13573856
0.12895809
0.02489292
0.10105277
0.10476945
0.13496991
0.12758817
0.07454974
0.14147966
0.06660894
0.13237477
0.00399749
0.12532284
0.17080903
0.00159280
0.19599596
0.00619463
0.15489108
0.09029388
0.07382798
0.08896764
0.12584119
0.04316152
0.09646048
0.00428174
0.00064918
0.10959008
0.03658096
0.02672454
0.00015759
0.14330478
0.09557113
0.06014912
0.06846754
0.13148539
0.06452192
0.00340536
0.02809830
0.09020643
0.15041070
0.04115469
0.05627874
0.05521819
0.04702699
0.13535644
0.00247563
0.06588880
0.09666134
0.04395471
0.01533688
0.06804930
0.19338755
0.14046806
0.10912999
0.05174435
0.04059550
0.17218647
0.09541461
0.11065500
0.10892793
0.13905449
0.11705829
0.06961873
0.02214902
0.08534439
