# NTRAJ	1000
0.27656529
0.43233217
0.33380773
0.55313309
0.16124916
0.51556674
0.40727628
0.61042953
0.57179979
0.49187441
0.60598366
0.23522119
0.28158141
0.69411619
0.88981644
0.29870895
0.35490704
0.44355500
0.50909905
0.43392227
0.35343857
0.39036983
0.59341223
0.17740255
0.65662510
0.45897781
0.38275615
0.63812858
0.49169642
0.56199740
0.48113956
0.22392536
0.52219073
0.38794341
0.45038422
0.36037430
0.53107869
0.61063363
0.52167682
0.55775767
0.61514920
0.59820295
0.56447290
0.59083659
0.66349280
0.24704708
0.72261333
0.34759261
0.22843268
0.53847721
0.30191211
0.35542846
0.24792826
0.66580840
0.60172809
0.36391428
0.42095191
0.37851383
0.51336500
0.72770316
0.38298130
0.43351431
0.42451380
0.56700589
0.33373790
0.54455730
0.12761559
0.48021724
0.34991897
0.39258231
0.37890472
0.72845190
0.55500546
0.13937879
0.43612626
0.46403177
0.19541854
0.48388662
0.71522766
0.34701219
0.54818437
0.23858109
0.38157140
0.33579645
0.32524630
0.63330708
0.29351785
0.58511874
0.62519750
0.64202213
0.65531766
0.45939473
0.35365493
0.54840911
0.22805045
0.81490398
0.36757503
0.74605177
0.24462185
0.21544974
0.50102684
0.50293025
0.30894707
0.38867674
0.14644813
0.30909378
0.25579128
0.46604132
0.46508203
0.72375895
0.74585633
0.57828217
0.81039812
0.19610241
0.60739799
0.20920281
0.43689045
0.19017720
0.71258503
0.62727014
0.32033056
0.54072371
0.36983778
0.27907348
0.37614510
0.35535298
0.21867444
0.38750271
0.77380357
0.48621704
0.46698283
0.43245439
0.59292092
0.22091357
0.36908054
0.30563608
0.69211735
0.21463707
0.65791691
0.39164186
0.49455353
0.51658753
0.27415534
0.56987402
0.29580089
0.19292391
0.47621005
0.41723932
0.64600363
0.43807811
0.60342209
0.27679467
0.29054339
0.25298758
0.60786838
0.35475904
0.49414232
0.50201252
0.53484291
0.77536438
0.68966218
0.46307260
0.49380810
0.51092396
0.35390382
0.29875522
0.39172638
0.29635500
0.61159823
0.25376679
0.63479856
0.58211394
0.43307033
0.43511478
0.52490394
0.33620450
0.81294960
0.68269403
0.45688916
0.78780096
0.34966283
0.17077684
0.53187903
0.65777802
0.29351281
0.60322937
0.61772978
0.80889540
0.44960380
0.36576261
0.47544157
0.46305565
0.62329936
0.20715273
0.33685645
0.62377590
0.53847462
0.56506999
0.46281030
0.69787605
0.22070218
0.71744745
0.22095462
0.50297970
0.34960083
0.17723415
0.21000127
0.26894217
0.38847946
0.50707585
0.49686652
0.47453236
0.63999417
0.55595304
0.30167023
0.46674746
0.32811558
0.60177818
0.24886515
0.65851862
0.77743653
0.37327090
0.61713365
0.31281579
0.58105938
0.15805949
0.43621618
0.36813045
0.38332729
0.34558774
0.22603343
0.14006964
0.70081658
0.63874832
0.44109152
0.67347467
0.68552631
0.50425964
0.65714445
0.31769150
0.34711677
0.28966537
0.71850570
0.21199504
0.32409387
0.31734705
0.48022544
0.30549971
0.27481489
0.49161359
0.50255985
0.49590175
0.61311135
0.51516736
0.58002531
0.77120226
0.49018137
0.34594199
0.70691981
0.46076281
0.55652314
0.31679865
0.19273530
0.27367660
0.68097114
0.32294969
0.28577448
0.59295331
0.63693069
0.27715965
0.83720651
0.72444499
0.45620965
0.49804744
0.69683350
0.32092458
0.35342639
0.52996368
0.69207782
0.31537592
0.38597160
0.19148118
0.51617192
0.24876833
0.29815587
0.44370889
0.24418320
0.29739933
0.73322247
0.73932688
0.43246013
0.49847650
0.70378326
0.62508231
0.60487289
0.20430503
0.29158538
0.59783452
0.36885156
0.36900307
0.72151805
0.36273014
0.70062953
0.41961542
0.32297774
0.49585004
0.77176824
0.77725644
0.39759999
0.46452701
0.61699779
0.64664464
0.73137377
0.23251330
0.46443574
0.28000195
0.55177844
0.26386169
0.68778831
0.57367043
0.69087520
0.53003068
0.52454738
0.58836000
0.50173279
0.35943649
0.29662448
0.31640645
0.51883597
0.42382115
0.36117491
0.44377815
0.35254097
0.49899210
0.45361078
0.62259463
0.47911429
0.64754385
0.49414237
0.19824395
0.59552325
0.42900098
0.49069182
0.81582801
0.14563947
0.45257910
0.64568040
0.19366242
0.22450347
0.49674002
0.40210729
0.36416212
0.69901380
0.62644912
0.33995786
0.83975255
0.67257698
0.58067214
0.37868307
0.47277510
0.43995500
0.33328030
0.50279989
0.48307366
0.31110098
0.33543434
0.76832586
0.65857431
0.27008197
0.34058686
0.70851354
0.78632342
0.42462174
0.20644433
0.50413607
0.73314121
0.24605895
0.71220911
0.37845742
0.55080625
0.29481750
0.84158031
0.22471272
0.65737977
0.39410293
0.31878297
0.37420293
0.22269613
0.26333814
0.56664045
0.61515649
0.62408934
0.35064898
0.30298788
0.44770498
0.45570806
0.40473837
0.42618871
0.31989499
0.58578546
0.32346420
0.42819092
0.17594435
0.23400838
0.39544574
0.61676022
0.27828067
0.32025666
0.57539531
0.44291062
0.60283550
0.52584434
0.30195756
0.59123499
0.78272521
0.20891078
0.67633307
0.41243932
0.43498416
0.39450361
0.36790669
0.61155511
0.58533976
0.51365798
0.26731943
0.39273466
0.68381705
0.22457717
0.53082889
0.13716028
0.43746752
0.33667963
0.66425378
0.39312170
0.14784410
0.80757237
0.25493129
0.59047644
0.75839546
0.30414430
0.34243826
0.51828993
0.57493319
0.68808808
0.34998065
0.70482989
0.53804448
0.76966927
0.20674363
0.56412011
0.45979967
0.58759951
0.57851956
0.41699525
0.79773393
0.34159908
0.25895102
0.50569305
0.21086673
0.43815898
0.61794410
0.55168979
0.36507293
0.75963517
0.10937357
0.14599740
0.57124136
0.78674161
0.60298940
0.27334460
0.64918302
0.55409946
0.41875280
0.71784172
0.26462409
0.63493397
0.34749677
0.25437604
0.26426944
0.59893337
0.50749824
0.21415101
0.55114945
0.45894173
0.34078960
0.50661667
0.59960143
0.44195332
0.47107608
0.31265542
0.30190708
0.69128686
0.50920917
0.25959087
0.50963867
0.85036718
0.50273487
0.65691844
0.58513692
0.67453412
0.44437635
0.41936934
0.66934093
0.35554696
0.48046502
0.70228943
0.48161112
0.65173752
0.39161911
0.16379729
0.52311486
0.56468526
0.85030154
0.68318259
0.50528967
0.70930968
0.28278815
0.27457807
0.65080660
0.42394676
0.30858926
0.16251775
0.65745437
0.46137528
0.35134969
0.26835727
0.13244678
0.57993762
0.18483225
0.63819553
0.36695405
0.34869655
0.60626763
0.27787306
0.43625387
0.37307746
0.42954606
0.21370657
0.62860651
0.55852122
0.27306229
0.79709644
0.51759697
0.22782655
0.18495234
0.70497059
0.46763650
0.59695622
0.23656729
0.30288456
0.17544349
0.41566440
0.60723152
0.35822961
0.50905804
0.35482561
0.26354534
0.17994686
0.45086345
0.17386367
0.70813285
0.23331139
0.63812995
0.55325135
0.44033577
0.33425081
0.59466424
0.29935359
0.42659383
0.33635344
0.44695249
0.45037871
0.65732477
0.20131755
0.76501474
0.75015210
0.54670759
0.61289040
0.39097534
0.61636605
0.54409201
0.63122603
0.69400280
0.44164501
0.41028984
0.27136474
0.32336471
0.28422026
0.57263743
0.26761115
0.67821587
0.66728352
0.47544600
0.35158269
0.36403639
0.54761429
0.28220484
0.37847925
0.56685935
0.76320458
0.36318181
0.65256241
0.39328865
0.37976715
0.74357666
0.41665084
0.35009395
0.53138260
0.44470297
0.26091721
0.57169117
0.45923352
0.27369798
0.50900782
0.45888370
0.27438366
0.70342896
0.70311300
0.45029944
0.70241316
0.59867328
0.50213402
0.21519999
0.50881946
0.14904417
0.59750380
0.35622067
0.65559017
0.59364229
0.76433831
0.57111757
0.32305953
0.31395997
0.30825783
0.53883613
0.27896469
0.50921730
0.22607029
0.37061370
0.65687372
0.47669710
0.23421817
0.46331884
0.67669416
0.58821310
0.67018076
0.41209546
0.32125206
0.60057616
0.86641117
0.26949258
0.41505700
0.51915415
0.28085203
0.50672089
0.36480610
0.43006858
0.58212715
0.45404454
0.63920059
0.54452376
0.38415929
0.26566924
0.20538110
0.39707910
0.72259838
0.84735830
0.37266648
0.55282103
0.66608720
0.49273041
0.40899361
0.57706194
0.38360404
0.48565554
0.48957008
0.61767001
0.49689864
0.23550543
0.73882403
0.26221611
0.31566402
0.36553450
0.39454770
0.21843277
0.31309511
0.47671166
0.18091743
0.30915501
0.58278232
0.56502767
0.18730388
0.49648878
0.33534558
0.21262156
0.37288586
0.57246037
0.44902404
0.59584456
0.36301416
0.67787792
0.67625552
0.46828021
0.52211722
0.69836060
0.53532095
0.30680748
0.62650881
0.62958380
0.46276665
0.22908630
0.75754676
0.23151056
0.77339884
0.66999280
0.33948932
0.72421819
0.56197561
0.71408973
0.45053304
0.83029065
0.27334682
0.42350540
0.68240237
0.29445691
0.45386569
0.56201739
0.36689902
0.34525654
0.35268607
0.24399728
0.35350526
0.33898120
0.59823280
0.47455006
0.49887977
0.52743592
0.56291372
0.84574786
0.48687306
0.24447596
0.54967607
0.47317963
0.19692953
0.62292529
0.33920681
0.54932632
0.40496903
0.44250859
0.19706413
0.42014861
0.47059110
0.72939818
0.38613982
0.26266860
0.45413391
0.64595089
0.32470576
0.47070607
0.28093094
0.15337166
0.28174959
0.52271711
0.44584605
0.55327708
0.28705540
0.69108557
0.41414726
0.40246218
0.41374248
0.65476075
0.54005231
0.64541910
0.31987969
0.34749965
0.32113685
0.63497152
0.57454864
0.38414067
0.63343256
0.19117327
0.73391097
0.42744228
0.50065690
0.36555394
0.38972479
0.73644478
0.27369209
0.18124877
0.69274295
0.65783956
0.56726231
0.60575919
0.32460143
0.30284282
0.44659026
0.64995240
0.45700285
0.30831937
0.64108641
0.29520964
0.39961475
0.55076362
0.68481648
0.77469369
0.50638094
0.33013166
0.73696981
0.37607646
0.41544138
0.40949925
0.30195643
0.50090693
0.19735404
0.55115864
0.60820980
0.38585653
0.23361124
0.62135157
0.52073234
0.63558253
0.36843789
0.51103819
0.68599055
0.63621515
0.22673012
0.61694670
0.56816326
0.70770137
0.16694941
0.10971620
0.18885041
0.16835706
0.24914168
0.79523810
0.65687842
0.50371748
0.62690100
0.63927046
0.25442231
0.27641788
0.16201885
0.28493515
0.22399804
0.76622865
0.53278394
0.56513905
0.31291974
0.55823672
0.58824700
0.71539212
0.27583700
0.35620601
0.49839801
0.32228707
0.44831782
0.48709232
0.45460790
0.67135680
0.55390504
0.46632607
0.35738071
0.22483847
0.66487335
0.24946698
0.46169681
0.43795687
0.44256393
0.38260057
0.56253881
0.48041503
0.50301192
0.68180324
0.36031824
0.36622694
0.70863625
0.31486435
0.18351911
0.34487557
0.35935084
0.31337054
0.33650539
0.60201818
0.64445097
0.54907239
0.32336642
0.21850036
0.66748670
0.43827114
0.41082841
0.41901622
0.56686613
0.76610275
0.53250711
0.43063611
0.42872587
0.31606665
0.20718396
0.29029320
0.77289203
0.56217341
0.29166381
0.34309981
0.48816410
0.75559853
0.29084939
0.53733968
0.29082087
0.22266381
0.29321262
0.45547284
0.67611915
0.57728773
0.76139168
0.34508870
0.51856172
0.59686273
0.62758008
0.39475714
0.35746011
0.31060860
0.50431250
0.48949279
0.17233291
0.56333646
0.32017079
0.40399630
0.20203348
0.45878981
0.70204308
0.49709346
0.37324502
0.34580081
0.45467208
0.58941579
0.79514154
0.55280332
0.50469774
0.59857000
0.58647417
0.51254258
0.44448377
0.44756541
0.57451594
0.22491072
0.34851390
0.19309725
0.35599837
0.46327196
0.33645265
0.74881534
0.20859727
0.41368408
0.44092019
0.38428605
0.79551347
0.41746416
0.38295005
0.74224351
0.75183738
0.53287872
0.32952978
0.28172673
0.44533086
0.20703790
0.67003004
0.24452053
0.54736824
0.45819828
0.85159477
0.55096052
0.22389335
0.24401884
0.64190379
0.43630262
0.33386778
0.27514274
0.30043612
0.59143011
0.24701076
0.51771097
0.61260190
0.43725611
0.19434590
0.34894095
0.25477218
0.71428114
0.52034903
0.11414423
0.59514434
0.23773238
0.25436673
0.17037396
0.69845340
0.57988147
0.67529554
0.51321572
0.59859146
0.49009263
0.26185585
