# NTRAJ	1000
0.00240253
0.00059649
0.02273699
0.00240253
0.00240253
0.01541453
0.00240253
0.00240253
0.00240253
0.00240253
0.00240253
0.00240253
0.00240253
0.00240253
0.00240253
0.00240253
0.00240253
0.00240253
0.00240253
0.00173672
0.00240253
0.00842531
0.00240253
0.00240253
0.00240253
0.00240253
0.00240253
0.00240253
0.00240253
0.02914884
0.02480909
0.02694726
0.00687393
0.00240253
0.00658031
0.00240253
0.00240253
0.00240253
0.00240253
0.00240253
0.02110984
0.01989689
0.03043437
0.00240253
0.01378332
0.00240253
0.00240253
0.00240253
0.00240253
0.00509391
0.00240253
0.00240253
0.00240253
0.00240253
0.00240253
0.00240253
0.00240253
0.00240253
0.00240253
0.00240253
0.00240253
0.00272571
0.00240253
0.01111176
0.00240253
0.02798788
0.00240253
0.00240253
0.00240253
0.00240253
0.00240253
0.00292394
0.01642831
0.00240253
0.00240253
0.02581919
0.00240253
0.00240253
0.00240253
0.00240253
0.00240253
0.01720547
0.00084462
0.00240253
0.00240253
0.00240253
0.00115981
0.00240253
0.00240253
0.00240253
0.00240253
0.00240253
0.00240253
0.00240253
0.00240253
0.01871186
0.00240253
0.00240253
0.00240253
0.02283412
0.00240253
0.00240253
0.00240253
0.00240253
0.00921809
0.00855531
0.02254319
0.00240253
0.00652226
0.00240253
0.00240253
0.00240253
0.00842531
0.00240253
0.00240253
0.00240253
0.00240253
0.00240253
0.00355694
0.00240253
0.00240253
0.00240253
0.00240253
0.00240253
0.00240253
0.02872472
0.00034538
0.00240253
0.00240253
0.00308715
0.00240253
0.00240253
0.00240253
0.00240253
0.02531228
0.00240253
0.00240253
0.00240253
0.00240253
0.00240253
0.00240253
0.00240253
0.00240253
0.00240253
0.00240253
0.00240253
0.00240253
0.00240253
0.00240253
0.00240253
0.00240253
0.00240253
0.00240253
0.00240253
0.00240253
0.00240253
0.00240253
0.00240253
0.00240253
0.03032650
0.00240253
0.00240253
0.01004120
0.00240253
0.00240253
0.00240253
0.00240253
0.00240253
0.00240253
0.00240253
0.00240253
0.00240253
0.00240253
0.00240253
0.00240253
0.00240253
0.00240253
0.00240253
0.00240253
0.00240253
0.00240253
0.03086722
0.00240253
0.00140578
0.00240253
0.00240253
0.00240253
0.00240253
0.00240253
0.00240253
0.00240253
0.00240253
0.00240253
0.00240253
0.00240253
0.00240253
0.00240253
0.00257178
0.00186522
0.00240253
0.00240253
0.00240253
0.00240253
0.00240253
0.01871186
0.00240253
0.00240253
0.00240253
0.00240253
0.00240253
0.00240253
0.00240253
0.00240253
0.01533123
0.00240253
0.00240253
0.00240253
0.00240253
0.00772579
0.00240253
0.00240253
0.00240253
0.00240253
0.00240253
0.00240253
0.00173672
0.00240253
0.00240253
0.00240253
0.00240253
0.01685831
0.00240253
0.00240253
0.00240253
0.01508239
0.00272571
0.00240253
0.00240253
0.02361677
0.00240253
0.01323007
0.00240253
0.00240253
0.02904261
0.00002688
0.00240253
0.00240253
0.00240253
0.00240253
0.00240253
0.00240253
0.00240253
0.00240253
0.00240253
0.00240253
0.00240253
0.00240253
0.00240253
0.00017147
0.02490943
0.00240253
0.00240253
0.00240253
0.00193109
0.00240253
0.00240253
0.02008170
0.00240253
0.00240253
0.00240253
0.00240253
0.00100840
0.00240253
0.00240253
0.00868616
0.00240253
0.00240253
0.00240253
0.00240253
0.00240253
0.00240253
0.00240253
0.00240253
0.00240253
0.00240253
0.00240253
0.00705280
0.00240253
0.00240253
0.00240253
0.00240253
0.00240253
0.00240253
0.00753959
0.00105775
0.00240253
0.00240253
0.00240253
0.00240253
0.00240253
0.00240253
0.00240253
0.00405703
0.00240253
0.00240253
0.02391280
0.00240253
0.00836063
0.00240253
0.00240253
0.00240253
0.00240253
0.00240253
0.02541337
0.00240253
0.00240253
0.00240253
0.02361677
0.00240253
0.00240253
0.00240253
0.00240253
0.00540954
0.00240253
0.00240253
0.00240253
0.00240253
0.00240253
0.00240253
0.01898281
0.00240253
0.00240253
0.00240253
0.00240253
0.01215173
0.00240253
0.00240253
0.00240253
0.00240253
0.00240253
0.00240253
0.00240253
0.00240253
0.00567904
0.00240253
0.00240253
0.00240253
0.00240253
0.00240253
0.00240253
0.00240253
0.00240253
0.00240253
0.00240253
0.00240253
0.01720547
0.00240253
0.00240253
0.00240253
0.00240253
0.00240253
0.00240253
0.00240253
0.00240253
0.00240253
0.00240253
0.00240253
0.00240253
0.00240253
0.01260923
0.00240253
0.00240253
0.00240253
0.00240253
0.00240253
0.00240253
0.00240253
0.00240253
0.00240253
0.00008371
0.00240253
0.00240253
0.00240253
0.00240253
0.00240253
0.00240253
0.00321224
0.00240253
0.00240253
0.00240253
0.02092144
0.00240253
0.00240253
0.00240253
0.00240253
0.00240253
0.00240253
0.00240253
0.00240253
0.00240253
0.00240253
0.00240253
0.00240253
0.02186985
0.02893651
0.00240253
0.02914884
0.00240253
0.00240253
0.00240253
0.00240253
0.00240253
0.00240253
0.00240253
0.00240253
0.00193109
0.00240253
0.00415117
0.01067805
0.00240253
0.00240253
0.00240253
0.00634949
0.01694483
0.00240253
0.00240253
0.00240253
0.00240253
0.00240253
0.00240253
0.00240253
0.00342579
0.00240253
0.00240253
0.00240253
0.00240253
0.00240253
0.00240253
0.00240253
0.00240253
0.00240253
0.00240253
0.01971274
0.00240253
0.00240253
0.00240253
0.00240253
0.00240253
0.00240253
0.00240253
0.00240253
0.00240253
0.00240253
0.00240253
0.00240253
0.01835295
0.00240253
0.00048810
0.00240253
0.00240253
0.00240253
0.00240253
0.00240253
0.00240253
0.00240253
0.01634285
0.00240253
0.00240253
0.00240253
0.00240253
0.00240253
0.00240253
0.00240253
0.00540954
0.00240253
0.02736180
0.00240253
0.00240253
0.00240253
0.00240253
0.00240253
0.02148856
0.00240253
0.00240253
0.00240253
0.00240253
0.00240253
0.00240253
0.02421020
0.00240253
0.00240253
0.00240253
0.03075881
0.00240253
0.00240253
0.00240253
0.02283412
0.00240253
0.00240253
0.00240253
0.00240253
0.01566555
0.00240253
0.00240253
0.00240253
0.00240253
0.00240253
0.00240253
0.00240253
0.02186985
0.00240253
0.00240253
0.00240253
0.00240253
0.00240253
0.00240253
0.00240253
0.00240253
0.00240253
0.00240253
0.01720547
0.00240253
0.00240253
0.00240253
0.00240253
0.01694483
0.00240253
0.00766350
0.00240253
0.00240253
0.02830283
0.00240253
0.00240253
0.00240253
0.01541453
0.00240253
0.00240253
0.00240253
0.00126635
0.00240253
0.00240253
0.00240253
0.00240253
0.00240253
0.00240253
0.00240253
0.01378332
0.00240253
0.00240253
0.00240253
0.01096638
0.00240253
0.00240253
0.00240253
0.00240253
0.00240253
0.00240253
0.00240253
0.00240253
0.00240253
0.00240253
0.00240253
0.00240253
0.00240253
0.00240253
0.00240253
0.00240253
0.00240253
0.02158365
0.00240253
0.00240253
0.00240253
0.00240253
0.00240253
0.00240253
0.00240253
0.00240253
0.00240253
0.00240253
0.01934644
0.00240253
0.00240253
0.00240253
0.00240253
0.00039029
0.00429421
0.00240253
0.00240253
0.00240253
0.00240253
0.00240253
0.00240253
0.00240253
0.00240253
0.00240253
0.00240253
0.00240253
0.00240253
0.00240253
0.00240253
0.00240253
0.00240253
0.00240253
0.00240253
0.00240253
0.00240253
0.00240253
0.00240253
0.00240253
0.00540954
0.00164319
0.00240253
0.00240253
0.00584353
0.00199803
0.00240253
0.00240253
0.00240253
0.00829617
0.00439080
0.00240253
0.00240253
0.00240253
0.00240253
0.00240253
0.00240253
0.00240253
0.00240253
0.00240253
0.00240253
0.00240253
0.00240253
0.00240253
0.00240253
0.00240253
0.00240253
0.00161255
0.00240253
0.00240253
0.00240253
0.00240253
0.00530339
0.00240253
0.00240253
0.00240253
0.00240253
0.00240253
0.00240253
0.00240253
0.00240253
0.02653502
0.00240253
0.00240253
0.00240253
0.00240253
0.00006986
0.00699295
0.00240253
0.00240253
0.01677195
0.00240253
0.00240253
0.00240253
0.00240253
0.00240253
0.00240253
0.02541337
0.00240253
0.00240253
0.00240253
0.00240253
0.00240253
0.00240253
0.00240253
0.00240253
0.00240253
0.00240253
0.00240253
0.01781972
0.00240253
0.00240253
0.00240253
0.00240253
0.00240253
0.00001926
0.00240253
0.00006986
0.00240253
0.00240253
0.00240253
0.00240253
0.00240253
0.00240253
0.02064006
0.00028967
0.00240253
0.00240253
0.00240253
0.00240253
0.00240253
0.00240253
0.00240253
0.00173672
0.00240253
0.00240253
0.00002291
0.00240253
0.00240253
0.00240253
0.00240253
0.00240253
0.00240253
0.00240253
0.00240253
0.00240253
0.01889233
0.00240253
0.00240253
0.00240253
0.00240253
0.00240253
0.00240253
0.00240253
0.02674085
0.00240253
0.00240253
0.00240253
0.00015147
0.00240253
0.00240253
0.00240253
0.00240253
0.00240253
0.00240253
0.00240253
0.00186522
0.00240253
0.00240253
0.00240253
0.00382599
0.00240253
0.00240253
0.01284060
0.00240253
0.00240253
0.00415117
0.00240253
0.00240253
0.00240253
0.00240253
0.00240253
0.00240253
0.00240253
0.00240253
0.00240253
0.01934644
0.00088999
0.00240253
0.01082181
0.00240253
0.00240253
0.00240253
0.02264001
0.00240253
0.00240253
0.00240253
0.00317029
0.00240253
0.00546298
0.00240253
0.00530339
0.00240253
0.00240253
0.00240253
0.00054098
0.00573364
0.00240253
0.00240253
0.02440923
0.00240253
0.00240253
0.00240253
0.00240253
0.00240253
0.01844242
0.00240253
0.00240253
0.00240253
0.00240253
0.00240253
0.00240253
0.00240253
0.00240253
0.00240253
0.00240253
0.00499059
0.00240253
0.00240253
0.00240253
0.00240253
0.00240253
0.00240253
0.00193109
0.00240253
0.00240253
0.02411092
0.00240253
0.00240253
0.02391280
0.00240253
0.01889233
0.00240253
0.00240253
0.00240253
0.00014192
0.00240253
0.00240253
0.00240253
0.00040585
0.02490943
0.00240253
0.00240253
0.00240253
0.00240253
0.00240253
0.00962589
0.00240253
0.00240253
0.00240253
0.02381397
0.00240253
0.00240253
0.00240253
0.00240253
0.02622736
0.00240253
0.00240253
0.00240253
0.00240253
0.00240253
0.00240253
0.00240253
0.00240253
0.00002688
0.00240253
0.00240253
0.00240253
0.00240253
0.00240253
0.00000144
0.00240253
0.00240253
0.00240253
0.00240253
0.00240253
0.00240253
0.00240253
0.00240253
0.00240253
0.00240253
0.00240253
0.00240253
0.00240253
0.00240253
0.00240253
0.00240253
0.00240253
0.00240253
0.00741656
0.00240253
0.01346604
0.00240253
0.00240253
0.00240253
0.02819771
0.02244653
0.00240253
0.00240253
0.00240253
0.00240253
0.00240253
0.00240253
0.00240253
0.00240253
0.02391280
0.00514592
0.00240253
0.00000575
0.00240253
0.00240253
0.00458687
0.00240253
0.00240253
0.00240253
0.00240253
0.00240253
0.00240253
0.00240253
0.00240253
0.00240253
0.00240253
0.00240253
0.03054238
0.00240253
0.00240253
0.00086716
0.00240253
0.00240253
0.00240253
0.00240253
0.00240253
0.00240253
0.00240253
0.00240253
0.00240253
0.00240253
0.00240253
0.00240253
0.00240253
0.00240253
0.02500992
0.00240253
0.00240253
0.00240253
0.00240253
0.00240253
0.00612232
0.00240253
0.01677195
0.00021512
0.00240253
0.00240253
0.00240253
0.00240253
0.00240253
0.00240253
0.00396388
0.00240253
0.01215173
0.00240253
0.00240253
0.00240253
0.00240253
0.00240253
0.01677195
0.00240253
0.00240253
0.02450897
0.00240253
0.00240253
0.00240253
0.03086722
0.00240253
0.00240253
0.00240253
0.00240253
0.00118603
0.00240253
0.00240253
0.00240253
0.00240253
0.00240253
0.00240253
0.00717316
0.00240253
0.00240253
0.00240253
0.00240253
0.00240253
0.00240253
0.00240253
0.00240253
0.00551664
0.00240253
0.00240253
0.01207616
0.00240253
0.00240253
0.00240253
0.00240253
0.00240253
0.00240253
0.00240253
0.00240253
0.00240253
0.00240253
0.00240253
0.01450820
0.00240253
0.00240253
0.00240253
0.00240253
0.00240253
0.00240253
0.00240253
0.00240253
0.00240253
0.00240253
0.00240253
0.00240253
