# NTRAJ	1000
0.09190764
0.11505361
0.11054719
0.14138953
0.04149095
0.00008107
0.11468029
0.03513706
0.14708688
0.19470028
0.00565361
0.00455814
0.03313503
0.11418212
0.13135752
0.02172800
0.06881854
0.15228851
0.07388222
0.11535976
0.03220104
0.15789443
0.10472068
0.09992363
0.11727418
0.14538046
0.05333662
0.00441441
0.14694657
0.12019358
0.00433318
0.11175372
0.01686449
0.06781259
0.19911823
0.01055858
0.04469693
0.01575921
0.02783135
0.05647747
0.15212793
0.01887283
0.19667888
0.10012444
0.07160233
0.02975150
0.09174432
0.02057188
0.03394983
0.08423103
0.08055970
0.10411197
0.01556864
0.07568899
0.09679240
0.16009477
0.14512492
0.05051350
0.16587568
0.12203578
0.12793667
0.05645517
0.00125568
0.13442948
0.11944913
0.02263746
0.09136979
0.13540270
0.14401536
0.03422575
0.10643714
0.14782059
0.08210088
0.01159049
0.08518211
0.08539773
0.00314104
0.00104377
0.14747221
0.06482329
0.14749173
0.11691030
0.09552886
0.06527183
0.14917946
0.03561959
0.14760180
0.03598120
0.12122149
0.15658927
0.14253309
0.07653947
0.14740267
0.00504916
0.01602775
0.08174405
0.14145765
0.13251379
0.10895939
0.01079520
0.12336507
0.06287685
0.09720261
0.13163497
0.04856802
0.03731272
0.06297222
0.19875413
0.14727432
0.05550239
0.15676630
0.16250664
0.08867635
0.01347492
0.00866849
0.00083191
0.02823627
0.08477088
0.04482008
0.19798733
0.14343712
0.00849764
0.00161790
0.00624335
0.15190071
0.19560972
0.02434013
0.00324277
0.08566156
0.05512518
0.07636329
0.12058524
0.00411466
0.19489113
0.14246186
0.01700178
0.13029861
0.02824962
0.06048337
0.15325868
0.12567415
0.00102639
0.15504947
0.02919228
0.03358957
0.01263036
0.01283452
0.09849145
0.14419799
0.20192124
0.00080618
0.01908799
0.01450085
0.00004847
0.14219507
0.19335689
0.04059381
0.06101093
0.11965581
0.00871534
0.17854326
0.15106122
0.18654877
0.15389802
0.16416975
0.19625058
0.01772078
0.05813710
0.04106107
0.08868673
0.00031881
0.09882821
0.08408787
0.00355101
0.04712617
0.02676182
0.00978736
0.07555691
0.00106499
0.07989137
0.09910480
0.03623514
0.06275919
0.19310811
0.05935707
0.05295005
0.01522156
0.06300955
0.09662256
0.03511308
0.03481341
0.01531796
0.10765384
0.14968334
0.00688465
0.09156475
0.00070064
0.05452151
0.09611832
0.10219222
0.04663005
0.00005170
0.00048599
0.11008047
0.04546707
0.08415870
0.07423548
0.14398283
0.12047467
0.04696072
0.14613018
0.06991601
0.02856275
0.04367665
0.06274611
0.03835688
0.10228086
0.14438502
0.02055050
0.02201706
0.04448237
0.18903093
0.00216446
0.09669651
0.09609431
0.03116757
0.02529487
0.11256503
0.03551989
0.08332789
0.04479357
0.11741503
0.00724309
0.00967823
0.13960285
0.01688390
0.18285684
0.00002144
0.03222728
0.08705173
0.10446940
0.13644352
0.19524929
0.03402749
0.00166645
0.14774080
0.07079298
0.08863061
0.09050674
0.10582726
0.06966404
0.09096632
0.09236727
0.00019084
0.09000195
0.00018513
0.11944132
0.12222703
0.10078162
0.10426786
0.00041509
0.14338956
0.04515393
0.05878283
0.05827130
0.01177809
0.04541643
0.19219305
0.09361520
0.13886446
0.00455398
0.18247447
0.01326725
0.00642122
0.02217415
0.14590401
0.00260036
0.05602728
0.12729473
0.12295741
0.12518440
0.18877189
0.10404604
0.14382496
0.05304138
0.00679936
0.08933461
0.18589154
0.03468965
0.14284876
0.00066941
0.00752237
0.00470585
0.10429450
0.00292432
0.12028358
0.17989387
0.08320561
0.08810400
0.16889539
0.07298433
0.05633931
0.07661117
0.13072407
0.00000584
0.12679114
0.03462106
0.20402609
0.17640510
0.02352307
0.12140065
0.02789898
0.19811664
0.11366571
0.00025441
0.15882523
0.05241641
0.01826979
0.08273273
0.03860506
0.15307592
0.12992115
0.02825624
0.01731164
0.02983189
0.09198902
0.21235098
0.07807688
0.06771207
0.00094334
0.04168501
0.11078736
0.16593545
0.04356690
0.09843835
0.07856554
0.04253761
0.04844543
0.12315962
0.06623049
0.03193077
0.00018761
0.00827076
0.11004784
0.00034703
0.12618103
0.09868880
0.02241433
0.04038786
0.13973436
0.05173460
0.06352891
0.11452007
0.19201323
0.00873222
0.00171916
0.12895323
0.01102147
0.13865732
0.14350649
0.01197022
0.12373391
0.02388955
0.09328149
0.08425932
0.03857956
0.02705535
0.15634661
0.16716701
0.00589524
0.09270575
0.20556791
0.07168557
0.11776766
0.06079337
0.13323896
0.05115967
0.16450803
0.04270997
0.16014189
0.17946263
0.15585182
0.03881352
0.15943551
0.04093141
0.17491770
0.13499495
0.13664349
0.13359155
0.04683566
0.01108916
0.11511443
0.07008751
0.10973903
0.19606153
0.02233524
0.02562190
0.14927124
0.07094980
0.14721967
0.06065919
0.03943802
0.14240380
0.09172178
0.00055231
0.14120862
0.11238014
0.13441157
0.01305577
0.01204672
0.15230782
0.10792002
0.00676214
0.11748804
0.07387667
0.00631747
0.12941756
0.16192880
0.14810354
0.00370194
0.13038582
0.08896205
0.14235745
0.18935931
0.13053255
0.14446710
0.02037031
0.13829608
0.00021209
0.05035854
0.03692766
0.09961336
0.00008013
0.11010926
0.08886414
0.18599674
0.03800733
0.00286677
0.12265314
0.19744354
0.04287486
0.03571788
0.20903105
0.13670137
0.13100739
0.07572671
0.16881011
0.11001915
0.12349783
0.05332434
0.00679320
0.05893813
0.14790051
0.02058698
0.04963899
0.09602794
0.04956258
0.19474070
0.00252249
0.14438292
0.02592751
0.13196317
0.04982341
0.07132057
0.20098938
0.14194984
0.19253228
0.10156571
0.05163204
0.01787908
0.08613409
0.10598079
0.02207624
0.13878502
0.13310862
0.15975438
0.00297226
0.00323344
0.09381262
0.00024545
0.08292118
0.05479289
0.10515632
0.03116161
0.00579266
0.02572157
0.12835006
0.05123455
0.02773657
0.10424817
0.04161934
0.19650468
0.02195862
0.05332443
0.05549481
0.07397860
0.00674566
0.18589568
0.02235718
0.17479667
0.18659629
0.18249226
0.06132982
0.03727211
0.05540657
0.14001136
0.12220742
0.13279446
0.06675806
0.11580774
0.01707205
0.11701065
0.00742001
0.18120446
0.05153577
0.09074109
0.00314003
0.15895534
0.11324366
0.15920062
0.07461290
0.14692065
0.08809224
0.09055434
0.20190209
0.02653675
0.09662981
0.08044693
0.20256453
0.05718555
0.15424925
0.19229356
0.05836843
0.17470471
0.08006490
0.12053909
0.12596763
0.04356704
0.07928858
0.02574403
0.13960621
0.10826434
0.17636254
0.04069914
0.03063558
0.11670417
0.02290479
0.04445026
0.05984085
0.00368776
0.12480104
0.13597431
0.08411922
0.18879189
0.00454630
0.08951885
0.13316613
0.11346081
0.08584796
0.10530530
0.10098461
0.10949561
0.05400417
0.12013556
0.19348528
0.17008083
0.00067695
0.10259428
0.18160857
0.08039155
0.11300386
0.07541544
0.13918919
0.12990315
0.04560904
0.00413344
0.02287121
0.14861773
0.11895051
0.08527288
0.12880676
0.00576361
0.13594714
0.10943769
0.02199272
0.12415818
0.12325808
0.11829518
0.03789106
0.16044004
0.14571935
0.04072261
0.01026559
0.01657356
0.18481265
0.06844271
0.14294223
0.09871373
0.10370791
0.01317505
0.07160769
0.10737386
0.12644846
0.10632543
0.15170521
0.03390488
0.15364563
0.07972889
0.19795357
0.05917420
0.02415618
0.14331618
0.09783455
0.13519946
0.02112559
0.00711093
0.08024582
0.10414185
0.11316689
0.07584909
0.00028498
0.00016545
0.15929653
0.08113264
0.02238151
0.12689158
0.09939228
0.04298936
0.09437248
0.13859979
0.00331097
0.10200034
0.15108665
0.01956428
0.14672738
0.07930965
0.07401300
0.16232800
0.09897960
0.18769440
0.13534565
0.02533908
0.06476824
0.15134857
0.17371805
0.01996188
0.10906343
0.04164746
0.12367932
0.09880988
0.16451543
0.00551374
0.08439396
0.01328155
0.12000705
0.17450624
0.00216983
0.00001240
0.18357348
0.17970309
0.05274215
0.01130177
0.00955283
0.00006510
0.00581927
0.18861196
0.04306959
0.00568324
0.09361771
0.07397283
0.06980993
0.11733763
0.16664166
0.04394570
0.12320902
0.09730355
0.16093549
0.19269964
0.15451109
0.12181851
0.00068122
0.01899106
0.07350519
0.07935483
0.00971618
0.11847980
0.03309530
0.18666439
0.01012078
0.00882941
0.20018448
0.03372576
0.10897209
0.11028050
0.03704521
0.07010638
0.09199427
0.03180600
0.11291578
0.05358122
0.05149455
0.07512338
0.17458469
0.00176410
0.07261936
0.08908579
0.08084788
0.14147091
0.15317735
0.02712443
0.01703691
0.00040054
0.11043445
0.09292606
0.09639468
0.12340373
0.02778681
0.15918984
0.10945715
0.09424787
0.09331473
0.01453369
0.13038838
0.00603035
0.05659138
0.01139562
0.08558851
0.11046379
0.05180493
0.00301512
0.07788758
0.17256132
0.05268750
0.00439622
0.14965318
0.08940055
0.14400690
0.14229933
0.20905917
0.11569541
0.05223136
0.10731401
0.05005826
0.09841788
0.10642105
0.14071998
0.08303105
0.14010190
0.03794514
0.17394656
0.01756473
0.04533944
0.05832457
0.14375909
0.02289355
0.03237095
0.04751550
0.07660007
0.09724406
0.05711040
0.10737629
0.03651169
0.05525673
0.13380042
0.01633282
0.16030655
0.10460202
0.02447960
0.09921561
0.07473608
0.16665149
0.19390134
0.10759414
0.00047659
0.17482527
0.14760494
0.01189322
0.14590802
0.13980613
0.00146743
0.04200167
0.12516964
0.19316512
0.00341030
0.00415520
0.05712646
0.02225546
0.00020482
0.04566160
0.09300426
0.08982725
0.12078593
0.13076378
0.11856345
0.14838870
0.13431994
0.07597906
0.08364637
0.00018282
0.06546088
0.07749945
0.11301920
0.11595196
0.18443583
0.06243832
0.20052233
0.13652260
0.00027853
0.02278913
0.03405995
0.06994085
0.02655502
0.06023498
0.09430201
0.10083284
0.15460485
0.01361063
0.19710564
0.03300542
0.19903621
0.01691238
0.00222256
0.00114281
0.04378257
0.20130404
0.13366541
0.03366484
0.20915064
0.07268275
0.00053933
0.00232801
0.04623594
0.18272625
0.07836359
0.09505961
0.06516232
0.15594119
0.02390287
0.16642417
0.15627104
0.07182033
0.12907938
0.14610759
0.04170483
0.04014093
0.16606135
0.00000141
0.03433722
0.04544901
0.03191172
0.02345045
0.15346616
0.07011561
0.09298947
0.08742604
0.16168989
0.10917076
0.04593308
0.00609932
0.09806692
0.16192653
0.16065311
0.12740731
0.00014286
0.18085153
0.20121253
0.12951040
0.02331531
0.03868382
0.13759419
0.16180117
0.10884078
0.07959896
0.08111250
0.18991653
0.15546806
0.20174932
0.00233667
0.00020330
0.11450042
0.16313117
0.10904518
0.03570993
0.00804236
0.18862045
0.00374349
0.09014299
0.00380072
0.09477696
0.05491111
0.00424250
0.10121625
0.00612542
0.00476585
0.07167798
0.05297498
0.17094060
0.06659279
0.14973475
0.12855507
0.17128035
0.00390902
0.12919446
0.04551922
0.01703549
0.16339222
0.18335534
0.13353410
0.11558112
0.00014088
0.13130181
0.00373613
0.12550179
0.00000151
0.07366736
0.12114632
0.06575288
0.14889216
0.15130835
0.14621761
0.15712661
0.03812416
0.08955132
0.09561595
0.01760096
0.14222766
0.14954966
0.07694080
0.03528609
0.16705431
0.03894583
0.13284321
0.00168901
0.11867571
0.10250358
0.14340723
0.15063631
0.04743793
0.02042504
0.00090034
0.12646910
0.14655614
0.07004618
0.10182905
0.06257135
0.06192663
0.01739461
0.11338838
0.17423310
0.09292747
0.19053245
0.02695001
0.12206580
0.09756361
0.00000805
0.07776587
0.14588371
0.14996413
0.13479512
0.07275459
0.00200808
0.01760206
0.14530936
0.07076418
0.02387821
0.16830766
0.14294726
0.05306119
0.09360188
0.13166825
0.03154963
0.01212336
0.04560228
0.13488317
0.18013312
0.02145875
0.06045881
0.10630381
0.02234517
0.14157410
0.00384584
0.06801281
0.05163730
0.04905122
0.08914871
0.09777111
0.18129561
0.02457976
0.07204482
0.00233853
0.02391266
0.16176846
0.09764121
0.13460200
0.11294085
0.12878205
0.12760640
0.07118993
0.04912435
0.01891589
