# NTRAJ	1000
0.03412168
0.00519072
0.09054036
0.07445428
0.04410549
0.13700682
0.03037001
0.11762064
0.17289551
0.05429724
0.14990493
0.08459493
0.04817337
0.17820119
0.18099816
0.04852759
0.16246770
0.08684699
0.03399151
0.09549215
0.15130861
0.13191468
0.16909443
0.09142472
0.14370880
0.13102196
0.09732826
0.15552858
0.14981557
0.08648408
0.12893638
0.01392204
0.13241166
0.03599632
0.16215950
0.01264222
0.03180519
0.12397048
0.08208949
0.09277072
0.10449668
0.13692352
0.16710952
0.16964291
0.13762203
0.00203636
0.15770497
0.07754251
0.06777780
0.15775116
0.02115682
0.11120588
0.08179394
0.15971988
0.14789437
0.10837020
0.13458593
0.10070952
0.09507426
0.11013283
0.07448113
0.03992256
0.10211210
0.17576821
0.09345724
0.06214957
0.06772797
0.15026767
0.05266617
0.09255792
0.09348756
0.14218332
0.04189090
0.13393105
0.11153555
0.10599590
0.08405689
0.13648667
0.16791003
0.02597797
0.15121630
0.10237673
0.07822137
0.08727238
0.08864222
0.07298749
0.03783926
0.09912824
0.06310166
0.12762882
0.14949158
0.02920131
0.03776339
0.10793543
0.12593148
0.16027466
0.08140326
0.14638554
0.02998056
0.03934050
0.16501959
0.11022515
0.04259517
0.10967227
0.03150164
0.09243089
0.07703866
0.07684617
0.09350125
0.15098554
0.07302570
0.07870842
0.16046168
0.01710954
0.17721157
0.04561939
0.13074260
0.14023441
0.13261769
0.15148858
0.12869026
0.06943627
0.13988987
0.10358393
0.10678180
0.06711552
0.05250035
0.11888805
0.06759686
0.12385249
0.15180623
0.10274865
0.18311923
0.09395829
0.11945997
0.14537423
0.09393068
0.03216684
0.10737525
0.11504982
0.03687772
0.01492292
0.05952235
0.10828592
0.07285324
0.07400289
0.10094194
0.15808780
0.13210965
0.17831504
0.14535788
0.06077480
0.07411731
0.03024482
0.05789132
0.07809160
0.12721324
0.09581405
0.15083724
0.15444649
0.10262087
0.10428575
0.07193610
0.11941624
0.05175385
0.03955296
0.06965872
0.14542852
0.12810835
0.09538932
0.15408433
0.10813287
0.07349936
0.03705972
0.17789411
0.08924483
0.14164162
0.15787982
0.08820313
0.16262855
0.03941212
0.01152886
0.09658454
0.14808141
0.04191665
0.11279125
0.06907050
0.17135506
0.13455283
0.04711821
0.07368793
0.08431056
0.10895667
0.03334351
0.07982504
0.10445796
0.13093750
0.10705111
0.00948084
0.02879103
0.03828077
0.14808273
0.06066842
0.13782718
0.03320277
0.07625432
0.03764630
0.10014800
0.15354030
0.14175148
0.06046110
0.11115460
0.05241000
0.11109517
0.13580637
0.07985094
0.11221727
0.14908798
0.08142883
0.15816228
0.15469744
0.04926772
0.13067084
0.09987632
0.15316218
0.10614392
0.06269585
0.04279021
0.05078681
0.02298221
0.14880487
0.14433303
0.16995405
0.11166198
0.15784403
0.11450845
0.06584580
0.14748072
0.14576302
0.03144132
0.06563232
0.04086127
0.16782351
0.02029636
0.11948712
0.19974790
0.10039456
0.06404904
0.08944602
0.03607550
0.05921811
0.01045793
0.08461790
0.06676902
0.06602504
0.16388731
0.06536916
0.06548140
0.16211638
0.10684990
0.09046991
0.06608826
0.05661713
0.15188283
0.09643883
0.07811246
0.04703719
0.13018291
0.05671720
0.02949438
0.17231859
0.13664710
0.06250807
0.12105123
0.18675969
0.14494925
0.07178076
0.08526543
0.14283493
0.12250207
0.07037638
0.06128554
0.09410476
0.04719176
0.12533217
0.10725491
0.09014347
0.14668024
0.19600922
0.14560414
0.08351187
0.02681975
0.13882608
0.09750172
0.09912117
0.09016116
0.09828772
0.10271641
0.10608508
0.06986028
0.18889396
0.07888620
0.11503005
0.07887295
0.05320961
0.09045207
0.12049741
0.11487712
0.05853030
0.06182307
0.14905689
0.20043998
0.15496135
0.11495626
0.14498608
0.05043419
0.14778714
0.00096262
0.14565002
0.14070082
0.13429775
0.11336008
0.04760300
0.04348246
0.13589497
0.12436674
0.10073164
0.13336249
0.10424872
0.06620680
0.06281477
0.06172972
0.09115624
0.04364795
0.14682253
0.08435529
0.02656005
0.13040667
0.12922406
0.09201279
0.11133010
0.04108324
0.08658019
0.19516776
0.00573530
0.09766098
0.14384554
0.10338618
0.02741468
0.01703283
0.11470282
0.10993303
0.07198953
0.15042471
0.02048446
0.17781467
0.13764987
0.14454540
0.08344317
0.10919710
0.12910874
0.03808285
0.10952891
0.08454533
0.09162762
0.11446008
0.15748574
0.07359959
0.02117046
0.03659795
0.14293362
0.17128361
0.11957556
0.01622948
0.15967636
0.12660815
0.11972579
0.19531185
0.07973675
0.09777256
0.04914724
0.17658092
0.05413361
0.16889387
0.11733617
0.02520542
0.10262503
0.15718781
0.02722039
0.09295257
0.18696236
0.16243076
0.01763202
0.00454447
0.05247437
0.10655501
0.10254146
0.14243833
0.08277424
0.14920191
0.02965924
0.02031850
0.04082300
0.00842506
0.08371241
0.09797783
0.07293030
0.06886294
0.09604586
0.06762851
0.10696419
0.08008211
0.09542604
0.08711810
0.18614652
0.05712766
0.17828820
0.17631130
0.05597695
0.06844828
0.13950275
0.10864310
0.09014352
0.12341354
0.07266371
0.04965259
0.10276909
0.07184092
0.02923492
0.08647067
0.08585639
0.09239600
0.13679256
0.15184423
0.06459704
0.16304302
0.08198984
0.16210952
0.16573139
0.08415506
0.11766054
0.00933602
0.15477854
0.12099038
0.01826186
0.14912763
0.16394150
0.17555177
0.06525668
0.11352740
0.09390889
0.11535018
0.03672266
0.08980473
0.14388972
0.14242348
0.04129246
0.02414882
0.15195688
0.11991140
0.16972844
0.14413192
0.07355664
0.14038048
0.08628304
0.08009994
0.12209439
0.16822862
0.12448105
0.06921147
0.15139561
0.09974273
0.11599050
0.15013932
0.01754999
0.13133850
0.11103418
0.04168741
0.05480267
0.10722134
0.12867990
0.14361803
0.07644926
0.03305871
0.01012785
0.08518457
0.11632374
0.08330695
0.16060705
0.05514223
0.10628828
0.09622871
0.13548440
0.11135700
0.07698024
0.12710074
0.02520081
0.13346154
0.05599834
0.08522586
0.09438679
0.15017827
0.17131475
0.08639826
0.02921796
0.13759281
0.02954257
0.17335684
0.09338011
0.08120037
0.09559426
0.08799126
0.17668926
0.15673038
0.06034109
0.17192339
0.13399346
0.03706526
0.17224386
0.11766352
0.02144968
0.05952399
0.10109806
0.03468869
0.14024277
0.03361058
0.12193599
0.12112497
0.01631780
0.18411559
0.07952795
0.00299054
0.16423961
0.07912179
0.17179549
0.02470998
0.06831152
0.07430368
0.10664083
0.13986951
0.11357537
0.14755291
0.12161990
0.14965478
0.02568367
0.11646439
0.13657345
0.16497237
0.03262916
0.13106533
0.08122786
0.12146762
0.20409823
0.12085821
0.04464667
0.11117065
0.02652113
0.08534610
0.04831531
0.06142849
0.13209489
0.02450004
0.16258737
0.10606408
0.07989883
0.02725887
0.13780904
0.05449167
0.05238869
0.11125889
0.16700734
0.15783953
0.09864485
0.07293004
0.16110515
0.16819111
0.18135193
0.15213912
0.11709932
0.14633575
0.07309090
0.10792073
0.15601864
0.09150050
0.11399302
0.06007486
0.04659145
0.00096491
0.19224743
0.02913903
0.07099353
0.12215452
0.10172072
0.08932133
0.01380265
0.12326950
0.11495751
0.09498594
0.13196655
0.13443982
0.14837682
0.13038234
0.07858648
0.14460443
0.12271200
0.10696298
0.05401732
0.10453301
0.18852223
0.03756194
0.15372603
0.11309706
0.09957824
0.04444093
0.13359963
0.14892569
0.16394033
0.13234368
0.00816618
0.10803866
0.09576154
0.18700784
0.02651970
0.05128608
0.12363773
0.16927302
0.03436130
0.14595463
0.11848175
0.18993034
0.09374117
0.10917758
0.00221490
0.07765857
0.09901983
0.06540203
0.02251890
0.10036313
0.14905820
0.10347968
0.14473588
0.07746478
0.06249497
0.05824075
0.14124283
0.07984109
0.11704946
0.07234732
0.15591345
0.15852851
0.02369012
0.02372155
0.03327971
0.07882290
0.13296576
0.10577462
0.07958868
0.10855151
0.06418947
0.17101079
0.17667908
0.14423401
0.06413738
0.07942793
0.06797969
0.11162513
0.18675797
0.05412155
0.04518448
0.11024001
0.12745371
0.09423713
0.09381281
0.02562764
0.08169107
0.08299369
0.05112351
0.09622689
0.13518746
0.09296269
0.05899117
0.02327392
0.01496162
0.05476813
0.09902542
0.05449585
0.10175350
0.07363473
0.11787626
0.12611934
0.09678181
0.04728534
0.11831115
0.03400276
0.03474358
0.11390277
0.03262057
0.06378224
0.06394574
0.16796284
0.13528909
0.00766200
0.10100421
0.05095900
0.05074556
0.07971134
0.13253720
0.11415241
0.14901359
0.08316321
0.10563252
0.15225040
0.10945931
0.13537177
0.17885413
0.08860500
0.16451560
0.05746860
0.15179006
0.13214243
0.15410996
0.13574158
0.13405904
0.08566307
0.09030029
0.14791063
0.09519746
0.09343704
0.15663615
0.14358328
0.07063409
0.10923206
0.08132872
0.11544704
0.11848708
0.12712840
0.13694969
0.16297332
0.19748668
0.07214959
0.04406869
0.14370162
0.13575741
0.07573903
0.13603800
0.03508372
0.08307427
0.08538653
0.05978227
0.10997917
0.15140087
0.10565198
0.11656366
0.07179672
0.09966001
0.08100574
0.13054895
0.12626493
0.15640247
0.11835670
0.11969198
0.14503400
0.10585485
0.06697091
0.02671580
0.01399657
0.12540931
0.07910634
0.03377735
0.14734141
0.14278025
0.15346530
0.09318460
0.11615879
0.04104021
0.15738812
0.11566165
0.08076358
0.06817300
0.13394021
0.04882826
0.14200929
0.03213263
0.06938807
0.10473631
0.06007394
0.15233449
0.14618886
0.05964212
0.13157627
0.14769395
0.11393246
0.07506053
0.09808272
0.09897200
0.05549685
0.13092424
0.04952806
0.01462216
0.09376203
0.06338826
0.09200683
0.09503073
0.14844471
0.18130554
0.02264378
0.01407287
0.08603033
0.00065942
0.08230496
0.13970609
0.11127464
0.11902690
0.03772048
0.16487311
0.15022129
0.16291347
0.12511000
0.12199769
0.08764563
0.13469531
0.00956520
0.09967117
0.08641070
0.10520527
0.10825626
0.17850488
0.02624767
0.10019672
0.14907041
0.07682826
0.07021837
0.00057974
0.04393851
0.12250051
0.13238687
0.12306303
0.13381618
0.17805516
0.14798426
0.04975890
0.02867350
0.06250359
0.06939073
0.14425803
0.10683617
0.11501437
0.02069996
0.11212080
0.14317407
0.14768800
0.07343674
0.08135767
0.08149960
0.04554412
0.02993123
0.06951774
0.08133692
0.11424839
0.12038321
0.10261963
0.14451312
0.08376332
0.15358249
0.06676557
0.08095718
0.13698826
0.15898495
0.10049960
0.13887447
0.14511037
0.09163893
0.11997222
0.02090077
0.01888741
0.06086759
0.11918025
0.10604078
0.05838391
0.04572520
0.02995364
0.07071003
0.09928423
0.14244705
0.16746852
0.01132560
0.15412306
0.14672057
0.06360855
0.10966433
0.06959124
0.13202007
0.08765931
0.07435544
0.14770378
0.04673598
0.02603094
0.10040854
0.07197749
0.11765859
0.06927890
0.02220390
0.07263083
0.12326102
0.18881173
0.01209663
0.08221731
0.12998554
0.07006623
0.08860868
0.12274258
0.16760617
0.12000385
0.16951607
0.05489118
0.09194637
0.12214953
0.08417045
0.05376433
0.02126930
0.04411051
0.08232177
0.12239271
0.04005783
0.12904941
0.13289896
0.09653565
0.09662401
0.11632802
0.10063101
0.11972407
0.08322532
0.11145538
0.07049018
0.03727849
0.14657982
0.07812152
0.07564756
0.10540078
0.10304495
0.14758022
0.09438528
0.16808944
0.05980238
0.04232935
0.09124748
0.01645387
0.05075444
0.12372346
0.15855458
0.09908496
0.11590920
0.01896157
0.01897970
0.10511818
0.12239534
0.03350395
0.12163072
0.12919582
0.12833431
0.14240680
0.05361236
0.12268745
0.06112884
0.03266656
0.16488860
0.07423087
0.07253611
0.12979474
0.14429495
0.10462493
0.11554679
0.08012235
0.14483670
0.04812264
0.08801735
0.09340917
0.12920744
0.06889225
0.13257045
0.05749095
0.08480904
0.11380355
0.09488995
0.02352291
0.07161548
0.15577942
0.10417977
0.17634019
0.10454654
0.10695448
0.03128621
0.08269469
0.14488964
0.11920503
0.13682427
0.07391610
0.11166345
0.11943024
0.08449529
