0.000	1.00000000
0.040	0.99993110
0.080	0.99896811
0.120	0.99525273
0.160	0.98683674
0.200	0.97253866
0.240	0.95007535
0.280	0.92819982
0.320	0.89899581
0.360	0.86447460
0.400	0.83607817
0.440	0.80922556
0.480	0.77451820
0.520	0.74514900
0.560	0.71654449
0.600	0.69330897
0.640	0.66053916
0.680	0.65028873
0.720	0.62327411
0.760	0.59524933
0.800	0.58793210
0.840	0.57402317
0.880	0.55035225
0.920	0.53055912
0.960	0.52238962
1.000	0.50988633
1.040	0.49456346
1.080	0.48547962
1.120	0.46760291
1.160	0.47902502
1.200	0.46024701
1.240	0.44979526
1.280	0.42834141
1.320	0.42544469
1.360	0.41992302
1.400	0.41807120
1.440	0.40610639
1.480	0.39330581
1.520	0.38997207
1.560	0.39261055
1.600	0.39124560
1.640	0.37843542
1.680	0.36905637
1.720	0.36666901
1.760	0.37571081
1.800	0.36665424
1.840	0.36690643
1.880	0.34782195
1.920	0.34851602
1.960	0.34054859
2.000	0.34814582
