0.000	0.99995472
0.020	0.99995286
0.040	0.99993031
0.060	0.99983896
0.080	0.99960133
0.100	0.99912058
0.120	0.99826921
0.140	0.99692304
0.160	0.99498037
0.180	0.99227579
0.200	0.98877495
0.220	0.98419117
0.240	0.97876295
0.260	0.97229898
0.280	0.96479688
0.300	0.95622218
0.320	0.94700923
0.340	0.93663704
0.360	0.92556886
0.380	0.91421046
0.400	0.90161136
0.420	0.89075524
0.440	0.87745864
0.460	0.86639823
0.480	0.85391880
0.500	0.84171975
0.520	0.82930252
0.540	0.81675183
0.560	0.80441571
0.580	0.79401957
0.600	0.78326163
0.620	0.77068942
0.640	0.76291296
0.660	0.74929086
0.680	0.74431599
0.700	0.73512019
0.720	0.72590275
0.740	0.71920896
0.760	0.71454186
0.780	0.70686383
0.800	0.70456021
0.820	0.69813796
0.840	0.69376272
0.860	0.69114703
0.880	0.68701880
0.900	0.68154356
0.920	0.68162843
0.940	0.67761022
0.960	0.67344848
0.980	0.67316401
1.000	0.66904417
1.020	0.66784342
1.040	0.66589112
1.060	0.66304519
1.080	0.66399118
1.100	0.65851090
1.120	0.65732282
1.140	0.65497814
1.160	0.65213672
1.180	0.65081290
1.200	0.65091137
1.220	0.65021604
1.240	0.64752288
1.260	0.64639798
1.280	0.64483494
1.300	0.64270451
1.320	0.64145511
1.340	0.64364344
1.360	0.64304910
1.380	0.63945552
1.400	0.63861289
1.420	0.63890109
1.440	0.63840085
1.460	0.63636124
1.480	0.63492130
1.500	0.63604671
1.520	0.63529206
1.540	0.63697063
1.560	0.63267233
1.580	0.63373522
1.600	0.63062135
1.620	0.63125841
1.640	0.63292526
1.660	0.63360972
1.680	0.63165223
1.700	0.63122492
1.720	0.62983077
1.740	0.63087345
1.760	0.62686450
1.780	0.62737028
1.800	0.62851086
1.820	0.62759887
1.840	0.62666276
1.860	0.62665163
1.880	0.62638878
1.900	0.62268902
1.920	0.62533832
1.940	0.62276827
1.960	0.62485642
1.980	0.62234249
2.000	0.62521114
