0.000	0.00000000
0.040	0.00626182
0.080	0.02412035
0.120	0.05031450
0.160	0.08189503
0.200	0.11601082
0.240	0.14798814
0.280	0.17800391
0.320	0.20074494
0.360	0.22588642
0.400	0.24443502
0.440	0.25943846
0.480	0.27149533
0.520	0.28755285
0.560	0.29272396
0.600	0.30830225
0.640	0.31338768
0.680	0.31906031
0.720	0.32634612
0.760	0.33097782
0.800	0.33203191
0.840	0.34090795
0.880	0.33943961
0.920	0.34745161
0.960	0.34969391
1.000	0.35990497
1.040	0.35547808
1.080	0.34711953
1.120	0.36227916
1.160	0.36075697
1.200	0.35291919
1.240	0.36357408
1.280	0.36165631
1.320	0.36015461
1.360	0.37066995
1.400	0.36001462
1.440	0.36049488
1.480	0.36684273
1.520	0.37136974
1.560	0.37067226
1.600	0.36210280
1.640	0.37415371
1.680	0.37669771
1.720	0.36802846
1.760	0.37674636
1.800	0.37859974
1.840	0.36703073
1.880	0.37503988
1.920	0.36536078
1.960	0.37090828
2.000	0.37948208
