0.000	0.00000000
0.040	0.00621523
0.080	0.02340956
0.120	0.04880652
0.160	0.07806526
0.200	0.10732527
0.240	0.13177460
0.280	0.15557242
0.320	0.17177435
0.360	0.18400963
0.400	0.19449443
0.440	0.20248158
0.480	0.20738961
0.520	0.20877876
0.560	0.21105609
0.600	0.20571649
0.640	0.20751279
0.680	0.20792493
0.720	0.20472474
0.760	0.20470506
0.800	0.20129729
0.840	0.19892558
0.880	0.19398877
0.920	0.19236569
0.960	0.18696193
1.000	0.18501553
1.040	0.18273479
1.080	0.17826446
1.120	0.17408225
1.160	0.17695378
1.200	0.17563187
1.240	0.16612951
1.280	0.16435607
1.320	0.16283553
1.360	0.17150190
1.400	0.16298416
1.440	0.16148661
1.480	0.15531770
1.520	0.14725558
1.560	0.14883779
1.600	0.15695628
1.640	0.15400589
1.680	0.15615551
1.720	0.14775401
1.760	0.15099289
1.800	0.14636184
1.840	0.13959676
1.880	0.15091549
1.920	0.14342161
1.960	0.14343891
2.000	0.13902291
