0.000	0.00000000
0.040	0.00621063
0.080	0.02354141
0.120	0.04893342
0.160	0.07794420
0.200	0.10726259
0.240	0.13470600
0.280	0.15624803
0.320	0.17453986
0.360	0.18722445
0.400	0.19989127
0.440	0.20812621
0.480	0.21292745
0.520	0.21520914
0.560	0.21475132
0.600	0.21432988
0.640	0.21390534
0.680	0.21717597
0.720	0.21503457
0.760	0.20671812
0.800	0.21012554
0.840	0.21133785
0.880	0.20567324
0.920	0.19830769
0.960	0.19945010
1.000	0.19831688
1.040	0.19626244
1.080	0.19367465
1.120	0.18644987
1.160	0.19444178
1.200	0.19018510
1.240	0.18457237
1.280	0.17820587
1.320	0.17901987
1.360	0.17649105
1.400	0.17704437
1.440	0.17605968
1.480	0.17023357
1.520	0.16871391
1.560	0.16820435
1.600	0.16780045
1.640	0.16135443
1.680	0.16129503
1.720	0.16045389
1.760	0.16441991
1.800	0.16117464
1.840	0.16102554
1.880	0.15636029
1.920	0.15454141
1.960	0.15877003
2.000	0.15510827
