# NTRAJ	1000
0.000	0.00000000
0.001	0.00297155
0.002	0.00475230
0.003	0.00622638
0.004	0.00755782
0.005	0.00877712
0.006	0.00988745
0.007	0.01095812
0.008	0.01195609
0.009	0.01290979
0.010	0.01382102
0.011	0.01469334
0.012	0.01557333
0.013	0.01636911
0.014	0.01714470
0.015	0.01794271
0.016	0.01868340
0.017	0.01940473
0.018	0.02015627
0.019	0.02085715
0.020	0.02153538
0.021	0.02224062
0.022	0.02287869
0.023	0.02350770
0.024	0.02415315
0.025	0.02476539
0.026	0.02535652
0.027	0.02593184
0.028	0.02652803
0.029	0.02707512
0.030	0.02766299
0.031	0.02823622
0.032	0.02875572
0.033	0.02930576
0.034	0.02985703
0.035	0.03037684
0.036	0.03089084
0.037	0.03142489
0.038	0.03191673
0.039	0.03240180
0.040	0.03288269
0.041	0.03335294
0.042	0.03383083
0.043	0.03429680
0.044	0.03478893
0.045	0.03525311
0.046	0.03570539
0.047	0.03613687
0.048	0.03659574
0.049	0.03701500
0.050	0.03745155
0.051	0.03788667
0.052	0.03832236
0.053	0.03869492
0.054	0.03913589
0.055	0.03952189
0.056	0.03988950
0.057	0.04031517
0.058	0.04068281
0.059	0.04108171
0.060	0.04147985
0.061	0.04186043
0.062	0.04222135
0.063	0.04261910
0.064	0.04298254
0.065	0.04338907
0.066	0.04371456
0.067	0.04406695
0.068	0.04441670
0.069	0.04480453
0.070	0.04515997
0.071	0.04550563
0.072	0.04587546
0.073	0.04620450
0.074	0.04655450
0.075	0.04691905
0.076	0.04725270
0.077	0.04760155
0.078	0.04794589
0.079	0.04828885
0.080	0.04864689
0.081	0.04898702
0.082	0.04929782
0.083	0.04962080
0.084	0.04990300
0.085	0.05022298
0.086	0.05054146
0.087	0.05087316
0.088	0.05115886
0.089	0.05146248
0.090	0.05177474
0.091	0.05207652
0.092	0.05238569
0.093	0.05267314
0.094	0.05297929
0.095	0.05325263
0.096	0.05350892
0.097	0.05381052
0.098	0.05409932
0.099	0.05437538
0.100	0.05462369
0.101	0.05488411
0.102	0.05512176
0.103	0.05539956
0.104	0.05561127
0.105	0.05584612
0.106	0.05613638
0.107	0.05634873
0.108	0.05661939
0.109	0.05688494
0.110	0.05714469
0.111	0.05734723
0.112	0.05753724
0.113	0.05780966
0.114	0.05803181
0.115	0.05823444
0.116	0.05848933
0.117	0.05874731
0.118	0.05896374
0.119	0.05920439
0.120	0.05941798
0.121	0.05968900
0.122	0.05989011
0.123	0.06009698
0.124	0.06026798
0.125	0.06053405
0.126	0.06073961
0.127	0.06098175
0.128	0.06120616
0.129	0.06136231
0.130	0.06152229
0.131	0.06174042
0.132	0.06197852
0.133	0.06216610
0.134	0.06240017
0.135	0.06258882
0.136	0.06279887
0.137	0.06297401
0.138	0.06311293
0.139	0.06329568
0.140	0.06351190
0.141	0.06373809
0.142	0.06392259
0.143	0.06414664
0.144	0.06426962
0.145	0.06445042
0.146	0.06462942
0.147	0.06477305
0.148	0.06497097
0.149	0.06514806
0.150	0.06533810
0.151	0.06548257
0.152	0.06561379
0.153	0.06580596
0.154	0.06594393
0.155	0.06613225
0.156	0.06631086
0.157	0.06647697
0.158	0.06668329
0.159	0.06684670
0.160	0.06693872
0.161	0.06706732
0.162	0.06727149
0.163	0.06737037
0.164	0.06757257
0.165	0.06776133
0.166	0.06787756
0.167	0.06805792
0.168	0.06821508
0.169	0.06838990
0.170	0.06857712
0.171	0.06870968
0.172	0.06886166
0.173	0.06905521
0.174	0.06919520
0.175	0.06927613
0.176	0.06944043
0.177	0.06957824
0.178	0.06975838
0.179	0.06994129
0.180	0.07009630
0.181	0.07017570
0.182	0.07032592
0.183	0.07048512
0.184	0.07064477
0.185	0.07081885
0.186	0.07093683
0.187	0.07108741
0.188	0.07123505
0.189	0.07137452
0.190	0.07152847
0.191	0.07166675
0.192	0.07181086
0.193	0.07193767
0.194	0.07202119
0.195	0.07220450
0.196	0.07233628
0.197	0.07248541
0.198	0.07251605
0.199	0.07265452
0.200	0.07274844
0.201	0.07285983
0.202	0.07299057
0.203	0.07312373
0.204	0.07323009
0.205	0.07338823
0.206	0.07350716
0.207	0.07364555
0.208	0.07377600
0.209	0.07376381
0.210	0.07390913
0.211	0.07401851
0.212	0.07411759
0.213	0.07418423
0.214	0.07435182
0.215	0.07445754
0.216	0.07460751
0.217	0.07470294
0.218	0.07472539
0.219	0.07484349
0.220	0.07494801
0.221	0.07501517
0.222	0.07515017
0.223	0.07529502
0.224	0.07537898
0.225	0.07549967
0.226	0.07557834
0.227	0.07568942
0.228	0.07569929
0.229	0.07580592
0.230	0.07594589
0.231	0.07599873
0.232	0.07611057
0.233	0.07615452
0.234	0.07629192
0.235	0.07637976
0.236	0.07648878
0.237	0.07659057
0.238	0.07662715
0.239	0.07671608
0.240	0.07686441
0.241	0.07687306
0.242	0.07687876
0.243	0.07692778
0.244	0.07701845
0.245	0.07714900
0.246	0.07722880
0.247	0.07737271
0.248	0.07747363
0.249	0.07752977
0.250	0.07765737
0.251	0.07775766
0.252	0.07777615
0.253	0.07787380
0.254	0.07795475
0.255	0.07791893
0.256	0.07804289
0.257	0.07795752
0.258	0.07805193
0.259	0.07809163
0.260	0.07810641
0.261	0.07817928
0.262	0.07820458
0.263	0.07824794
0.264	0.07835714
0.265	0.07845390
0.266	0.07849451
0.267	0.07859011
0.268	0.07859347
0.269	0.07854119
0.270	0.07861470
0.271	0.07867190
0.272	0.07866300
0.273	0.07876156
0.274	0.07879186
0.275	0.07885043
0.276	0.07882721
0.277	0.07888981
0.278	0.07890047
0.279	0.07897702
0.280	0.07899977
0.281	0.07912312
0.282	0.07920333
0.283	0.07931265
0.284	0.07942107
0.285	0.07940983
0.286	0.07951765
0.287	0.07961179
0.288	0.07961622
0.289	0.07946141
0.290	0.07950076
0.291	0.07959998
0.292	0.07965738
0.293	0.07967723
0.294	0.07968572
0.295	0.07968357
0.296	0.07970820
0.297	0.07976530
0.298	0.07984950
0.299	0.07990255
0.300	0.07997135
0.301	0.08000528
0.302	0.08007496
0.303	0.08015642
0.304	0.08014158
0.305	0.08022191
0.306	0.08021889
0.307	0.08024546
0.308	0.08027612
0.309	0.08028813
0.310	0.08036914
0.311	0.08042007
0.312	0.08041222
0.313	0.08034666
0.314	0.08038657
0.315	0.08049297
0.316	0.08046625
0.317	0.08050556
0.318	0.08039767
0.319	0.08044692
0.320	0.08047809
0.321	0.08039673
0.322	0.08049963
0.323	0.08053326
0.324	0.08059706
0.325	0.08068730
0.326	0.08058950
0.327	0.08062495
0.328	0.08071402
0.329	0.08067017
0.330	0.08074441
0.331	0.08070626
0.332	0.08076215
0.333	0.08076889
0.334	0.08071800
0.335	0.08078352
0.336	0.08087205
0.337	0.08084906
0.338	0.08074146
0.339	0.08076294
0.340	0.08076744
0.341	0.08077697
0.342	0.08080468
0.343	0.08075300
0.344	0.08071790
0.345	0.08070076
0.346	0.08074007
0.347	0.08068552
0.348	0.08077778
0.349	0.08078976
0.350	0.08088133
0.351	0.08081335
0.352	0.08078297
0.353	0.08076623
0.354	0.08080820
0.355	0.08088968
0.356	0.08087762
0.357	0.08078978
0.358	0.08082030
0.359	0.08078080
0.360	0.08082574
0.361	0.08086663
0.362	0.08084738
0.363	0.08080585
0.364	0.08083872
0.365	0.08084917
0.366	0.08087085
0.367	0.08089848
0.368	0.08086758
0.369	0.08089573
0.370	0.08093762
0.371	0.08087620
0.372	0.08082806
0.373	0.08075789
0.374	0.08061604
0.375	0.08064052
0.376	0.08061290
0.377	0.08037491
0.378	0.08028517
0.379	0.08025872
0.380	0.08023858
0.381	0.08029364
0.382	0.08020796
0.383	0.08004604
0.384	0.08005732
0.385	0.08012919
0.386	0.08016217
0.387	0.08018863
0.388	0.08019826
0.389	0.08019859
0.390	0.08013411
0.391	0.08010585
0.392	0.08006247
0.393	0.08004657
0.394	0.07981982
0.395	0.07985827
0.396	0.07987171
0.397	0.07990180
0.398	0.07982764
0.399	0.07976881
0.400	0.07969125
0.401	0.07964151
0.402	0.07961296
0.403	0.07960373
0.404	0.07961895
0.405	0.07955975
0.406	0.07937400
0.407	0.07934329
0.408	0.07914808
0.409	0.07916391
0.410	0.07911244
0.411	0.07886329
0.412	0.07877441
0.413	0.07882779
0.414	0.07881036
0.415	0.07879509
0.416	0.07884465
0.417	0.07879474
0.418	0.07876077
0.419	0.07882211
0.420	0.07873432
0.421	0.07869567
0.422	0.07875625
0.423	0.07882512
0.424	0.07881244
0.425	0.07871010
0.426	0.07866852
0.427	0.07856465
0.428	0.07857635
0.429	0.07848948
0.430	0.07846647
0.431	0.07846802
0.432	0.07851197
0.433	0.07841533
0.434	0.07848098
0.435	0.07834790
0.436	0.07833429
0.437	0.07819034
0.438	0.07802260
0.439	0.07775809
0.440	0.07782168
0.441	0.07777600
0.442	0.07766423
0.443	0.07752491
0.444	0.07752629
0.445	0.07730195
0.446	0.07711942
0.447	0.07704081
0.448	0.07675872
0.449	0.07650533
0.450	0.07647089
0.451	0.07641776
0.452	0.07613384
0.453	0.07614576
0.454	0.07602554
0.455	0.07590811
0.456	0.07586746
0.457	0.07581659
0.458	0.07579459
0.459	0.07566863
0.460	0.07554630
0.461	0.07541407
0.462	0.07520872
0.463	0.07516055
0.464	0.07515667
0.465	0.07502894
0.466	0.07474573
0.467	0.07475827
0.468	0.07451378
0.469	0.07449809
0.470	0.07445182
0.471	0.07438384
0.472	0.07435360
0.473	0.07432255
0.474	0.07431234
0.475	0.07415920
0.476	0.07412186
0.477	0.07411003
0.478	0.07405314
0.479	0.07386313
0.480	0.07358773
0.481	0.07347941
0.482	0.07344068
0.483	0.07310736
0.484	0.07285887
0.485	0.07267285
0.486	0.07256265
0.487	0.07253554
0.488	0.07229271
0.489	0.07230003
0.490	0.07215382
0.491	0.07214657
0.492	0.07199333
0.493	0.07198015
0.494	0.07194017
0.495	0.07192953
0.496	0.07183343
0.497	0.07178528
0.498	0.07163254
0.499	0.07146489
0.501	0.07145426
0.502	0.07125099
0.503	0.07126650
0.504	0.07123950
0.505	0.07124583
0.506	0.07108624
0.507	0.07108909
0.508	0.07094018
0.509	0.07081780
0.510	0.07075470
0.511	0.07070516
0.512	0.07060631
0.513	0.07049488
0.514	0.07042753
0.515	0.07032607
0.516	0.07013034
0.517	0.07017286
0.518	0.07015514
0.519	0.07007946
0.520	0.06989304
0.521	0.06958686
0.522	0.06958618
0.523	0.06944616
0.524	0.06948675
0.525	0.06944949
0.526	0.06944019
0.527	0.06927227
0.528	0.06913750
0.529	0.06905509
0.530	0.06884057
0.531	0.06875818
0.532	0.06861001
0.533	0.06850454
0.534	0.06840746
0.535	0.06801949
0.536	0.06764566
0.537	0.06753922
0.538	0.06744124
0.539	0.06744130
0.540	0.06729924
0.541	0.06729946
0.542	0.06728647
0.543	0.06721997
0.544	0.06702915
0.545	0.06674862
0.546	0.06663870
0.547	0.06663795
0.548	0.06640488
0.549	0.06620420
0.550	0.06591276
0.551	0.06594725
0.552	0.06597671
0.553	0.06578121
0.554	0.06567495
0.555	0.06552554
0.556	0.06533665
0.557	0.06524422
0.558	0.06516543
0.559	0.06505170
0.560	0.06507944
0.561	0.06498038
0.562	0.06493104
0.563	0.06489423
0.564	0.06473717
0.565	0.06476846
0.566	0.06434074
0.567	0.06405564
0.568	0.06382586
0.569	0.06356649
0.570	0.06355758
0.571	0.06341612
0.572	0.06325094
0.573	0.06298618
0.574	0.06291705
0.575	0.06283219
0.576	0.06270862
0.577	0.06249908
0.578	0.06228696
0.579	0.06207230
0.580	0.06201770
0.581	0.06179192
0.582	0.06163463
0.583	0.06147050
0.584	0.06114278
0.585	0.06076263
0.586	0.06059891
0.587	0.06028896
0.588	0.06013860
0.589	0.06011784
0.590	0.06003298
0.591	0.05981803
0.592	0.05967513
0.593	0.05958500
0.594	0.05943282
0.595	0.05941067
0.596	0.05915501
0.597	0.05905870
0.598	0.05894632
0.599	0.05885126
0.600	0.05860261
0.601	0.05824610
0.602	0.05806474
0.603	0.05802001
0.604	0.05798839
0.605	0.05785205
0.606	0.05779127
0.607	0.05758210
0.608	0.05742735
0.609	0.05744439
0.610	0.05728713
0.611	0.05696242
0.612	0.05693651
0.613	0.05679840
0.614	0.05671978
0.615	0.05646986
0.616	0.05648549
0.617	0.05628197
0.618	0.05601773
0.619	0.05603615
0.620	0.05595642
0.621	0.05583429
0.622	0.05566143
0.623	0.05567863
0.624	0.05540620
0.625	0.05533107
0.626	0.05521998
0.627	0.05497881
0.628	0.05473373
0.629	0.05460938
0.630	0.05452043
0.631	0.05418934
0.632	0.05403715
0.633	0.05385372
0.634	0.05328786
0.635	0.05311661
0.636	0.05294389
0.637	0.05276401
0.638	0.05276831
0.639	0.05248709
0.640	0.05223306
0.641	0.04947102
0.642	0.04942864
0.643	0.04928965
0.644	0.04925581
0.645	0.04904238
0.646	0.04890585
0.647	0.04877761
0.648	0.04879392
0.649	0.04863753
0.650	0.04865360
0.651	0.04867231
0.652	0.04863644
0.653	0.04865496
0.654	0.04867082
0.655	0.04862149
0.656	0.04853133
0.657	0.04838075
0.658	0.04811902
0.659	0.04792656
0.660	0.04781175
0.661	0.04738308
0.662	0.04725648
0.663	0.04707565
0.664	0.04702866
0.665	0.04690330
0.666	0.04683877
0.667	0.04678592
0.668	0.04674818
0.669	0.04654594
0.670	0.04642722
0.671	0.04638425
0.672	0.04640058
0.673	0.04641456
0.674	0.04636188
0.675	0.04631271
0.676	0.04632650
0.677	0.04622134
0.678	0.04617789
0.679	0.04613612
0.680	0.04608925
0.681	0.04583439
0.682	0.04584777
0.683	0.04562651
0.684	0.04557837
0.685	0.04546101
0.686	0.04529270
0.687	0.04530566
0.688	0.04531856
0.689	0.04506759
0.690	0.04508017
0.691	0.04497197
0.692	0.04485458
0.693	0.04480725
0.694	0.04462468
0.695	0.04443528
0.696	0.04439075
0.697	0.04418187
0.698	0.04409976
0.699	0.04405171
0.700	0.04406347
0.701	0.04407712
0.702	0.04401861
0.703	0.04395903
0.704	0.04364504
0.705	0.04352901
0.706	0.04340077
0.707	0.04328575
0.708	0.04329680
0.709	0.04324407
0.710	0.04317672
0.711	0.04318934
0.712	0.04299034
0.713	0.04300092
0.714	0.04294543
0.715	0.04288589
0.716	0.04276949
0.717	0.04271162
0.718	0.04272171
0.719	0.04259178
0.720	0.04240505
0.721	0.04227796
0.722	0.04221468
0.723	0.04213026
0.724	0.04213987
0.725	0.04207682
0.726	0.04195218
0.727	0.04178802
0.728	0.04165631
0.729	0.04149408
0.730	0.04143892
0.731	0.04135321
0.732	0.04118631
0.733	0.04096718
0.734	0.04097583
0.735	0.04098593
0.736	0.04084642
0.737	0.04078629
0.738	0.04065456
0.739	0.04066296
0.740	0.04058027
0.741	0.04052510
0.742	0.04046144
0.743	0.04039787
0.744	0.04013057
0.745	0.04002776
0.746	0.04003564
0.747	0.03997870
0.748	0.03998652
0.749	0.03986388
0.750	0.03979834
0.751	0.03980734
0.752	0.03967064
0.753	0.03956646
0.754	0.03957527
0.755	0.03943732
0.756	0.03944468
0.757	0.03945204
0.758	0.03922633
0.759	0.03923355
0.760	0.03924076
0.761	0.03911062
0.762	0.03901009
0.763	0.03901720
0.764	0.03890441
0.765	0.03891259
0.766	0.03877042
0.767	0.03867702
0.768	0.03868499
0.769	0.03869176
0.770	0.03862049
0.771	0.03862719
0.772	0.03855033
0.773	0.03848644
0.774	0.03836741
0.775	0.03837396
0.776	0.03830686
0.777	0.03811387
0.778	0.03812027
0.779	0.03812769
0.780	0.03813405
0.781	0.03814039
0.782	0.03802486
0.783	0.03803222
0.784	0.03803852
0.785	0.03774110
0.786	0.03774727
0.787	0.03775446
0.788	0.03760921
0.789	0.03761522
0.790	0.03762122
0.791	0.03762820
0.792	0.03741150
0.793	0.03741733
0.794	0.03742316
0.795	0.03727821
0.796	0.03715735
0.797	0.03716305
0.798	0.03708786
0.799	0.03688331
0.800	0.03678246
0.801	0.03678796
0.802	0.03679344
0.803	0.03679984
0.804	0.03680530
0.805	0.03673580
0.806	0.03674122
0.807	0.03656538
0.808	0.03657073
0.809	0.03645968
0.810	0.03637414
0.811	0.03626348
0.812	0.03626843
0.813	0.03601581
0.814	0.03592320
0.815	0.03592796
0.816	0.03593271
0.817	0.03593745
0.818	0.03585299
0.819	0.03585766
0.820	0.03586228
0.821	0.03573028
0.822	0.03552692
0.823	0.03553137
0.824	0.03538253
0.825	0.03538688
0.826	0.03531338
0.827	0.03531761
0.828	0.03532181
0.829	0.03524306
0.830	0.03524721
0.831	0.03525136
0.832	0.03525549
0.833	0.03509818
0.834	0.03493960
0.835	0.03483617
0.836	0.03475945
0.837	0.03476324
0.838	0.03476702
0.839	0.03477079
0.840	0.03477517
0.841	0.03477892
0.842	0.03478266
0.843	0.03470183
0.844	0.03470550
0.845	0.03470915
0.846	0.03471341
0.847	0.03455271
0.848	0.03455625
0.849	0.03455978
0.850	0.03442877
0.851	0.03443225
0.852	0.03435493
0.853	0.03435893
0.854	0.03423972
0.855	0.03416198
0.856	0.03416586
0.857	0.03416918
0.858	0.03409103
0.859	0.03391500
0.860	0.03391806
0.861	0.03392162
0.862	0.03392466
0.863	0.03392767
0.864	0.03393114
0.865	0.03393409
0.866	0.03384963
0.867	0.03372437
0.868	0.03372711
0.869	0.03373027
0.870	0.03365035
0.871	0.03365345
0.872	0.03365609
0.873	0.03365871
0.874	0.03349458
0.875	0.03349708
0.876	0.03349993
0.877	0.03350235
0.878	0.03350515
0.879	0.03341814
0.880	0.03342086
0.881	0.03342318
0.882	0.03333689
0.883	0.03333917
0.884	0.03334176
0.885	0.03323211
0.886	0.03323463
0.887	0.03323677
0.888	0.03315422
0.889	0.03306758
0.890	0.03298412
0.891	0.03298613
0.892	0.03298841
0.893	0.03290166
0.894	0.03290354
0.895	0.03290572
0.896	0.03290757
0.897	0.03282318
0.898	0.03282528
0.899	0.03269502
0.900	0.03269701
0.901	0.03269894
0.902	0.03260892
0.903	0.03261077
0.904	0.03241396
0.905	0.03241571
0.906	0.03232748
0.907	0.03232909
0.908	0.03214997
0.909	0.03215151
0.910	0.03215281
0.911	0.03215431
0.912	0.03215578
0.913	0.03206749
0.914	0.03206891
0.915	0.03207031
0.916	0.03207148
0.917	0.03207280
0.918	0.03188985
0.919	0.03189112
0.920	0.03189236
0.921	0.03189358
0.922	0.03189477
0.923	0.03189595
0.924	0.03189710
0.925	0.03180405
0.926	0.03171330
0.927	0.03171446
0.928	0.03160525
0.929	0.03160620
0.930	0.03151290
0.931	0.03151377
0.932	0.03151462
0.933	0.03151555
0.934	0.03151635
0.935	0.03151710
0.936	0.03151791
0.937	0.03151859
0.938	0.03133168
0.939	0.03122088
0.940	0.03122143
0.941	0.03122203
0.942	0.03113039
0.943	0.03113092
0.944	0.03103769
0.945	0.03090911
0.946	0.03090953
0.947	0.03090992
0.948	0.03091023
0.949	0.03081764
0.950	0.03072470
0.951	0.03072495
0.952	0.03072516
0.953	0.03072534
0.954	0.03072548
0.955	0.03061388
0.956	0.03061397
0.957	0.03061403
0.958	0.03061404
0.959	0.03061399
0.960	0.03061390
0.961	0.03050565
0.962	0.03050547
0.963	0.03040916
0.964	0.03040890
0.965	0.03040858
0.966	0.03040822
0.967	0.03040781
0.968	0.03040735
0.969	0.03040683
0.970	0.03040627
0.971	0.03040558
0.972	0.03040490
0.973	0.03020634
0.974	0.03020555
0.975	0.03010821
0.976	0.03010723
0.977	0.02990826
0.978	0.02990710
0.979	0.02990598
0.980	0.02990467
0.981	0.02990328
0.982	0.02990182
0.983	0.02990012
0.984	0.02989848
0.985	0.02989659
0.986	0.02989445
0.987	0.02989237
0.988	0.02989000
0.989	0.02978767
0.990	0.02968512
0.991	0.02968212
0.992	0.02954133
0.993	0.02953795
0.994	0.02953391
0.995	0.02952962
0.996	0.02942485
0.997	0.02930884
0.998	0.02920242
0.999	0.02879239
1.000	0.02710659
