0.000	0.00999900
0.010	0.01989526
0.020	0.02969188
0.030	0.03938865
0.040	0.04897456
0.050	0.05843217
0.060	0.06781828
0.070	0.07712510
0.080	0.08621645
0.090	0.09521687
0.100	0.10419514
0.110	0.11313337
0.120	0.12183394
0.130	0.13024060
0.140	0.13884823
0.150	0.14724787
0.160	0.15535435
0.170	0.16357291
0.180	0.17145248
0.190	0.17928464
0.200	0.18724282
0.210	0.19479662
0.220	0.20245749
0.230	0.21020389
0.240	0.21749215
0.250	0.22437583
0.260	0.23182825
0.270	0.23951423
0.280	0.24666758
0.290	0.25393109
0.300	0.26057092
0.310	0.26620248
0.320	0.27267489
0.330	0.27882666
0.340	0.28518010
0.350	0.29141189
0.360	0.29747146
0.370	0.30235697
0.380	0.30785283
0.390	0.31358298
0.400	0.31773283
0.410	0.32241699
0.420	0.32872199
0.430	0.33458577
0.440	0.33844109
0.450	0.34241236
0.460	0.34580114
0.470	0.35181586
0.480	0.35664958
0.490	0.36105706
0.500	0.36650431
0.510	0.36942411
0.520	0.37305201
0.530	0.37697068
0.540	0.38207660
0.550	0.38459270
0.560	0.38678307
0.570	0.39097108
0.580	0.39283870
0.590	0.39681983
0.600	0.40048067
0.610	0.40363719
0.620	0.40448269
0.630	0.40708333
0.640	0.40998432
0.650	0.41520359
0.660	0.41573946
0.670	0.41828998
0.680	0.42139250
0.690	0.42459657
0.700	0.42688665
0.710	0.42995818
0.720	0.43181048
0.730	0.43437503
0.740	0.43701054
0.750	0.43973301
0.760	0.44215862
0.770	0.44223396
0.780	0.44409617
0.790	0.44572575
0.800	0.44916763
0.810	0.45227849
0.820	0.45551020
0.830	0.45558729
0.840	0.45605694
0.850	0.45442557
0.860	0.45448524
0.870	0.45404157
0.880	0.45393839
0.890	0.45524548
0.900	0.45429074
0.910	0.45275218
0.920	0.45087882
0.930	0.45186476
0.940	0.45313963
0.950	0.45237656
0.960	0.45123460
0.970	0.44934846
0.980	0.44958686
0.990	0.44924011
1.000	0.44846120
1.010	0.44912152
1.020	0.44935030
1.030	0.44947528
1.040	0.45108944
1.050	0.45357811
1.060	0.45308359
1.070	0.45440685
1.080	0.45561332
1.090	0.45593845
1.100	0.45353313
1.110	0.45358966
1.120	0.45232162
1.130	0.45148633
1.140	0.44907085
1.150	0.44846887
1.160	0.44848785
1.170	0.44758868
1.180	0.44501764
1.190	0.44311175
1.200	0.44377360
1.210	0.44312279
1.220	0.44237599
1.230	0.43939690
1.240	0.43617362
1.250	0.43702739
1.260	0.43399105
1.270	0.42951355
1.280	0.42690026
1.290	0.42595482
1.300	0.42482120
1.310	0.42272200
1.320	0.42073623
1.330	0.41644723
1.340	0.41521161
1.350	0.41217639
1.360	0.41045849
1.370	0.40773791
1.380	0.40627013
1.390	0.40366056
1.400	0.40273946
1.410	0.40225213
1.420	0.39798369
1.430	0.39698250
1.440	0.39510978
1.450	0.39319554
1.460	0.38695910
1.470	0.38416252
1.480	0.38088413
1.490	0.37963190
