0.000	0.00000000
0.005	0.00880068
0.010	0.01380597
0.015	0.01789703
0.020	0.02144895
0.025	0.02461978
0.030	0.02752109
0.035	0.03022239
0.040	0.03274209
0.045	0.03508458
0.051	0.03726518
0.056	0.03930592
0.061	0.04128338
0.066	0.04311584
0.071	0.04492544
0.076	0.04659719
0.081	0.04823577
0.086	0.04977337
0.091	0.05125253
0.096	0.05267047
0.101	0.05406263
0.106	0.05534068
0.111	0.05652146
0.116	0.05759692
0.121	0.05883145
0.126	0.05999690
0.131	0.06102355
0.136	0.06204260
0.141	0.06303390
0.146	0.06408828
0.152	0.06506557
0.157	0.06596902
0.162	0.06691043
0.167	0.06783071
0.172	0.06860351
0.177	0.06938784
0.182	0.06987048
0.187	0.07041314
0.192	0.07110478
0.197	0.07178524
0.202	0.07243730
0.207	0.07301492
0.212	0.07361681
0.217	0.07416576
0.222	0.07477480
0.227	0.07535192
0.232	0.07579611
0.237	0.07636258
0.242	0.07678644
0.247	0.07707674
0.253	0.07721184
0.258	0.07756747
0.263	0.07791151
0.268	0.07823664
0.273	0.07862933
0.278	0.07884056
0.283	0.07924176
0.288	0.07939178
0.293	0.07952450
0.298	0.07970943
0.303	0.07961557
0.308	0.07981466
0.313	0.08005008
0.318	0.08014638
0.323	0.08017093
0.328	0.08023669
0.333	0.08024509
0.338	0.08021968
0.343	0.08045515
0.348	0.08041110
0.354	0.08054317
0.359	0.08063240
0.364	0.08055079
0.369	0.08023495
0.374	0.08022616
0.379	0.08019509
0.384	0.08031628
0.389	0.07987445
0.394	0.07979276
0.399	0.07935960
0.404	0.07908329
0.409	0.07880483
0.414	0.07866792
0.419	0.07856221
0.424	0.07807395
0.429	0.07799250
0.434	0.07740053
0.439	0.07707047
0.444	0.07658648
0.449	0.07636822
0.455	0.07563213
0.460	0.07524370
0.465	0.07427022
0.470	0.07395139
0.475	0.07344121
0.480	0.07271829
0.485	0.07214399
0.490	0.07124457
0.495	0.07073257
0.500	0.07023770
