0.000	0.00000000
0.003	0.02130045
0.006	0.02959075
0.009	0.03588571
0.012	0.04091491
0.015	0.04526912
0.018	0.04920356
0.021	0.05269476
0.024	0.05585850
0.027	0.05878707
0.030	0.06139707
0.033	0.06395139
0.036	0.06636771
0.039	0.06862490
0.042	0.07073254
0.045	0.07278025
0.048	0.07454310
0.052	0.07640059
0.055	0.07820705
0.058	0.07985207
0.061	0.08139244
0.064	0.08271228
0.067	0.08415778
0.070	0.08552152
0.073	0.08693421
0.076	0.08816082
0.079	0.08941423
0.082	0.09057329
0.085	0.09160821
0.088	0.09265739
0.091	0.09366855
0.094	0.09480206
0.097	0.09580732
0.100	0.09659150
0.103	0.09754761
0.106	0.09852972
0.109	0.09938806
0.112	0.10004152
0.115	0.10078861
0.118	0.10163082
0.121	0.10230438
0.124	0.10313166
0.127	0.10370131
0.130	0.10420138
0.133	0.10485135
0.136	0.10538542
0.139	0.10605467
0.142	0.10660039
0.145	0.10715939
0.148	0.10768828
0.152	0.10829409
0.155	0.10892207
0.158	0.10930981
0.161	0.10964476
0.164	0.10998678
0.167	0.11046508
0.170	0.11104579
0.173	0.11117695
0.176	0.11155805
0.179	0.11198533
0.182	0.11232189
0.185	0.11264189
0.188	0.11309331
0.191	0.11353381
0.194	0.11393139
0.197	0.11415567
0.200	0.11438768
0.203	0.11462663
0.206	0.11485517
0.209	0.11505133
0.212	0.11521594
0.215	0.11542078
0.218	0.11577419
0.221	0.11611897
0.224	0.11614127
0.227	0.11625449
0.230	0.11626409
0.233	0.11657691
0.236	0.11659821
0.239	0.11636619
0.242	0.11653142
0.245	0.11654385
0.248	0.11661255
0.252	0.11675686
0.255	0.11695986
0.258	0.11711346
0.261	0.11704542
0.264	0.11686674
0.267	0.11660117
0.270	0.11662379
0.273	0.11670744
0.276	0.11685717
0.279	0.11704055
0.282	0.11710595
0.285	0.11718444
0.288	0.11706262
0.291	0.11721083
0.294	0.11707790
0.297	0.11697908
0.300	0.11694248
