0.000	0.00999900
0.010	0.01989651
0.020	0.02968500
0.030	0.03937769
0.040	0.04897011
0.050	0.05846754
0.060	0.06784127
0.070	0.07711415
0.080	0.08630943
0.090	0.09536841
0.100	0.10433768
0.110	0.11317756
0.120	0.12181434
0.130	0.13039753
0.140	0.13890813
0.150	0.14725272
0.160	0.15554600
0.170	0.16368303
0.180	0.17188328
0.190	0.18008442
0.200	0.18790732
0.210	0.19569650
0.220	0.20327332
0.230	0.21086285
0.240	0.21795063
0.250	0.22507321
0.260	0.23190756
0.270	0.23906598
0.280	0.24587220
0.290	0.25278439
0.300	0.25951023
0.310	0.26628408
0.320	0.27327133
0.330	0.27917909
0.340	0.28472464
0.350	0.29080329
0.360	0.29640188
0.370	0.30197429
0.380	0.30733643
0.390	0.31253496
0.400	0.31799749
0.410	0.32349199
0.420	0.32790797
0.430	0.33342361
0.440	0.33694696
0.450	0.34190154
0.460	0.34586704
0.470	0.35018990
0.480	0.35459839
0.490	0.35858921
0.500	0.36261941
0.510	0.36660982
0.520	0.37018947
0.530	0.37413974
0.540	0.37787184
0.550	0.38114624
0.560	0.38383034
0.570	0.38626439
0.580	0.38938199
0.590	0.39278388
0.600	0.39590002
0.610	0.39864345
0.620	0.40053323
0.630	0.40292435
0.640	0.40530425
0.650	0.40825873
0.660	0.40937722
0.670	0.41216951
0.680	0.41383049
0.690	0.41470935
0.700	0.41613152
0.710	0.41737049
0.720	0.41819891
0.730	0.41971470
0.740	0.42112183
0.750	0.42255401
0.760	0.42391530
0.770	0.42479661
0.780	0.42527222
0.790	0.42638951
0.800	0.42742629
0.810	0.42864720
0.820	0.42873413
0.830	0.42874703
0.840	0.42794533
0.850	0.42729671
0.860	0.42732403
0.870	0.42703024
0.880	0.42762399
0.890	0.42670692
0.900	0.42660701
0.910	0.42600077
0.920	0.42584223
0.930	0.42453755
0.940	0.42431768
0.950	0.42355205
0.960	0.42420173
0.970	0.42320149
0.980	0.42172020
0.990	0.42156569
1.000	0.42071999
1.010	0.41916185
1.020	0.41731705
1.030	0.41587579
1.040	0.41516974
1.050	0.41332943
1.060	0.41108236
1.070	0.40818019
1.080	0.40630925
1.090	0.40442180
1.100	0.40222528
1.110	0.40155639
1.120	0.39929567
1.130	0.39778446
1.140	0.39551917
1.150	0.39352640
1.160	0.39173156
1.170	0.39087089
1.180	0.38953227
1.190	0.38788458
1.200	0.38619704
1.210	0.38360275
1.220	0.38093320
1.230	0.37804003
1.240	0.37587947
1.250	0.37376968
1.260	0.37161427
1.270	0.36910937
1.280	0.36732869
1.290	0.36545392
1.300	0.36350124
1.310	0.36032896
1.320	0.35882474
1.330	0.35538341
1.340	0.35359049
1.350	0.35072751
1.360	0.34864578
1.370	0.34649228
1.380	0.34391428
1.390	0.34130924
1.400	0.33932095
1.410	0.33629759
1.420	0.33319128
1.430	0.33018377
1.440	0.32709377
1.450	0.32418840
1.460	0.32139259
1.470	0.31785385
1.480	0.31544495
1.490	0.31211973
