0.000	0.00159997
0.010	0.00318388
0.020	0.00475209
0.030	0.00630350
0.040	0.00783955
0.050	0.00936108
0.060	0.01086685
0.070	0.01235735
0.080	0.01383120
0.090	0.01528992
0.100	0.01673474
0.110	0.01816911
0.120	0.01957283
0.130	0.02096858
0.140	0.02235339
0.150	0.02371066
0.160	0.02507265
0.170	0.02641004
0.180	0.02774301
0.190	0.02905083
0.200	0.03032081
0.210	0.03156779
0.220	0.03281139
0.230	0.03405446
0.240	0.03533662
0.250	0.03658089
0.260	0.03777237
0.270	0.03896935
0.280	0.04010567
0.290	0.04126729
0.300	0.04242476
0.310	0.04354393
0.320	0.04469676
0.330	0.04577070
0.340	0.04684220
0.350	0.04794152
0.360	0.04899935
0.370	0.05008155
0.380	0.05120469
0.390	0.05233460
0.400	0.05332907
0.410	0.05431513
0.420	0.05537461
0.430	0.05639241
0.440	0.05741494
0.450	0.05837016
0.460	0.05930734
0.470	0.06024335
0.480	0.06119963
0.490	0.06220540
0.500	0.06306714
0.510	0.06401482
0.520	0.06500459
0.530	0.06573928
0.540	0.06656155
0.550	0.06741418
0.560	0.06819413
0.570	0.06899073
0.580	0.06994591
0.590	0.07063722
0.600	0.07143247
0.610	0.07229758
0.620	0.07294671
0.630	0.07381982
0.640	0.07448897
0.650	0.07513105
0.660	0.07582184
0.670	0.07665417
0.680	0.07744954
0.690	0.07823696
0.700	0.07894911
0.710	0.07960568
0.720	0.08012994
0.730	0.08075875
0.740	0.08141544
0.750	0.08200851
0.760	0.08239424
0.770	0.08293098
0.780	0.08340245
0.790	0.08412283
0.800	0.08492721
0.810	0.08559735
0.820	0.08619898
0.830	0.08669629
0.840	0.08734907
0.850	0.08777888
0.860	0.08833029
0.870	0.08886987
0.880	0.08960292
0.890	0.08999729
0.900	0.09040053
0.910	0.09090370
0.920	0.09158629
0.930	0.09202837
0.940	0.09262299
0.950	0.09300768
0.960	0.09343723
0.970	0.09418541
0.980	0.09450340
0.990	0.09479837
1.000	0.09529415
1.010	0.09561748
1.020	0.09640821
1.030	0.09676716
1.040	0.09667090
1.050	0.09732489
1.060	0.09768946
1.070	0.09794442
1.080	0.09810328
1.090	0.09852050
1.100	0.09867254
1.110	0.09915335
1.120	0.09932432
1.130	0.09981433
1.140	0.09987962
1.150	0.10018180
1.160	0.10056789
1.170	0.10049805
1.180	0.10080402
1.190	0.10117109
1.200	0.10127810
1.210	0.10158624
1.220	0.10193775
1.230	0.10215204
1.240	0.10224393
1.250	0.10241776
1.260	0.10311134
1.270	0.10290332
1.280	0.10300305
1.290	0.10314857
1.300	0.10370257
1.310	0.10384241
1.320	0.10435688
1.330	0.10471111
1.340	0.10464834
1.350	0.10449817
1.360	0.10498433
1.370	0.10497577
1.380	0.10583096
1.390	0.10578013
1.400	0.10603322
1.410	0.10644455
1.420	0.10681307
1.430	0.10679608
1.440	0.10665042
1.450	0.10685913
1.460	0.10724194
1.470	0.10732758
1.480	0.10771147
1.490	0.10769079
1.500	0.10787605
1.510	0.10780292
1.520	0.10797218
1.530	0.10824209
1.540	0.10837123
1.550	0.10836484
1.560	0.10824909
1.570	0.10816894
1.580	0.10788989
1.590	0.10775028
1.600	0.10737177
1.610	0.10731661
1.620	0.10727530
1.630	0.10755956
1.640	0.10738256
1.650	0.10713689
1.660	0.10692844
1.670	0.10671057
1.680	0.10657007
1.690	0.10681168
1.700	0.10717386
1.710	0.10748103
1.720	0.10739548
1.730	0.10758123
1.740	0.10733280
1.750	0.10741255
1.760	0.10721080
1.770	0.10702655
1.780	0.10732868
1.790	0.10767126
1.800	0.10817973
1.810	0.10847259
1.820	0.10860576
1.830	0.10885887
1.840	0.10903701
1.850	0.10919514
1.860	0.10921123
1.870	0.10909953
1.880	0.10888274
1.890	0.10846963
1.900	0.10839987
1.910	0.10874593
1.920	0.10880908
1.930	0.10845620
1.940	0.10829101
1.950	0.10847529
1.960	0.10804409
1.970	0.10807047
1.980	0.10802747
1.990	0.10788455
2.000	0.10749141
2.010	0.10770152
2.020	0.10778915
2.030	0.10762433
2.040	0.10784448
2.050	0.10781430
2.060	0.10831829
2.070	0.10796499
2.080	0.10826473
2.090	0.10779100
2.100	0.10785556
2.110	0.10718839
2.120	0.10649751
2.130	0.10651405
2.140	0.10652432
2.150	0.10635966
2.160	0.10631113
2.170	0.10654037
2.180	0.10639084
2.190	0.10667139
2.200	0.10642215
2.210	0.10633905
2.220	0.10626093
2.230	0.10642199
2.240	0.10608319
2.250	0.10601542
2.260	0.10591015
2.270	0.10582980
2.280	0.10624320
2.290	0.10645025
2.300	0.10629380
2.310	0.10642881
2.320	0.10602570
2.330	0.10544088
2.340	0.10526916
2.350	0.10504946
2.360	0.10470147
2.370	0.10422265
2.380	0.10428435
2.390	0.10446249
2.400	0.10404246
2.410	0.10356575
2.420	0.10303233
2.430	0.10285626
2.440	0.10286100
2.450	0.10307350
2.460	0.10310758
2.470	0.10310126
2.480	0.10308388
2.490	0.10306884
2.500	0.10301881
2.510	0.10330948
2.520	0.10288061
2.530	0.10308654
2.540	0.10271773
2.550	0.10254980
2.560	0.10251458
2.570	0.10229912
2.580	0.10219278
2.590	0.10257638
2.600	0.10232941
2.610	0.10222933
2.620	0.10186408
2.630	0.10125109
2.640	0.10147651
2.650	0.10166913
2.660	0.10159924
2.670	0.10137047
2.680	0.10076762
2.690	0.10052879
2.700	0.10047156
2.710	0.09984364
2.720	0.09999028
2.730	0.09982237
2.740	0.09982416
2.750	0.09948656
2.760	0.09958434
2.770	0.09938010
2.780	0.09895498
2.790	0.09838086
2.800	0.09852045
2.810	0.09789430
2.820	0.09735424
2.830	0.09704202
2.840	0.09685389
2.850	0.09632543
2.860	0.09616841
2.870	0.09549007
2.880	0.09529385
2.890	0.09495735
2.900	0.09491922
2.910	0.09438670
2.920	0.09433721
2.930	0.09424731
2.940	0.09378523
2.950	0.09320415
2.960	0.09312956
2.970	0.09299026
2.980	0.09259395
2.990	0.09221083
3.000	0.09201621
3.010	0.09156804
3.020	0.09122117
3.030	0.09140176
3.040	0.09120744
3.050	0.09091323
3.060	0.09078289
3.070	0.09053696
3.080	0.09035455
3.090	0.09004570
3.100	0.08984921
3.110	0.08988551
3.120	0.08961576
3.130	0.08973317
3.140	0.08963404
3.150	0.08956590
3.160	0.08896993
3.170	0.08881860
3.180	0.08865557
3.190	0.08832196
3.200	0.08806218
3.210	0.08746362
3.220	0.08764147
3.230	0.08755977
3.240	0.08718147
3.250	0.08696368
3.260	0.08665908
3.270	0.08651938
3.280	0.08602584
3.290	0.08587963
3.300	0.08586027
3.310	0.08604833
3.320	0.08553878
3.330	0.08552276
3.340	0.08536200
3.350	0.08502139
3.360	0.08510350
3.370	0.08483970
3.380	0.08476978
3.390	0.08470878
3.400	0.08412541
3.410	0.08379126
3.420	0.08374808
3.430	0.08355504
3.440	0.08337842
3.450	0.08333982
3.460	0.08305163
3.470	0.08263862
3.480	0.08239615
3.490	0.08212669
3.500	0.08160557
3.510	0.08158720
3.520	0.08189417
3.530	0.08189541
3.540	0.08205854
3.550	0.08190488
3.560	0.08159124
3.570	0.08174253
3.580	0.08182791
3.590	0.08165396
3.600	0.08098554
3.610	0.08078078
3.620	0.08060550
3.630	0.08068625
3.640	0.08042370
3.650	0.07992325
3.660	0.07957965
3.670	0.07968233
3.680	0.07934352
3.690	0.07923849
3.700	0.07909788
3.710	0.07858675
3.720	0.07852496
3.730	0.07789410
3.740	0.07844568
3.750	0.07847970
3.760	0.07780123
3.770	0.07770580
3.780	0.07715751
3.790	0.07762767
3.800	0.07723192
3.810	0.07702649
3.820	0.07708850
3.830	0.07676814
3.840	0.07641307
3.850	0.07679016
3.860	0.07681142
3.870	0.07664402
3.880	0.07635484
3.890	0.07646410
3.900	0.07572058
3.910	0.07559799
3.920	0.07517048
3.930	0.07456029
3.940	0.07464933
3.950	0.07468755
3.960	0.07451528
3.970	0.07414522
3.980	0.07394638
3.990	0.07401506
4.000	0.07369226
4.010	0.07359430
4.020	0.07346003
4.030	0.07330665
4.040	0.07255008
4.050	0.07268942
4.060	0.07278219
4.070	0.07262155
4.080	0.07233611
4.090	0.07174036
4.100	0.07189212
4.110	0.07152692
4.120	0.07124566
4.130	0.07120598
4.140	0.07122990
4.150	0.07092301
4.160	0.07057666
4.170	0.07030025
4.180	0.07041019
4.190	0.07007183
4.200	0.06975601
4.210	0.06952662
4.220	0.06905852
4.230	0.06925448
4.240	0.06926044
4.250	0.06921714
4.260	0.06904001
4.270	0.06898815
4.280	0.06897715
4.290	0.06864001
4.300	0.06838927
4.310	0.06812712
4.320	0.06781422
4.330	0.06763054
4.340	0.06769410
4.350	0.06754906
4.360	0.06738594
4.370	0.06699996
4.380	0.06704662
4.390	0.06697489
4.400	0.06672894
4.410	0.06662622
4.420	0.06644573
4.430	0.06650340
4.440	0.06628132
4.450	0.06618570
4.460	0.06598394
4.470	0.06546257
4.480	0.06522358
4.490	0.06485748
4.500	0.06456141
4.510	0.06440176
4.520	0.06443818
4.530	0.06435795
4.540	0.06426437
4.550	0.06418289
4.560	0.06404542
4.570	0.06379338
4.580	0.06385536
4.590	0.06350227
4.600	0.06359361
4.610	0.06379244
4.620	0.06354039
4.630	0.06373844
4.640	0.06369949
4.650	0.06349522
4.660	0.06342143
4.670	0.06349104
4.680	0.06312850
4.690	0.06300659
4.700	0.06309893
4.710	0.06296157
4.720	0.06287517
4.730	0.06246740
4.740	0.06248014
4.750	0.06247705
4.760	0.06222746
4.770	0.06192421
4.780	0.06197122
4.790	0.06176536
4.800	0.06173559
4.810	0.06168268
4.820	0.06137365
4.830	0.06121652
4.840	0.06106603
4.850	0.06078146
4.860	0.06044914
4.870	0.06019280
4.880	0.05995539
4.890	0.06018566
4.900	0.06011638
4.910	0.06000747
4.920	0.05998334
4.930	0.05971081
4.940	0.05973122
4.950	0.05970833
4.960	0.05944586
4.970	0.05916325
4.980	0.05915677
4.990	0.05878027
5.000	0.05841849
5.010	0.05861126
5.020	0.05839727
5.030	0.05812853
5.040	0.05819912
5.050	0.05809614
5.060	0.05795613
5.070	0.05763104
5.080	0.05754515
5.090	0.05740613
5.100	0.05758316
5.110	0.05732299
5.120	0.05704101
5.130	0.05657325
5.140	0.05639204
5.150	0.05630448
5.160	0.05608925
5.170	0.05618446
5.180	0.05606804
5.190	0.05616549
5.200	0.05604897
5.210	0.05605640
5.220	0.05581228
5.230	0.05535805
5.240	0.05508991
5.250	0.05493060
5.260	0.05471668
5.270	0.05494579
5.280	0.05493085
5.290	0.05501290
5.300	0.05468089
5.310	0.05474043
5.320	0.05452735
5.330	0.05426114
5.340	0.05416968
5.350	0.05400380
5.360	0.05407834
5.370	0.05364984
5.380	0.05356605
5.390	0.05359905
5.400	0.05335383
5.410	0.05345356
5.420	0.05336959
5.430	0.05316888
5.440	0.05309387
5.450	0.05277785
5.460	0.05259793
5.470	0.05238905
5.480	0.05224117
5.490	0.05232682
5.500	0.05226822
5.510	0.05208836
5.520	0.05188899
5.530	0.05171507
5.540	0.05147248
5.550	0.05130662
5.560	0.05148463
5.570	0.05133339
5.580	0.05135881
5.590	0.05113077
5.600	0.05115861
5.610	0.05097983
5.620	0.05081342
5.630	0.05049444
5.640	0.05021125
5.650	0.05000944
5.660	0.04979855
5.670	0.04941416
5.680	0.04967451
5.690	0.04976918
5.700	0.04954520
5.710	0.04981972
5.720	0.04950557
5.730	0.04951718
5.740	0.04945175
5.750	0.04951166
5.760	0.04937260
5.770	0.04895580
5.780	0.04891294
5.790	0.04894526
5.800	0.04877302
5.810	0.04870750
5.820	0.04856290
5.830	0.04844598
5.840	0.04861703
5.850	0.04829096
5.860	0.04810218
5.870	0.04789035
5.880	0.04792001
5.890	0.04802822
5.900	0.04804769
5.910	0.04794603
5.920	0.04788615
5.930	0.04768293
5.940	0.04762579
5.950	0.04761724
5.960	0.04739090
5.970	0.04716641
5.980	0.04712463
5.990	0.04702114
6.000	0.04679921
6.010	0.04681049
6.020	0.04687470
6.030	0.04682634
6.040	0.04687093
6.050	0.04687452
6.060	0.04689774
6.070	0.04652562
6.080	0.04647206
6.090	0.04630347
6.100	0.04622714
6.110	0.04620973
6.120	0.04610984
6.130	0.04608275
6.140	0.04608215
6.150	0.04626542
6.160	0.04609240
6.170	0.04611428
6.180	0.04592320
6.190	0.04615332
6.200	0.04597334
6.210	0.04598897
6.220	0.04611953
6.230	0.04601286
6.240	0.04589964
6.250	0.04579932
6.260	0.04577184
6.270	0.04564078
6.280	0.04575014
6.290	0.04548040
6.300	0.04533040
6.310	0.04504299
6.320	0.04505259
6.330	0.04480042
6.340	0.04460557
6.350	0.04441102
6.360	0.04446219
6.370	0.04441466
6.380	0.04414324
6.390	0.04420159
6.400	0.04405244
6.410	0.04412763
6.420	0.04386585
6.430	0.04359696
6.440	0.04331794
6.450	0.04346559
6.460	0.04335634
6.470	0.04329561
6.480	0.04318445
6.490	0.04291195
6.500	0.04272624
6.510	0.04269233
6.520	0.04256425
6.530	0.04253764
6.540	0.04251649
6.550	0.04260083
6.560	0.04281108
6.570	0.04271848
6.580	0.04256914
6.590	0.04247766
6.600	0.04243679
6.610	0.04252921
6.620	0.04246735
6.630	0.04253430
6.640	0.04237176
6.650	0.04235346
6.660	0.04202896
6.670	0.04189015
6.680	0.04172143
6.690	0.04185563
6.700	0.04169939
6.710	0.04159064
6.720	0.04163226
6.730	0.04137652
6.740	0.04138902
6.750	0.04135181
6.760	0.04122354
6.770	0.04087621
6.780	0.04102229
6.790	0.04093987
6.800	0.04114818
6.810	0.04098531
6.820	0.04096040
6.830	0.04097032
6.840	0.04074595
6.850	0.04073997
6.860	0.04086470
6.870	0.04095073
6.880	0.04086007
6.890	0.04071749
6.900	0.04086262
6.910	0.04072546
6.920	0.04060495
6.930	0.04064337
6.940	0.04044160
6.950	0.04037397
6.960	0.04030828
6.970	0.04021985
6.980	0.04012438
6.990	0.03994502
7.000	0.03979211
7.010	0.03984041
7.020	0.03965509
7.030	0.03955856
7.040	0.03954024
7.050	0.03933916
7.060	0.03940738
7.070	0.03918455
7.080	0.03936584
7.090	0.03908723
7.100	0.03875921
7.110	0.03871382
7.120	0.03869213
7.130	0.03866623
7.140	0.03858213
7.150	0.03845019
7.160	0.03856188
7.170	0.03854896
7.180	0.03828974
7.190	0.03817452
7.200	0.03840666
7.210	0.03829365
7.220	0.03819224
7.230	0.03815037
7.240	0.03810394
7.250	0.03820431
7.260	0.03808721
7.270	0.03819909
7.280	0.03799633
7.290	0.03807636
7.300	0.03814072
7.310	0.03797921
7.320	0.03790771
7.330	0.03783804
7.340	0.03780678
7.350	0.03762603
7.360	0.03763964
7.370	0.03771957
7.380	0.03769226
7.390	0.03761612
7.400	0.03768025
7.410	0.03772189
7.420	0.03763413
7.430	0.03747826
7.440	0.03767848
7.450	0.03782505
7.460	0.03767997
7.470	0.03759881
7.480	0.03771358
7.490	0.03756146
7.500	0.03741116
7.510	0.03735092
7.520	0.03735282
7.530	0.03736119
7.540	0.03742363
7.550	0.03735768
7.560	0.03732337
7.570	0.03710445
7.580	0.03725849
7.590	0.03707002
7.600	0.03699856
7.610	0.03706996
7.620	0.03698287
7.630	0.03713805
7.640	0.03696252
7.650	0.03679676
7.660	0.03664970
7.670	0.03660426
7.680	0.03653049
7.690	0.03652929
7.700	0.03648771
7.710	0.03648673
7.720	0.03649287
7.730	0.03643591
7.740	0.03651069
7.750	0.03645082
7.760	0.03641798
7.770	0.03640721
7.780	0.03637885
7.790	0.03649430
7.800	0.03636924
7.810	0.03630747
7.820	0.03647749
7.830	0.03667855
7.840	0.03659762
7.850	0.03653148
7.860	0.03653791
7.870	0.03648817
7.880	0.03636643
7.890	0.03619415
7.900	0.03604403
7.910	0.03592072
7.920	0.03590544
7.930	0.03599420
7.940	0.03604934
7.950	0.03608627
7.960	0.03579680
7.970	0.03554195
7.980	0.03556111
7.990	0.03546331
8.000	0.03549296
8.010	0.03536513
8.020	0.03529134
8.030	0.03545426
8.040	0.03539305
8.050	0.03519256
8.060	0.03517481
8.070	0.03506439
8.080	0.03503142
8.090	0.03482338
8.100	0.03477488
8.110	0.03474228
8.120	0.03477026
8.130	0.03477312
8.140	0.03458463
8.150	0.03455800
8.160	0.03438373
8.170	0.03444740
8.180	0.03449954
8.190	0.03444884
8.200	0.03421087
8.210	0.03411806
8.220	0.03409557
8.230	0.03406584
8.240	0.03394958
8.250	0.03393368
8.260	0.03388995
8.270	0.03375092
8.280	0.03367422
8.290	0.03364628
8.300	0.03362840
8.310	0.03350483
8.320	0.03367822
8.330	0.03375133
8.340	0.03370239
8.350	0.03360000
8.360	0.03357136
8.370	0.03366732
8.380	0.03350914
8.390	0.03348976
8.400	0.03340056
8.410	0.03320533
8.420	0.03314156
8.430	0.03304093
8.440	0.03301420
8.450	0.03314419
8.460	0.03303658
8.470	0.03311341
8.480	0.03302004
8.490	0.03291521
8.500	0.03284189
8.510	0.03278826
8.520	0.03272829
8.530	0.03261400
8.540	0.03260451
8.550	0.03249184
8.560	0.03238448
8.570	0.03225230
8.580	0.03231707
8.590	0.03208914
8.600	0.03188259
8.610	0.03177336
8.620	0.03173556
8.630	0.03159550
8.640	0.03158697
8.650	0.03156514
8.660	0.03153832
8.670	0.03143566
8.680	0.03129430
8.690	0.03133301
8.700	0.03136505
8.710	0.03141339
8.720	0.03131830
8.730	0.03122765
8.740	0.03129497
8.750	0.03123378
8.760	0.03111857
8.770	0.03100800
8.780	0.03098255
8.790	0.03098748
8.800	0.03109732
8.810	0.03103547
8.820	0.03109047
8.830	0.03102789
8.840	0.03099374
8.850	0.03101423
8.860	0.03103004
8.870	0.03096908
8.880	0.03087862
8.890	0.03073577
8.900	0.03069661
8.910	0.03055790
8.920	0.03051585
8.930	0.03043711
8.940	0.03038297
8.950	0.03042600
8.960	0.03038173
8.970	0.03028022
8.980	0.03024968
8.990	0.03041522
9.000	0.03031208
9.010	0.03018602
9.020	0.03022835
9.030	0.03019199
9.040	0.03019045
9.050	0.03005498
9.060	0.02998384
9.070	0.02985577
9.080	0.02974214
9.090	0.02986396
9.100	0.02989936
9.110	0.02978209
9.120	0.02965028
9.130	0.02963410
9.140	0.02959701
9.150	0.02959685
9.160	0.02965975
9.170	0.02963128
9.180	0.02954899
9.190	0.02933812
9.200	0.02929291
9.210	0.02914816
9.220	0.02904402
9.230	0.02905518
9.240	0.02912301
9.250	0.02908983
9.260	0.02916236
9.270	0.02900329
9.280	0.02891170
9.290	0.02894226
9.300	0.02905108
9.310	0.02899621
9.320	0.02880691
9.330	0.02885183
9.340	0.02882884
9.350	0.02881690
9.360	0.02873940
9.370	0.02873502
9.380	0.02862291
9.390	0.02847444
9.400	0.02856542
9.410	0.02863163
9.420	0.02863695
9.430	0.02860983
9.440	0.02865561
9.450	0.02864508
9.460	0.02854341
9.470	0.02845534
9.480	0.02844432
9.490	0.02824942
9.500	0.02832259
9.510	0.02818667
9.520	0.02806308
9.530	0.02804816
9.540	0.02808032
9.550	0.02803328
9.560	0.02799775
9.570	0.02803450
9.580	0.02810010
9.590	0.02804729
9.600	0.02809065
9.610	0.02804312
9.620	0.02795719
9.630	0.02802286
9.640	0.02814040
9.650	0.02795201
9.660	0.02797862
9.670	0.02779348
9.680	0.02778197
9.690	0.02778721
9.700	0.02785215
9.710	0.02785020
9.720	0.02786991
9.730	0.02788505
9.740	0.02789712
9.750	0.02780519
9.760	0.02783217
9.770	0.02777364
9.780	0.02769495
9.790	0.02777114
9.800	0.02766924
9.810	0.02741468
9.820	0.02740500
9.830	0.02732582
9.840	0.02729306
9.850	0.02721338
9.860	0.02703847
9.870	0.02703997
9.880	0.02681481
9.890	0.02669021
9.900	0.02660670
9.910	0.02653742
9.920	0.02659718
9.930	0.02658448
9.940	0.02669222
9.950	0.02648925
9.960	0.02639194
9.970	0.02653890
9.980	0.02661252
9.990	0.02645222
