0.000	0.00000000
0.003	12.57088447
0.006	13.05744227
0.009	13.23723573
0.012	13.08115789
0.015	12.75824409
0.018	12.03879610
0.021	11.40423156
0.024	10.47346470
0.027	9.67846502
0.030	8.93792903
0.033	8.25089447
0.036	7.73753432
0.039	7.34405103
0.042	6.86902620
0.045	6.47124469
0.048	6.03188349
0.052	5.81474197
0.055	5.49915296
0.058	5.25900542
0.061	4.96492036
0.064	4.74340015
0.067	4.47801253
0.070	4.24625057
0.073	4.12173665
0.076	3.86592365
0.079	3.69017378
0.082	3.55962652
0.085	3.42843418
0.088	3.22332213
0.091	3.05109734
0.094	2.92781069
0.097	2.78214381
0.100	2.69010818
0.103	2.56431505
0.106	2.45337827
0.109	2.33701959
0.112	2.20405206
0.115	2.15166949
0.118	2.02385812
0.121	1.94237527
0.124	1.84657243
0.127	1.76291115
0.130	1.68809229
0.133	1.62303128
0.136	1.53666401
0.139	1.44501548
0.142	1.37000763
0.145	1.29721670
0.148	1.23550264
0.152	1.15959663
0.155	1.09388099
0.158	1.01061392
0.161	0.93449609
0.164	0.84720628
0.167	0.76487664
0.170	0.67902733
0.173	0.59128042
0.176	0.51642638
0.179	0.44164038
0.182	0.36373578
0.185	0.31808464
0.188	0.25466226
0.191	0.19979107
0.194	0.16365187
0.197	0.13889556
0.200	0.11600899
0.203	0.10803898
0.206	0.10610483
0.209	0.10430877
0.212	0.10289407
0.215	0.10238061
0.218	0.10133076
0.221	0.10064315
0.224	0.10016355
0.227	0.09875480
0.230	0.09840773
0.233	0.09811640
0.236	0.09799082
0.239	0.09792597
0.242	0.09763895
0.245	0.09731743
0.248	0.09700882
0.252	0.09655782
0.255	0.09642898
0.258	0.09662838
0.261	0.09656602
0.264	0.09664441
0.267	0.09671200
0.270	0.09669514
0.273	0.09631813
0.276	0.09623039
0.279	0.09642579
0.282	0.09660037
0.285	0.09693724
0.288	0.09635365
0.291	0.09585381
0.294	0.09593856
0.297	0.09609761
0.300	0.09633688
