0.000	0.00000000
0.003	12.67566309
0.006	13.24870270
0.009	13.39147374
0.012	13.17395565
0.015	12.89155889
0.018	12.22355959
0.021	11.40738732
0.024	10.78927705
0.027	10.12111758
0.030	9.47526187
0.033	8.71632284
0.036	8.07196779
0.039	7.71855068
0.042	7.28320774
0.045	6.77356946
0.048	6.36200621
0.052	5.99332390
0.055	5.45401224
0.058	5.13740496
0.061	4.90221397
0.064	4.68553215
0.067	4.41544169
0.070	4.20667054
0.073	3.94820859
0.076	3.78405459
0.079	3.61131078
0.082	3.45144321
0.085	3.31943552
0.088	3.17511383
0.091	3.04200985
0.094	2.92465858
0.097	2.82030578
0.100	2.72938291
0.103	2.65242895
0.106	2.48440492
0.109	2.34331646
0.112	2.22553653
0.115	2.12329589
0.118	1.97510367
0.121	1.89611024
0.124	1.80865774
0.127	1.70642278
0.130	1.60338253
0.133	1.53705801
0.136	1.45447620
0.139	1.35870519
0.142	1.28232676
0.145	1.21061984
0.148	1.11992499
0.152	1.03417827
0.155	0.94846611
0.158	0.86611339
0.161	0.80162531
0.164	0.71931937
0.167	0.65503330
0.170	0.58984704
0.173	0.53519212
0.176	0.47204227
0.179	0.40958751
0.182	0.36958988
0.185	0.32634994
0.188	0.30095472
0.191	0.26537544
0.194	0.23167956
0.197	0.20924037
0.200	0.18813200
0.203	0.16431838
0.206	0.14881831
0.209	0.14162264
0.212	0.13676855
0.215	0.13396354
0.218	0.13203548
0.221	0.13009563
0.224	0.12795983
0.227	0.12695868
0.230	0.12409548
0.233	0.12254928
0.236	0.12132831
0.239	0.12039726
0.242	0.11969126
0.245	0.11927480
0.248	0.11813299
0.252	0.11747408
0.255	0.11656521
0.258	0.11613910
0.261	0.11588126
0.264	0.11549403
0.267	0.11539298
0.270	0.11534518
0.273	0.11486546
0.276	0.11478168
0.279	0.11399643
0.282	0.11426501
0.285	0.11395643
0.288	0.11403500
0.291	0.11374113
0.294	0.11381170
0.297	0.11325200
0.300	0.11323193
