0.000	0.00000000
0.101	0.00966998
0.202	0.03643305
0.303	0.07675014
0.404	0.12700448
0.505	0.18366604
0.606	0.24342916
0.707	0.30332134
0.808	0.36078249
0.909	0.41371568
1.010	0.46051087
1.111	0.50004514
1.212	0.53166127
1.313	0.55513064
1.414	0.57060267
1.515	0.57854511
1.616	0.57967922
1.717	0.57491436
1.818	0.56528203
1.919	0.55187533
2.020	0.53579400
2.121	0.51809660
2.222	0.49976143
2.323	0.48165625
2.424	0.46451730
2.525	0.44893605
2.626	0.43535477
2.727	0.42406881
2.828	0.41523435
2.929	0.40888170
3.030	0.40493159
3.131	0.40321377
3.232	0.40348747
3.333	0.40546083
3.434	0.40881145
3.535	0.41320327
3.636	0.41830353
3.737	0.42379627
3.838	0.42939297
3.939	0.43484185
4.040	0.43993207
4.141	0.44449824
4.242	0.44842008
4.343	0.45162175
4.444	0.45406875
4.545	0.45576312
4.646	0.45673914
4.747	0.45705584
4.848	0.45679273
4.949	0.45604263
5.051	0.45490567
5.152	0.45348462
5.253	0.45187960
5.354	0.45018483
5.455	0.44848445
5.556	0.44685190
5.657	0.44534679
5.758	0.44401484
5.859	0.44288847
5.960	0.44198648
6.061	0.44131560
6.162	0.44087186
6.263	0.44064209
6.364	0.44060618
6.465	0.44073789
6.566	0.44100865
6.667	0.44138708
6.768	0.44184203
6.869	0.44234352
6.970	0.44286358
7.071	0.44337772
7.172	0.44386484
7.273	0.44430822
7.374	0.44469491
7.475	0.44501662
7.576	0.44526888
7.677	0.44545058
7.778	0.44556425
7.879	0.44561415
7.980	0.44560745
8.081	0.44555228
8.182	0.44545787
8.283	0.44533374
8.384	0.44518931
8.485	0.44503361
8.586	0.44487472
8.687	0.44471995
8.788	0.44457529
8.889	0.44444535
8.990	0.44433372
9.091	0.44424243
9.192	0.44417262
9.293	0.44412405
9.394	0.44409611
9.495	0.44408668
9.596	0.44409363
9.697	0.44411469
9.798	0.44414669
9.899	0.44418684
10.000	0.44423224
