0.000	0.00000000
0.010	0.00159997
0.020	0.00318402
0.030	0.00475223
0.040	0.00630468
0.050	0.00784145
0.060	0.00936264
0.070	0.01086832
0.080	0.01235858
0.090	0.01383349
0.100	0.01529313
0.110	0.01673759
0.120	0.01816693
0.130	0.01958125
0.140	0.02098061
0.150	0.02236509
0.160	0.02373477
0.170	0.02508972
0.180	0.02643001
0.190	0.02775573
0.200	0.02906693
0.210	0.03036370
0.220	0.03164611
0.230	0.03291423
0.240	0.03416812
0.250	0.03540788
0.260	0.03663355
0.270	0.03784523
0.280	0.03904297
0.290	0.04022684
0.300	0.04139692
0.310	0.04255328
0.320	0.04369599
0.330	0.04482511
0.340	0.04594072
0.350	0.04704289
0.360	0.04813168
0.370	0.04920716
0.380	0.05026942
0.390	0.05131850
0.400	0.05235449
0.410	0.05337745
0.420	0.05438745
0.430	0.05538456
0.440	0.05636886
0.450	0.05734040
0.460	0.05829926
0.470	0.05924551
0.480	0.06017922
0.490	0.06110046
0.500	0.06200929
0.510	0.06290579
0.520	0.06379003
0.530	0.06466207
0.540	0.06552199
0.550	0.06636986
0.560	0.06720574
0.570	0.06802971
0.580	0.06884183
0.590	0.06964219
0.600	0.07043084
0.610	0.07120786
0.620	0.07197331
0.630	0.07272728
0.640	0.07346983
0.650	0.07420103
0.660	0.07492095
0.670	0.07562967
0.680	0.07632725
0.690	0.07701377
0.700	0.07768930
0.710	0.07835391
0.720	0.07900767
0.730	0.07965066
0.740	0.08028294
0.750	0.08090459
0.760	0.08151568
0.770	0.08211628
0.780	0.08270646
0.790	0.08328630
0.800	0.08385587
0.810	0.08441524
0.820	0.08496449
0.830	0.08550368
0.840	0.08603290
0.850	0.08655220
0.860	0.08706167
0.870	0.08756138
0.880	0.08805140
0.890	0.08853180
0.900	0.08900266
0.910	0.08946405
0.920	0.08991604
0.930	0.09035870
0.940	0.09079212
0.950	0.09121635
0.960	0.09163148
0.970	0.09203757
0.980	0.09243471
0.990	0.09282296
1.000	0.09320239
1.010	0.09357308
1.020	0.09393510
1.030	0.09428853
1.040	0.09463343
1.050	0.09496989
1.060	0.09529796
1.070	0.09561773
1.080	0.09592926
1.090	0.09623263
1.100	0.09652791
1.110	0.09681518
1.120	0.09709450
1.130	0.09736595
1.140	0.09762959
1.150	0.09788551
1.160	0.09813376
1.170	0.09837443
1.180	0.09860759
1.190	0.09883330
1.200	0.09905163
1.210	0.09926266
1.220	0.09946646
1.230	0.09966310
1.240	0.09985265
1.250	0.10003517
1.260	0.10021074
1.270	0.10037944
1.280	0.10054131
1.290	0.10069645
1.300	0.10084491
1.310	0.10098677
1.320	0.10112209
1.330	0.10125094
1.340	0.10137339
1.350	0.10148951
1.360	0.10159937
1.370	0.10170303
1.380	0.10180057
1.390	0.10189204
1.400	0.10197751
1.410	0.10205706
1.420	0.10213074
1.430	0.10219863
1.440	0.10226079
1.450	0.10231729
1.460	0.10236818
1.470	0.10241354
1.480	0.10245343
1.490	0.10248792
1.500	0.10251706
1.510	0.10254093
1.520	0.10255958
1.530	0.10257308
1.540	0.10258149
1.550	0.10258488
1.560	0.10258330
1.570	0.10257682
1.580	0.10256551
1.590	0.10254941
1.600	0.10252860
1.610	0.10250313
1.620	0.10247306
1.630	0.10243846
1.640	0.10239938
1.650	0.10235588
1.660	0.10230803
1.670	0.10225587
1.680	0.10219948
1.690	0.10213890
1.700	0.10207419
1.710	0.10200542
1.720	0.10193263
1.730	0.10185589
1.740	0.10177525
1.750	0.10169077
1.760	0.10160250
1.770	0.10151050
1.780	0.10141482
1.790	0.10131552
1.800	0.10121265
1.810	0.10110626
1.820	0.10099641
1.830	0.10088316
1.840	0.10076654
1.850	0.10064663
1.860	0.10052346
1.870	0.10039708
1.880	0.10026756
1.890	0.10013494
1.900	0.09999927
1.910	0.09986061
1.920	0.09971899
1.930	0.09957447
1.940	0.09942711
1.950	0.09927694
1.960	0.09912401
1.970	0.09896838
1.980	0.09881010
1.990	0.09864919
2.000	0.09848573
2.010	0.09831974
2.020	0.09815128
2.030	0.09798039
2.040	0.09780712
2.050	0.09763151
2.060	0.09745360
2.070	0.09727345
2.080	0.09709109
2.090	0.09690657
2.100	0.09671992
2.110	0.09653120
2.120	0.09634044
2.130	0.09614769
2.140	0.09595299
2.150	0.09575637
2.160	0.09555788
2.170	0.09535757
2.180	0.09515546
2.190	0.09495159
2.200	0.09474602
2.210	0.09453877
2.220	0.09432989
2.230	0.09411941
2.240	0.09390737
2.250	0.09369380
2.260	0.09347875
2.270	0.09326225
2.280	0.09304434
2.290	0.09282505
2.300	0.09260442
2.310	0.09238248
2.320	0.09215927
2.330	0.09193482
2.340	0.09170917
2.350	0.09148235
2.360	0.09125439
2.370	0.09102533
2.380	0.09079520
2.390	0.09056402
2.400	0.09033184
2.410	0.09009869
2.420	0.08986459
2.430	0.08962957
2.440	0.08939368
2.450	0.08915693
2.460	0.08891936
2.470	0.08868099
2.480	0.08844186
2.490	0.08820199
2.500	0.08796142
2.510	0.08772017
2.520	0.08747826
2.530	0.08723573
2.540	0.08699261
2.550	0.08674892
2.560	0.08650468
2.570	0.08625992
2.580	0.08601468
2.590	0.08576897
2.600	0.08552281
2.610	0.08527625
2.620	0.08502929
2.630	0.08478196
2.640	0.08453430
2.650	0.08428631
2.660	0.08403803
2.670	0.08378947
2.680	0.08354066
2.690	0.08329163
2.700	0.08304239
2.710	0.08279297
2.720	0.08254339
2.730	0.08229366
2.740	0.08204382
2.750	0.08179387
2.760	0.08154385
2.770	0.08129377
2.780	0.08104365
2.790	0.08079351
2.800	0.08054337
2.810	0.08029324
2.820	0.08004316
2.830	0.07979313
2.840	0.07954318
2.850	0.07929332
2.860	0.07904356
2.870	0.07879394
2.880	0.07854445
2.890	0.07829513
2.900	0.07804599
2.910	0.07779704
2.920	0.07754830
2.930	0.07729978
2.940	0.07705150
2.950	0.07680349
2.960	0.07655574
2.970	0.07630827
2.980	0.07606111
2.990	0.07581426
3.000	0.07556775
3.010	0.07532157
3.020	0.07507575
3.030	0.07483030
3.040	0.07458523
3.050	0.07434055
3.060	0.07409629
3.070	0.07385244
3.080	0.07360903
3.090	0.07336606
3.100	0.07312354
3.110	0.07288150
3.120	0.07263993
3.130	0.07239886
3.140	0.07215828
3.150	0.07191821
3.160	0.07167867
3.170	0.07143966
3.180	0.07120119
3.190	0.07096328
3.200	0.07072592
3.210	0.07048914
3.220	0.07025293
3.230	0.07001732
3.240	0.06978230
3.250	0.06954789
3.260	0.06931410
3.270	0.06908092
3.280	0.06884838
3.290	0.06861648
3.300	0.06838523
3.310	0.06815463
3.320	0.06792469
3.330	0.06769542
3.340	0.06746683
3.350	0.06723892
3.360	0.06701170
3.370	0.06678518
3.380	0.06655936
3.390	0.06633425
3.400	0.06610985
3.410	0.06588617
3.420	0.06566322
3.430	0.06544100
3.440	0.06521952
3.450	0.06499877
3.460	0.06477878
3.470	0.06455954
3.480	0.06434105
3.490	0.06412333
3.500	0.06390637
3.510	0.06369018
3.520	0.06347477
3.530	0.06326013
3.540	0.06304628
3.550	0.06283321
3.560	0.06262093
3.570	0.06240944
3.580	0.06219875
3.590	0.06198887
3.600	0.06177978
3.610	0.06157150
3.620	0.06136402
3.630	0.06115736
3.640	0.06095151
3.650	0.06074648
3.660	0.06054227
3.670	0.06033888
3.680	0.06013631
3.690	0.05993456
3.700	0.05973364
3.710	0.05953355
3.720	0.05933429
3.730	0.05913587
3.740	0.05893827
3.750	0.05874151
3.760	0.05854559
3.770	0.05835050
3.780	0.05815626
3.790	0.05796285
3.800	0.05777028
3.810	0.05757855
3.820	0.05738766
3.830	0.05719762
3.840	0.05700842
3.850	0.05682006
3.860	0.05663254
3.870	0.05644587
3.880	0.05626004
3.890	0.05607505
3.900	0.05589091
3.910	0.05570761
3.920	0.05552515
3.930	0.05534354
3.940	0.05516277
3.950	0.05498284
3.960	0.05480375
3.970	0.05462551
3.980	0.05444810
3.990	0.05427153
4.000	0.05409581
4.010	0.05392092
4.020	0.05374687
4.030	0.05357365
4.040	0.05340127
4.050	0.05322973
4.060	0.05305901
4.070	0.05288913
4.080	0.05272008
4.090	0.05255186
4.100	0.05238446
4.110	0.05221789
4.120	0.05205215
4.130	0.05188723
4.140	0.05172313
4.150	0.05155984
4.160	0.05139738
4.170	0.05123573
4.180	0.05107490
4.190	0.05091488
4.200	0.05075567
4.210	0.05059727
4.220	0.05043967
4.230	0.05028288
4.240	0.05012690
4.250	0.04997171
4.260	0.04981732
4.270	0.04966372
4.280	0.04951092
4.290	0.04935891
4.300	0.04920769
4.310	0.04905725
4.320	0.04890760
4.330	0.04875873
4.340	0.04861063
4.350	0.04846332
4.360	0.04831678
4.370	0.04817101
4.380	0.04802600
4.390	0.04788177
4.400	0.04773830
4.410	0.04759558
4.420	0.04745363
4.430	0.04731243
4.440	0.04717198
4.450	0.04703229
4.460	0.04689334
4.470	0.04675513
4.480	0.04661766
4.490	0.04648094
4.500	0.04634494
4.510	0.04620968
4.520	0.04607515
4.530	0.04594135
4.540	0.04580826
4.550	0.04567590
4.560	0.04554426
4.570	0.04541333
4.580	0.04528311
4.590	0.04515359
4.600	0.04502479
4.610	0.04489668
4.620	0.04476928
4.630	0.04464257
4.640	0.04451655
4.650	0.04439122
4.660	0.04426657
4.670	0.04414261
4.680	0.04401933
4.690	0.04389673
4.700	0.04377480
4.710	0.04365354
4.720	0.04353294
4.730	0.04341301
4.740	0.04329374
4.750	0.04317512
4.760	0.04305716
4.770	0.04293985
4.780	0.04282319
4.790	0.04270717
4.800	0.04259180
4.810	0.04247706
4.820	0.04236295
4.830	0.04224948
4.840	0.04213663
4.850	0.04202440
4.860	0.04191280
4.870	0.04180182
4.880	0.04169145
4.890	0.04158169
4.900	0.04147254
4.910	0.04136399
4.920	0.04125604
4.930	0.04114870
4.940	0.04104194
4.950	0.04093578
4.960	0.04083021
4.970	0.04072522
4.980	0.04062081
4.990	0.04051698
5.000	0.04041373
5.010	0.04031105
5.020	0.04020894
5.030	0.04010739
5.040	0.04000640
5.050	0.03990597
5.060	0.03980610
5.070	0.03970678
5.080	0.03960801
5.090	0.03950978
5.100	0.03941210
5.110	0.03931496
5.120	0.03921835
5.130	0.03912228
5.140	0.03902673
5.150	0.03893171
5.160	0.03883722
5.170	0.03874324
5.180	0.03864979
5.190	0.03855684
5.200	0.03846441
5.210	0.03837249
5.220	0.03828106
5.230	0.03819014
5.240	0.03809972
5.250	0.03800980
5.260	0.03792036
5.270	0.03783142
5.280	0.03774296
5.290	0.03765498
5.300	0.03756748
5.310	0.03748046
5.320	0.03739392
5.330	0.03730784
5.340	0.03722223
5.350	0.03713709
5.360	0.03705241
5.370	0.03696818
5.380	0.03688442
5.390	0.03680110
5.400	0.03671824
5.410	0.03663582
5.420	0.03655384
5.430	0.03647231
5.440	0.03639121
5.450	0.03631055
5.460	0.03623033
5.470	0.03615053
5.480	0.03607116
5.490	0.03599221
5.500	0.03591368
5.510	0.03583558
5.520	0.03575788
5.530	0.03568060
5.540	0.03560373
5.550	0.03552727
5.560	0.03545121
5.570	0.03537556
5.580	0.03530030
5.590	0.03522544
5.600	0.03515097
5.610	0.03507689
5.620	0.03500320
5.630	0.03492990
5.640	0.03485698
5.650	0.03478443
5.660	0.03471227
5.670	0.03464048
5.680	0.03456907
5.690	0.03449802
5.700	0.03442734
5.710	0.03435703
5.720	0.03428708
5.730	0.03421749
5.740	0.03414825
5.750	0.03407937
5.760	0.03401085
5.770	0.03394267
5.780	0.03387484
5.790	0.03380735
5.800	0.03374021
5.810	0.03367341
5.820	0.03360694
5.830	0.03354081
5.840	0.03347501
5.850	0.03340955
5.860	0.03334441
5.870	0.03327959
5.880	0.03321511
5.890	0.03315094
5.900	0.03308709
5.910	0.03302356
5.920	0.03296034
5.930	0.03289743
5.940	0.03283484
5.950	0.03277255
5.960	0.03271057
5.970	0.03264889
5.980	0.03258751
5.990	0.03252644
6.000	0.03246565
6.010	0.03240517
6.020	0.03234497
6.030	0.03228507
6.040	0.03222545
6.050	0.03216612
6.060	0.03210708
6.070	0.03204832
6.080	0.03198983
6.090	0.03193163
6.100	0.03187370
6.110	0.03181605
6.120	0.03175867
6.130	0.03170155
6.140	0.03164471
6.150	0.03158813
6.160	0.03153182
6.170	0.03147577
6.180	0.03141998
6.190	0.03136445
6.200	0.03130917
6.210	0.03125415
6.220	0.03119939
6.230	0.03114487
6.240	0.03109060
6.250	0.03103659
6.260	0.03098281
6.270	0.03092928
6.280	0.03087599
6.290	0.03082295
6.300	0.03077014
6.310	0.03071757
6.320	0.03066523
6.330	0.03061313
6.340	0.03056125
6.350	0.03050961
6.360	0.03045820
6.370	0.03040701
6.380	0.03035605
6.390	0.03030531
6.400	0.03025479
6.410	0.03020449
6.420	0.03015441
6.430	0.03010455
6.440	0.03005491
6.450	0.03000547
6.460	0.02995625
6.470	0.02990724
6.480	0.02985844
6.490	0.02980984
6.500	0.02976146
6.510	0.02971327
6.520	0.02966529
6.530	0.02961751
6.540	0.02956993
6.550	0.02952255
6.560	0.02947537
6.570	0.02942838
6.580	0.02938158
6.590	0.02933498
6.600	0.02928857
6.610	0.02924235
6.620	0.02919632
6.630	0.02915048
6.640	0.02910482
6.650	0.02905934
6.660	0.02901405
6.670	0.02896894
6.680	0.02892401
6.690	0.02887926
6.700	0.02883469
6.710	0.02879030
6.720	0.02874608
6.730	0.02870203
6.740	0.02865816
6.750	0.02861446
6.760	0.02857093
6.770	0.02852756
6.780	0.02848437
6.790	0.02844134
6.800	0.02839848
6.810	0.02835578
6.820	0.02831325
6.830	0.02827087
6.840	0.02822866
6.850	0.02818661
6.860	0.02814471
6.870	0.02810297
6.880	0.02806139
6.890	0.02801997
6.900	0.02797869
6.910	0.02793757
6.920	0.02789661
6.930	0.02785579
6.940	0.02781512
6.950	0.02777460
6.960	0.02773423
6.970	0.02769401
6.980	0.02765393
6.990	0.02761399
7.000	0.02757420
7.010	0.02753455
7.020	0.02749504
7.030	0.02745567
7.040	0.02741644
7.050	0.02737735
7.060	0.02733840
7.070	0.02729958
7.080	0.02726090
7.090	0.02722235
7.100	0.02718394
7.110	0.02714566
7.120	0.02710751
7.130	0.02706949
7.140	0.02703160
7.150	0.02699384
7.160	0.02695621
7.170	0.02691871
7.180	0.02688133
7.190	0.02684408
7.200	0.02680695
7.210	0.02676995
7.220	0.02673307
7.230	0.02669631
7.240	0.02665967
7.250	0.02662316
7.260	0.02658676
7.270	0.02655048
7.280	0.02651432
7.290	0.02647828
7.300	0.02644235
7.310	0.02640654
7.320	0.02637085
7.330	0.02633526
7.340	0.02629979
7.350	0.02626444
7.360	0.02622920
7.370	0.02619406
7.380	0.02615904
7.390	0.02612413
7.400	0.02608932
7.410	0.02605463
7.420	0.02602004
7.430	0.02598556
7.440	0.02595118
7.450	0.02591691
7.460	0.02588275
7.470	0.02584869
7.480	0.02581473
7.490	0.02578087
7.500	0.02574712
7.510	0.02571347
7.520	0.02567992
7.530	0.02564647
7.540	0.02561312
7.550	0.02557987
7.560	0.02554671
7.570	0.02551366
7.580	0.02548070
7.590	0.02544783
7.600	0.02541507
7.610	0.02538239
7.620	0.02534982
7.630	0.02531733
7.640	0.02528494
7.650	0.02525265
7.660	0.02522044
7.670	0.02518833
7.680	0.02515631
7.690	0.02512438
7.700	0.02509253
7.710	0.02506078
7.720	0.02502912
7.730	0.02499755
7.740	0.02496606
7.750	0.02493466
7.760	0.02490335
7.770	0.02487212
7.780	0.02484098
7.790	0.02480993
7.800	0.02477896
7.810	0.02474807
7.820	0.02471727
7.830	0.02468655
7.840	0.02465592
7.850	0.02462536
7.860	0.02459489
7.870	0.02456450
7.880	0.02453419
7.890	0.02450396
7.900	0.02447381
7.910	0.02444375
7.920	0.02441376
7.930	0.02438384
7.940	0.02435401
7.950	0.02432426
7.960	0.02429458
7.970	0.02426498
7.980	0.02423545
7.990	0.02420600
8.000	0.02417663
8.010	0.02414733
8.020	0.02411811
8.030	0.02408896
8.040	0.02405989
8.050	0.02403089
8.060	0.02400196
8.070	0.02397311
8.080	0.02394433
8.090	0.02391562
8.100	0.02388698
8.110	0.02385841
8.120	0.02382992
8.130	0.02380149
8.140	0.02377314
8.150	0.02374485
8.160	0.02371663
8.170	0.02368849
8.180	0.02366041
8.190	0.02363240
8.200	0.02360446
8.210	0.02357659
8.220	0.02354878
8.230	0.02352104
8.240	0.02349337
8.250	0.02346576
8.260	0.02343822
8.270	0.02341075
8.280	0.02338334
8.290	0.02335599
8.300	0.02332871
8.310	0.02330150
8.320	0.02327435
8.330	0.02324726
8.340	0.02322024
8.350	0.02319328
8.360	0.02316638
8.370	0.02313955
8.380	0.02311277
8.390	0.02308606
8.400	0.02305942
8.410	0.02303283
8.420	0.02300630
8.430	0.02297984
8.440	0.02295343
8.450	0.02292709
8.460	0.02290081
8.470	0.02287458
8.480	0.02284842
8.490	0.02282231
8.500	0.02279626
8.510	0.02277028
8.520	0.02274435
8.530	0.02271848
8.540	0.02269266
8.550	0.02266691
8.560	0.02264121
8.570	0.02261557
8.580	0.02258998
8.590	0.02256446
8.600	0.02253899
8.610	0.02251357
8.620	0.02248821
8.630	0.02246291
8.640	0.02243766
8.650	0.02241247
8.660	0.02238733
8.670	0.02236225
8.680	0.02233722
8.690	0.02231225
8.700	0.02228733
8.710	0.02226246
8.720	0.02223765
8.730	0.02221289
8.740	0.02218819
8.750	0.02216354
8.760	0.02213894
8.770	0.02211439
8.780	0.02208990
8.790	0.02206545
8.800	0.02204106
8.810	0.02201673
8.820	0.02199244
8.830	0.02196821
8.840	0.02194402
8.850	0.02191989
8.860	0.02189581
8.870	0.02187178
8.880	0.02184779
8.890	0.02182386
8.900	0.02179998
8.910	0.02177615
8.920	0.02175237
8.930	0.02172864
8.940	0.02170496
8.950	0.02168132
8.960	0.02165774
8.970	0.02163421
8.980	0.02161072
8.990	0.02158728
9.000	0.02156389
9.010	0.02154055
9.020	0.02151725
9.030	0.02149401
9.040	0.02147081
9.050	0.02144766
9.060	0.02142456
9.070	0.02140150
9.080	0.02137849
9.090	0.02135553
9.100	0.02133261
9.110	0.02130974
9.120	0.02128691
9.130	0.02126414
9.140	0.02124141
9.150	0.02121872
9.160	0.02119608
9.170	0.02117349
9.180	0.02115094
9.190	0.02112843
9.200	0.02110597
9.210	0.02108356
9.220	0.02106119
9.230	0.02103886
9.240	0.02101658
9.250	0.02099435
9.260	0.02097216
9.270	0.02095001
9.280	0.02092791
9.290	0.02090585
9.300	0.02088383
9.310	0.02086186
9.320	0.02083993
9.330	0.02081804
9.340	0.02079620
9.350	0.02077440
9.360	0.02075264
9.370	0.02073093
9.380	0.02070926
9.390	0.02068763
9.400	0.02066604
9.410	0.02064450
9.420	0.02062299
9.430	0.02060153
9.440	0.02058011
9.450	0.02055874
9.460	0.02053740
9.470	0.02051610
9.480	0.02049485
9.490	0.02047364
9.500	0.02045247
9.510	0.02043134
9.520	0.02041025
9.530	0.02038920
9.540	0.02036819
9.550	0.02034723
9.560	0.02032630
9.570	0.02030541
9.580	0.02028457
9.590	0.02026376
9.600	0.02024300
9.610	0.02022227
9.620	0.02020158
9.630	0.02018093
9.640	0.02016033
9.650	0.02013976
9.660	0.02011923
9.670	0.02009874
9.680	0.02007829
9.690	0.02005788
9.700	0.02003750
9.710	0.02001717
9.720	0.01999687
9.730	0.01997661
9.740	0.01995639
9.750	0.01993621
9.760	0.01991607
9.770	0.01989597
9.780	0.01987590
9.790	0.01985587
9.800	0.01983588
9.810	0.01981593
9.820	0.01979601
9.830	0.01977613
9.840	0.01975629
9.850	0.01973649
9.860	0.01971672
9.870	0.01969699
9.880	0.01967730
9.890	0.01965765
9.900	0.01963803
9.910	0.01961845
9.920	0.01959890
9.930	0.01957939
9.940	0.01955992
9.950	0.01954048
9.960	0.01952108
9.970	0.01950172
9.980	0.01948239
9.990	0.01946310
10.000	0.01944385
