0.99991757
0.99651597
0.99573501
0.98921178
0.90331002
0.99763636
0.98440586
0.98687036
0.90624814
0.98639735
0.98604058
0.98212908
0.94556495
0.99674505
0.98333250
0.98553799
0.73500793
0.99961384
0.97464044
0.96898516
0.97619461
0.98760729
0.80320280
0.95583109
0.91903092
0.97741997
0.98334681
0.99878492
0.98117693
0.99507391
0.96063450
0.84519245
0.94228907
0.85763901
0.91591690
0.92303272
0.91555264
0.96061789
0.99335865
0.95639968
0.89862112
0.98820646
0.96598775
0.81854412
0.96363293
0.64973939
0.96048196
0.98637399
0.94888707
0.99145796
0.75202301
0.95687736
0.99451679
0.98647999
0.89734521
0.99263836
0.90338057
0.98367163
0.88818946
0.98809327
0.98931850
0.81292530
0.97369449
0.99267489
0.97068748
0.99452867
0.92104803
0.99670522
0.99951505
0.98394718
0.99248692
0.99259912
0.86126518
0.97072786
0.95139078
0.97555796
0.98969869
0.98927998
0.97950220
0.69588469
0.93896312
0.90004623
0.65328295
0.99802028
0.99943128
0.99898663
0.90935554
0.95681329
0.88767327
0.99722046
0.97925948
0.93560700
0.97644608
0.83080477
0.97008073
0.99549194
0.96537387
0.99459724
0.95238243
0.99762036
0.97199807
0.99947660
0.99644606
0.88363908
0.99509481
0.99691712
0.98353249
0.99394618
0.98149871
0.96466643
0.92351888
0.83128683
0.93646663
0.97287833
0.98679979
0.94368141
0.94008962
0.99441317
0.88344642
0.99815746
0.61868001
0.94257192
0.51580262
0.96576158
0.96756733
0.83581122
0.98346338
0.98438923
0.97348507
0.99881589
0.94647171
0.72977559
0.98805793
0.99919505
0.99256874
0.99620987
0.99316613
0.81149786
0.98964179
0.99603148
0.98322507
0.98879392
0.98658167
0.57518444
0.99743454
0.99173941
0.98593719
0.99151985
0.91271107
0.84020740
0.99971072
0.97954806
0.94826903
0.97124460
0.89232553
0.99425221
0.99759776
0.97952398
0.53750026
0.95976877
0.97773457
0.96159252
0.98357405
0.98525131
0.97600539
0.97717983
0.99304862
0.99138711
0.86191932
0.96657502
0.97797974
0.97258301
0.94577684
0.97942468
0.99339896
0.88523214
0.92438811
0.93662986
0.98855394
0.98374025
0.99505099
0.99963154
0.94710953
0.99427758
0.99458929
0.94463710
0.92694881
0.99483571
0.98313422
0.61973095
0.99857933
0.95903019
0.99760654
0.93639802
0.45232025
0.99090939
0.97263546
0.99968902
0.91556641
0.99383750
0.95079929
0.96152546
0.98400068
0.88699833
0.99497268
0.98736655
0.99615853
0.98662816
0.98140454
0.97040662
0.98541981
0.96760620
0.96952455
0.96708131
0.95845983
0.95376302
0.98738248
0.97288220
0.99268692
0.99389826
0.94832645
0.81447992
0.98252172
0.98947982
0.99299815
0.86759396
0.97154819
0.99215363
0.97189045
0.95478976
0.82494015
0.97797571
0.95028610
0.96884598
0.90553128
0.97773703
0.55268848
0.82847713
0.97520525
0.99108783
0.98444454
0.98621935
0.99553088
0.97794070
0.94944398
0.99870856
0.95980740
0.99890636
0.95320223
0.97537009
0.82973877
0.99338211
0.90922979
0.93045652
0.93890328
0.99770311
0.96084402
0.98803597
0.97797769
0.98621900
0.95583458
0.99695388
0.98664635
0.77814113
0.86032116
0.89955888
0.86266184
0.99060857
0.99777341
0.97881014
0.99704323
0.92219181
0.96203811
0.95217396
0.72764958
0.98581457
0.93150759
0.99580504
0.82592656
0.87774863
0.83069310
0.99704201
0.89101465
0.82124752
0.99086726
0.99297078
0.99411941
0.94625174
0.99618331
0.84830516
0.98721763
0.97489554
0.89623249
0.99120492
0.93481687
0.98288392
0.98254262
0.63053483
0.81400426
0.97083482
0.94517551
0.97420826
0.97224979
0.99888712
0.97857664
0.98855219
0.97687587
0.99563189
0.97016118
0.99966492
0.97593055
0.99836815
0.81787446
0.92056885
0.86681645
0.99504956
0.89171507
0.98451770
0.90401279
0.97618046
0.99928744
0.87121669
0.99969295
0.98928888
0.99150024
0.95966527
0.96738028
0.94783021
0.93685020
0.98737540
0.99003386
0.89511756
0.99187856
0.99192811
0.86403492
0.93773154
0.95622635
0.99466151
0.98864778
0.98897201
0.91247335
0.79736371
0.99411633
0.95668594
0.72902460
0.98179839
0.98772619
0.99258456
0.94754582
0.98112950
0.98115699
0.92414418
0.99826140
0.90068725
0.93429022
0.93062717
0.99957922
0.95238296
0.97207841
0.99746097
0.99198128
0.93612722
0.95137671
0.96176620
0.98292043
0.93211021
0.96455799
0.96657125
0.68336933
0.98257524
0.94376421
0.96769898
0.85304475
0.87696399
0.99136432
0.92315370
0.99751365
0.55796775
0.97990503
0.95790961
0.97835822
0.97443540
0.96298792
0.98950157
0.96839538
0.99902363
0.97649798
0.98333939
0.99820858
0.99453367
0.55694008
0.75220531
0.93440468
0.98524839
0.87264888
0.99495306
0.81283946
0.94933616
0.99827038
0.95458161
0.96628814
0.91409922
0.95132355
0.97307200
0.97840461
0.94281353
0.91860825
0.95455061
0.98341303
0.99397163
0.94611241
0.57775088
0.99745392
0.99786030
0.90239782
0.85467073
0.86618192
0.96932682
0.99799547
0.99067448
0.89654375
0.91662420
0.95882729
0.95083656
0.65533093
0.92011020
0.99687079
0.99173804
0.97511869
0.75210744
0.98646863
0.99284481
0.99737217
0.98453049
0.96633333
0.98809151
0.88362102
0.97251160
0.97446958
0.90829701
0.99146161
0.97776919
0.99818853
0.98781216
0.98113505
0.98893728
0.82777053
0.99216008
0.99610789
0.98576690
0.95342070
0.99657597
0.98630526
0.93556716
0.99966327
0.95713224
0.99537982
0.87966872
0.99429718
0.87963007
0.91797119
0.97388856
0.98368911
0.98261223
0.97858263
0.81915533
0.89266826
0.99009205
0.97329394
0.99604147
0.96282108
0.90999598
0.67438416
0.97430281
0.98432071
0.99276444
0.97829806
0.84906982
0.98021720
0.82288865
0.65217885
0.88165786
0.89115055
0.99601753
0.88990106
0.90117454
0.97472430
0.98361961
0.97480486
0.77356825
0.86290488
0.97035655
0.93393384
0.90162478
0.97907565
0.99920399
0.99914391
0.98781311
0.96949466
0.99209318
0.99094581
0.99993755
0.90999091
0.72236039
0.93529311
0.91913259
0.99750610
0.98712299
0.89125631
0.80364663
0.82028862
0.96666291
0.99962412
0.91512261
0.99685015
0.96293002
0.95295367
0.75213491
0.90839883
0.99649125
0.90482158
0.99935891
0.91389257
0.95284891
0.95397411
0.89735916
0.88541025
0.99628397
0.96269239
0.79064975
0.99782450
0.87640147
0.99920558
0.92578319
0.92893085
0.87822209
0.94224375
0.98918494
0.97379178
0.96526523
0.98234529
0.98864281
0.97032218
0.98087636
0.95989205
0.99332142
0.78581569
0.83306802
0.92537278
0.98937293
0.89043805
0.98619013
0.97969062
0.99438059
0.75831616
0.94720051
0.94456175
0.99642922
0.99439162
0.76458163
0.98815451
0.92689690
0.98618804
0.97721020
0.99828766
0.97431150
0.89960325
0.97587474
0.95659415
0.96762350
0.97008798
0.99188297
0.96820827
0.97653206
0.98088060
0.98916766
0.99827326
0.97546502
0.98614526
0.98066921
0.77967697
0.96005019
0.96856877
0.98370521
0.98862645
0.99968169
0.99659452
0.94361486
0.98470258
0.97997535
0.83707468
0.99505091
0.96906787
0.90679363
0.91749026
0.83665080
0.99419129
0.96883129
0.97393602
0.70637893
0.90119135
0.99669202
0.99078973
0.94597574
0.98366330
0.92179239
0.95337803
0.79287571
0.74770180
0.92055454
0.99929968
0.98190672
0.78509630
0.98024146
0.95111273
0.99743476
0.95177322
0.95715964
0.99636687
0.77863298
0.98724776
0.99232795
0.99650343
0.97844794
0.92936463
0.89354834
0.90408869
0.97443441
0.98603776
0.95914514
0.99291974
0.96251776
0.98135397
0.86621740
0.97206394
0.98846739
0.90734932
0.99854119
0.94249456
0.91647470
0.93553485
0.98297123
0.91499655
0.94153244
0.99980118
0.71418115
0.76683503
0.97250866
0.99968083
0.97246474
0.99137769
0.91532318
0.98236173
0.95849246
0.96957063
0.98473309
0.96934807
0.92686605
0.99579083
0.95816494
0.98230998
0.99971164
0.96981506
0.89728474
0.87859248
0.97406777
0.81854258
0.97661537
0.94949697
0.97302815
0.97847317
0.99561950
0.99273797
0.81242286
0.94596719
0.86991385
0.49874634
0.94425830
0.83633858
0.94430270
0.96820482
0.82257917
0.79085635
0.97774456
0.95510252
0.76725140
0.99958058
0.99061712
0.98117088
0.99703293
0.66396407
0.89483510
0.99523790
0.91030452
0.95694123
0.93523287
0.98481076
0.95408603
0.95637373
0.83819692
0.74580453
0.99610778
0.98800962
0.99962769
0.99020235
0.93190663
0.99655336
0.93591985
0.99750226
0.99390139
0.97749275
0.99671394
0.94845105
0.90623377
0.56965654
0.82251455
0.95265814
0.98887565
0.95362320
0.88040225
0.88870630
0.91665540
0.98172486
0.95206155
0.98048667
0.96769250
0.97908586
0.96001686
0.99857880
0.95420572
0.95245332
0.87657172
0.99816863
0.88965526
0.99807499
0.96984228
0.90994589
0.97325457
0.90401756
0.87043148
0.90712565
0.75249936
0.99764661
0.97048915
0.97549142
0.99910065
0.60644277
0.94206635
0.98847716
0.89838157
0.93310600
0.99282593
0.86685077
0.99910535
0.59773482
0.99347871
0.98311450
0.91480056
0.99867691
0.98264793
0.86022667
0.99883943
0.99281222
0.92634611
0.99098098
0.96586638
0.98139565
0.99216517
0.88945327
0.98316948
0.99110904
0.95823758
0.91552317
0.99325581
0.72970302
0.99626494
0.96707761
0.99927602
0.98177717
0.97721786
0.99468673
0.91685073
0.95757669
0.99658563
0.93242557
0.96499187
0.97240502
0.98358957
0.92672926
0.93727614
0.93518033
0.99698975
0.99194805
0.71299043
0.97302388
0.97509021
0.92887168
0.99818016
0.97034790
0.98758595
0.97008873
0.96266897
0.99001251
0.86857940
0.98804180
0.95719172
0.98129667
0.99482240
0.91535457
0.97667787
0.99330796
0.96617148
0.98254574
0.98557688
0.98106886
0.55075300
0.92542920
0.92847863
0.98769920
0.57399725
0.98646512
0.98321023
0.93373530
0.98676026
0.98581113
0.89171201
0.98830375
0.91012882
0.61255144
0.98880859
0.99534946
0.94101406
0.99742185
0.99222603
0.97051546
0.99493537
0.99294191
0.96592710
0.99684911
0.98879274
0.98231338
0.84422686
0.89678955
0.96607769
0.99093564
0.99397771
0.98073057
0.92998263
0.98966563
0.96725574
0.85418635
0.95965329
0.81209124
0.98423692
0.79850940
0.98945223
0.98445759
0.99558503
0.90873528
0.99195838
0.96291702
0.99249251
0.71375942
0.96970284
0.99561301
0.81058167
0.95139886
0.97926122
0.99769201
0.98063473
0.96275313
0.97775075
0.99841228
0.94080506
0.86680026
0.99149963
0.99702079
0.72194795
0.93243118
0.91044540
0.94991325
0.99030226
0.99791436
0.99724105
0.98353517
0.89483364
0.98742293
0.84903342
0.99465090
0.92639579
0.93435866
0.99684542
0.98675003
0.97111314
0.96640574
0.99923000
0.99356324
0.96104260
0.98885203
0.75411295
0.88540236
0.85110534
0.73256438
0.94996273
0.96470760
0.79017609
0.88896733
0.96991274
0.99861757
0.98206679
0.97787242
0.95416181
0.97051299
0.99982252
0.99765638
0.98746111
0.93423808
0.78094458
0.89181549
0.95604318
0.80367802
0.93919030
0.99981420
0.97793490
0.89755816
0.98778070
0.57143760
0.99635498
0.96732685
0.99722595
0.99069190
0.98387920
0.70556689
0.98846792
0.94273167
0.87980628
0.99668046
0.98678649
0.93636354
0.97906990
0.82943892
0.91175572
0.95750902
0.95709030
0.96834319
0.94960959
0.98902062
0.92998496
0.99776816
0.99738239
0.93071595
0.97780087
0.91087986
0.99589872
0.97256046
0.87238081
0.96757507
0.83250278
0.99648821
0.96341820
0.91930052
0.96037049
0.98772102
0.98891625
0.85789637
0.99807471
0.80112417
0.67760423
0.99785539
0.78397334
0.93915175
0.74553417
0.92197226
0.95054005
0.99708031
0.90465064
0.96670956
0.98713180
0.78036140
0.95793436
0.97252507
0.75565108
0.98462887
0.99781419
0.98000824
0.99010850
0.65858656
0.96609696
0.93485220
0.99125286
0.93465276
0.96944087
0.99223323
0.99165640
0.54283555
0.99755249
0.97745547
0.89475926
0.98741640
0.67010640
