0.15078749
0.03328563
0.15078749
0.00881787
0.15078749
0.00043787
0.01980473
0.15078749
0.15078749
0.15078749
0.15078749
0.15078749
0.15078749
0.15078749
0.15078749
0.05965473
0.17996771
0.15078749
0.29479844
0.22523172
0.15078749
0.15078749
0.19756192
0.15078749
0.12541750
0.31419383
0.00264822
0.15078749
0.15078749
0.32602052
0.02460886
0.03749115
0.15078749
0.29997211
0.15078749
0.15078749
0.33176164
0.14625711
0.30138160
0.16927334
0.32151314
0.32477777
0.11968848
0.06220401
0.15078749
0.02073369
0.23113885
0.15078749
0.25771509
0.00468636
0.31372604
0.30028538
0.15078749
0.15078749
0.21452275
0.01980473
0.08235314
0.00264822
0.10531242
0.10244285
0.05386553
0.27828004
0.15078749
0.29307197
0.28489762
0.15078749
0.15078749
0.15078749
0.15078749
0.15078749
0.28316575
0.15078749
0.29887538
0.15078749
0.01162689
0.13477645
0.15078749
0.15078749
0.18988124
0.12697173
0.30138160
0.02008170
0.18812160
0.00031693
0.16465346
0.21132371
0.25009285
0.15078749
0.33021105
0.24643551
0.15078749
0.00810409
0.15078749
0.15078749
0.30857559
0.08700087
0.01125794
0.15078749
0.28647125
0.15078749
0.14878479
0.15078749
0.15078749
0.01711842
0.15078749
0.15078749
0.15078749
0.28174807
0.16895452
0.15078749
0.25120533
0.20556370
0.15078749
0.23034093
0.26342189
0.15078749
0.19372124
0.23560517
0.09614966
0.15078749
0.15078749
0.15078749
0.07492257
0.00573364
0.18860148
0.07029328
0.15078749
0.14989177
0.15078749
0.30091184
0.27859547
0.16656434
0.27354506
0.15078749
0.23911178
0.15078749
0.23656176
0.15078749
0.00213512
0.15078749
0.15078749
0.24436694
0.29777827
0.15078749
0.15078749
0.15078749
0.23592406
0.15078749
0.15078749
0.00054098
0.15078749
0.11645322
0.15078749
0.20060266
0.32741800
0.09332713
0.08091204
0.15078749
0.15078749
0.28159051
0.00217005
0.15078749
0.20956391
0.15078749
0.00013269
0.15078749
0.15078749
0.15078749
0.15078749
0.15078749
0.15078749
0.15078749
0.22698847
0.22555116
0.15861071
0.00001020
0.30732568
0.15078749
0.30138160
0.15078749
0.15078749
0.33331144
0.28678588
0.15078749
0.15078749
0.15078749
0.00415117
0.27559770
0.28237823
0.15078749
0.23401048
0.22475253
0.15078749
0.15078749
0.15078749
0.30748194
0.15078749
0.12417584
0.03531049
0.23608349
0.15078749
0.15078749
0.13461984
0.15078749
0.29762151
0.15078749
0.06396445
0.08743932
0.28411052
0.29950213
0.12479647
0.15078749
0.15078749
0.32881485
0.15078749
0.15078749
0.15078749
0.15078749
0.02767420
0.08758557
0.15078749
0.15078749
0.15078749
0.15078749
0.15078749
0.22347452
0.15385049
0.04712348
0.30357287
0.27638685
0.15078749
0.15078749
0.15078749
0.15078749
0.01458968
0.15078749
0.15078749
0.04391708
0.28678588
0.26215447
0.20540368
0.16688293
0.12061509
0.15078749
0.15078749
0.15078749
0.15078749
0.15078749
0.03284123
0.15078749
0.15078749
0.18444331
0.15078749
0.15078749
0.31419383
0.23448894
0.24452610
0.25898402
0.15078749
0.27433469
0.21388301
0.28993049
0.27512413
0.00206604
0.20764391
0.02925522
0.15078749
0.15078749
0.28379563
0.15078749
0.29165869
0.01192561
0.15078749
0.11124281
0.15078749
0.15078749
0.08408969
0.15078749
0.27591339
0.15078749
0.15078749
0.26041105
0.19020121
0.15078749
0.30247743
0.11722239
0.15078749
0.15078749
0.30012875
0.27717581
0.04090151
0.15078749
0.27259726
0.01591819
0.17310121
0.19196113
0.05845731
0.15078749
0.05898868
0.12386568
0.15078749
0.01402327
0.27480837
0.32710751
0.31933477
0.15078749
0.30841938
0.00040585
0.15078749
0.15078749
0.19532146
0.14688869
0.15078749
0.15078749
0.06932058
0.13995500
0.01835295
0.00997146
0.02215748
0.00242202
0.28505502
0.15078749
0.21899979
0.03086722
0.08048080
0.15078749
0.22571088
0.29573975
0.15078749
0.10470719
0.07196845
0.15078749
0.33362131
0.26247137
0.25723913
0.20364337
0.00069483
0.15078749
0.15078749
0.15078749
0.26247137
0.22922364
0.14609926
0.15078749
0.15078749
0.10849924
0.15078749
0.15078749
0.15972281
0.15078749
0.07506394
0.19996250
0.15078749
0.15078749
0.15078749
0.15078749
0.15078749
0.15078749
0.15078749
0.15078749
0.16704224
0.15078749
0.15078749
0.05805965
0.15078749
0.15078749
0.14704662
0.01434581
0.00167409
0.15078749
0.15078749
0.27180723
0.03086722
0.29746474
0.18524281
0.15078749
0.10531242
0.30701312
0.28788685
0.16863573
0.15078749
0.15078749
0.15078749
0.25247636
0.06697243
0.11093744
0.15078749
0.02196557
0.15078749
0.15078749
0.15078749
0.22155709
0.00000000
0.28914463
0.25342937
0.24022700
0.02283412
0.05992172
0.32772847
0.15078749
0.15078749
0.15078749
0.15078749
0.15078749
0.15078749
0.28474022
0.29448461
0.31653170
0.22251587
0.15078749
0.05713469
0.15078749
0.30169474
0.12681620
0.18796165
0.15078749
0.13415014
0.15078749
0.00118603
0.28269326
0.24882109
0.15078749
0.15078749
0.27922623
0.24564002
0.15078749
0.06220401
0.15078749
0.15078749
0.22794650
0.15078749
0.01307370
0.18412354
0.21196359
0.00797712
0.15078749
0.15078749
0.14594141
0.15078749
0.15078749
0.00268684
0.15670542
0.15078749
0.15078749
0.15078749
0.28584189
0.30966884
0.15078749
0.31185416
0.19756192
0.01125794
0.28332323
0.20828394
0.15078749
0.15078749
0.09170044
0.15078749
0.26959418
0.20316326
0.15078749
0.15078749
0.07393473
0.15078749
0.15078749
0.27149117
0.15078749
0.00196442
0.27843776
0.28647125
0.15078749
0.15078749
0.15078749
0.08452503
0.15078749
0.15078749
0.32400080
0.15078749
0.07776164
0.00257178
0.16783890
0.15078749
0.15078749
0.11706850
0.15078749
0.15078749
0.02177429
0.15078749
0.14058403
0.15078749
0.01617245
0.15078749
0.23145800
0.15078749
0.00082236
0.15078749
0.15078749
0.15078749
0.00499059
0.06247400
0.15078749
0.00717316
0.15078749
0.15078749
0.25152312
0.15078749
0.26120362
0.10576672
0.15078749
0.15078749
0.08249755
0.15078749
0.15078749
0.15559473
0.15078749
0.29024478
0.15078749
0.15078749
0.06848952
0.15078749
0.24913907
0.15078749
0.32368995
0.02946838
0.15078749
0.15078749
0.20348333
0.00220526
0.15078749
0.15078749
0.19404127
0.16401676
0.15078749
0.15078749
0.16194846
0.22858510
0.15078749
0.02936173
0.15078749
0.15078749
0.15078749
0.27259726
0.08033717
0.15078749
0.02521135
0.15078749
0.15078749
0.09913749
0.03912544
0.00268684
0.03842223
0.13555977
0.00292394
0.15078749
0.25708046
0.31185416
0.00942105
0.15078749
0.15078749
0.00419861
0.15078749
0.30732568
0.01844242
0.30138160
0.15078749
0.15078749
0.15078749
0.15078749
0.15078749
0.15078749
0.15078749
0.15078749
0.33284658
0.15078749
0.15078749
0.25072859
0.09303096
0.13759863
0.15078749
0.31201019
0.11277157
0.15078749
0.29338594
0.15078749
0.15078749
0.15078749
0.15078749
0.31185416
0.15078749
0.24404862
0.28048739
0.03250929
0.06410040
0.15078749
0.15078749
0.08554268
0.15078749
0.15078749
0.11353714
0.15078749
0.06711000
0.00308715
0.15078749
0.15078749
0.15078749
0.00595436
0.03853914
0.25898402
0.15078749
0.00113387
0.23943044
0.10410254
0.30216438
0.15078749
0.07876099
0.03152049
0.12123336
0.12666070
0.01925528
0.15078749
0.15078749
0.00093650
0.13587323
0.15078749
0.15078749
0.33052123
0.15078749
0.15078749
0.15078749
0.02511056
0.15078749
0.31575261
0.15078749
0.15078749
0.15078749
0.16752021
0.15078749
0.15078749
0.15078749
0.15078749
0.15078749
0.15078749
0.15078749
0.15078749
0.15078749
0.00280423
0.26817076
0.20236309
0.25168201
0.15078749
0.06315034
0.07790423
0.01096638
0.14752050
0.27764910
0.15078749
0.15078749
0.15078749
0.12774974
0.15078749
0.00317029
0.15078749
0.15078749
0.15078749
0.04428347
0.15078749
0.09214353
0.15078749
0.03141128
0.15078749
0.28615658
0.15078749
0.23512681
0.18412354
0.15078749
0.00346925
0.15078749
0.08758557
0.00063496
0.24548091
0.15078749
0.15078749
0.26009398
0.30122502
0.26595541
0.15078749
0.15078749
0.15078749
0.15078749
0.15078749
0.15078749
0.15078749
0.00419861
0.32135760
0.15078749
0.02490943
0.15078749
0.02632977
0.27543985
0.15686414
0.04294472
0.30591891
0.28048739
0.06423643
0.15078749
0.28772959
0.12946335
0.33052123
0.15078749
0.27433469
0.31762209
0.00155211
0.21548228
0.11937983
0.31419383
0.07351232
0.15416752
0.15078749
0.06505414
0.28914463
0.15078749
0.15078749
0.04799847
0.32524386
0.15078749
0.00023877
0.10078778
0.29291497
0.15078749
0.09794035
0.07790423
0.05321830
0.15078749
0.31622009
0.15078749
0.15078749
0.28725777
0.00699295
0.30451150
0.15078749
0.16624578
0.05713469
0.06287957
0.32213525
0.27764910
0.15078749
0.15078749
0.15078749
0.15078749
0.08670882
0.27749134
0.00276484
0.19740188
0.15078749
0.15078749
0.15078749
0.27022663
0.07990661
0.09037369
0.15078749
0.00010681
0.15078749
0.02571751
0.15078749
0.15078749
0.05726657
0.24659459
0.12915158
0.00013269
0.15078749
0.08408969
0.15078749
0.15078749
0.24229743
0.15078749
0.15078749
0.32042415
0.19676174
0.01276328
0.15078749
0.09585181
0.09525662
0.15078749
0.26832895
0.15078749
0.15078749
0.27354506
0.17645344
0.15078749
0.33036614
0.02684398
0.24977495
0.15078749
0.15078749
0.09973703
0.15078749
0.18732185
0.18892141
0.15078749
0.32865967
0.21308329
0.01558170
0.19564152
0.32368995
0.28332323
0.29260094
0.20636381
0.15078749
0.15078749
0.11660700
0.13728475
0.09674588
0.03406823
0.15078749
0.15078749
0.15078749
0.00027650
0.32415621
0.07890399
0.15078749
0.15078749
0.15078749
0.02293141
0.27370300
0.26991042
0.15078749
0.15078749
0.00458687
0.15078749
0.15078749
0.31169812
0.31793356
0.15078749
0.15078749
0.15078749
0.15078749
0.15078749
0.28127537
0.06890474
0.15078749
0.15078749
0.15078749
0.31294623
0.15078749
0.31029338
0.15078749
0.00288378
0.07776164
0.15078749
0.15078749
0.00020375
0.15078749
0.07804687
0.22650940
0.15078749
0.04282366
0.32446701
0.15078749
0.15078749
0.30935652
0.15078749
0.15078749
0.00023877
0.15078749
0.15078749
0.15078749
0.15078749
0.17677282
0.15078749
0.15078749
0.29322896
0.28222070
0.11768423
0.15078749
0.26484721
0.23847440
0.15078749
0.15078749
0.11277157
0.00823193
0.15078749
0.06396445
0.29621030
0.13461984
0.14783649
0.21228351
0.04343005
0.00052306
0.23943044
0.15078749
0.09170044
0.33145158
0.05283105
0.15078749
0.15078749
0.15078749
0.03656766
0.00325444
0.06614857
0.15078749
0.31668750
0.03737530
0.15078749
0.15078749
0.09436516
0.15078749
0.15078749
0.15078749
0.33160661
0.05516667
0.15078749
0.15078749
0.27322916
0.15078749
0.15078749
0.15078749
0.15078749
0.15078749
0.15078749
0.25279405
0.29291497
0.31699906
0.15078749
0.17246297
0.08365482
0.00862063
0.15078749
0.28316575
0.03054238
0.18380377
0.28898743
0.15078749
0.15078749
0.05938807
0.15078749
0.29981545
0.15078749
0.32166868
0.15078749
0.24579913
0.01826365
0.33269161
0.19036119
0.12961926
0.17948836
0.15078749
0.15078749
0.24961599
0.15078749
0.15078749
0.15078749
0.00473647
0.15078749
0.14074134
0.20780392
0.15078749
0.15078749
0.27117508
0.15078749
0.15078749
0.15078749
0.29636713
0.15078749
0.15078749
0.23113885
0.15078749
0.15078749
0.11645322
0.00042171
0.15078749
0.15078749
0.15078749
0.28930181
0.29417074
0.26706326
0.15078749
0.15078749
0.01450820
0.15078749
0.15078749
0.15078749
0.15078749
0.15078749
0.15078749
0.16640506
0.15078749
0.00001020
0.17326078
0.15078749
0.26041105
0.29715118
0.15078749
0.15078749
0.15078749
0.15078749
0.15078749
0.32679698
0.15078749
0.15078749
0.12479647
0.15078749
