0.37947314
0.17938317
0.14922702
0.32231549
0.50681046
0.10264575
0.22129721
0.17938317
0.06495599
0.23694960
0.40856276
0.02291744
0.22878584
0.03290642
0.13624393
0.11951836
0.17938317
0.03814206
0.15552235
0.17938317
0.09973658
0.14937702
0.52946240
0.17938317
0.17938317
0.52751997
0.36486571
0.13525086
0.47154075
0.19124970
0.10000677
0.52174186
0.22720590
0.52360202
0.10485251
0.44699757
0.09149497
0.15171413
0.17938317
0.17938317
0.17938317
0.17938317
0.17938317
0.23391180
0.02340623
0.04238174
0.13175519
0.53112612
0.17938317
0.10114330
0.02912711
0.00263369
0.41836164
0.36540174
0.22861668
0.39065539
0.00707196
0.52835595
0.20439306
0.17938317
0.17938317
0.17938317
0.07814268
0.22200943
0.03800290
0.16329603
0.17938317
0.18546930
0.20228062
0.23229118
0.31355112
0.02293212
0.02818221
0.04238174
0.23727257
0.23591256
0.17938317
0.08160783
0.17938317
0.17938317
0.17938317
0.50729000
0.22902023
0.12980755
0.17938317
0.47438636
0.22914763
0.51673714
0.17938317
0.23318386
0.42340219
0.17938317
0.06649173
0.22927363
0.15100245
0.33773699
0.02364376
0.37020161
0.17938317
0.03867856
0.17938317
0.12539374
0.09678395
0.18086957
0.07837849
0.25706707
0.17938317
0.17938317
0.03946639
0.02493419
0.23578946
0.17938317
0.02297934
0.23865751
0.40441569
0.00584313
0.01552923
0.17938317
0.07951919
0.17938317
0.53140368
0.51545440
0.51291826
0.01867479
0.02300254
0.04521194
0.17938317
0.19883973
0.17938317
0.17938317
0.17938317
0.17938317
0.14616962
0.22244579
0.23330187
0.04444549
0.14595785
0.17618929
0.04705404
0.04693708
0.49843278
0.17938317
0.51381998
0.20937235
0.24045701
0.12946747
0.43110817
0.40294568
0.17938317
0.43379734
0.06788454
0.13822083
0.04109165
0.14827876
0.07962476
0.17938317
0.17938317
0.51557436
0.39650501
0.15174557
0.17938317
0.17938317
0.13732603
0.12841795
0.35567303
0.18590655
0.14171537
0.09422817
0.17938317
0.52042927
0.01081952
0.17938317
0.22795716
0.06035060
0.15630952
0.07061896
0.23444289
0.17938317
0.37390376
0.17938317
0.17938317
0.38944427
0.17938317
0.48510760
0.24232487
0.37548187
0.23118109
0.01623165
0.22009355
0.02367699
0.00172725
0.40196223
0.09693766
0.17938317
0.39800137
0.24232487
0.15496982
0.52298020
0.42016452
0.24014598
0.13525086
0.09589505
0.15209881
0.18780129
0.01372603
0.15645164
0.14461519
0.52661640
0.53149786
0.27317920
0.14280707
0.46522397
0.15348369
0.17938317
0.12806173
0.17108394
0.17938317
0.13719157
0.17938317
0.19423633
0.24105955
0.17938317
0.17938317
0.23450753
0.34633646
0.22009355
0.07050905
0.44116773
0.17938317
0.22925984
0.24103821
0.02295862
0.17938317
0.17938317
0.13164867
0.17938317
0.52093018
0.36486571
0.17418634
0.17938317
0.47785736
0.15219702
0.17938317
0.17938317
0.02562198
0.51375538
0.22379285
0.17938317
0.40606267
0.21520095
0.07100029
0.17676689
0.12577147
0.20298531
0.15774445
0.26843736
0.17938317
0.17938317
0.23244291
0.44442297
0.17938317
0.32272373
0.14260780
0.17933556
0.19752645
0.23569910
0.11338512
0.03954069
0.19540959
0.34356462
0.50870271
0.48704617
0.17938317
0.17938317
0.16699572
0.52762858
0.02289943
0.03057610
0.52456131
0.50800122
0.48156367
0.17938317
0.22302851
0.23464334
0.17938317
0.02912711
0.45442852
0.37757792
0.07798996
0.04190367
0.17938317
0.13924835
0.17938317
0.18081930
0.17938317
0.17938317
0.45522791
0.47122954
0.02208042
0.52892914
0.03678274
0.01121505
0.17938317
0.17689535
0.04032904
0.45936450
0.02433506
0.29672237
0.24169163
0.06262685
0.08986958
0.17938317
0.52082174
0.44031014
0.50962288
0.52825411
0.34300890
0.10199287
0.22263480
0.00858653
0.17938317
0.17938317
0.21801626
0.45163086
0.20963060
0.10362660
0.12275275
0.17938317
0.20050847
0.16489160
0.12312968
0.17938317
0.32443359
0.16552990
0.24180100
0.10466000
0.15156546
0.36379204
0.35129661
0.02670552
0.46900734
0.13036549
0.52147133
0.33125569
0.09035882
0.07050905
0.17938317
0.15662310
0.45482866
0.48246411
0.23296284
0.12939274
0.14009145
0.17938317
0.23441024
0.19716659
0.29609810
0.17938317
0.15559432
0.14384928
0.33854725
0.18556372
0.12884540
0.38483941
0.17938317
0.21014646
0.06992043
0.19221785
0.00000899
0.22865824
0.14620005
0.22757077
0.12071675
0.23743052
0.51635400
0.19642301
0.17938317
0.28176396
0.17938317
0.24188337
0.49772880
0.17938317
0.17468298
0.43425036
0.19365007
0.05812867
0.22845379
0.17938317
0.17938317
0.39638422
0.22796016
0.49898887
0.17938317
0.13864016
0.02208042
0.52316421
0.39248580
0.14778989
0.17938317
0.17938317
0.17938317
0.17938317
0.17938317
0.25297929
0.04300648
0.17938317
0.17938317
0.17736982
0.50456263
0.17938317
0.17938317
0.17938317
0.51270623
0.16928530
0.16031870
0.17938317
0.53055199
0.21932944
0.06340964
0.17938317
0.40830521
0.21327488
0.17938317
0.36807381
0.07250991
0.48089858
0.17938317
0.35107054
0.17938317
0.52815303
0.16865245
0.14677126
0.03762257
0.53226783
0.06529763
0.03678225
0.20772481
0.15459868
0.13471698
0.26725062
0.17938317
0.14905310
0.02403872
0.21605148
0.13753890
0.09166949
0.14966471
0.43425036
0.31986677
0.17938317
0.02782309
0.17938317
0.16798410
0.15199354
0.02297199
0.12894545
0.17938317
0.17938317
0.29485951
0.15741988
0.39638422
0.17938317
0.29262645
0.13270473
0.12917863
0.12810049
0.17938317
0.17938317
0.17938317
0.18263998
0.13771508
0.05736241
0.02619367
0.49828253
0.29671681
0.17938317
0.02776429
0.24122653
0.17938317
0.07461153
0.16414253
0.17938317
0.15115442
0.13617508
0.17938317
0.09569636
0.36217756
0.19642301
0.14562257
0.17938317
0.17938317
0.03956604
0.17938317
0.18059402
0.18866545
0.13916703
0.02853498
0.17938317
0.49142137
0.17938317
0.41923268
0.52649798
0.02798305
0.34799407
0.17938317
0.16918845
0.52574988
0.23705772
0.17938317
0.02580732
0.10657871
0.37126218
0.02288007
0.17938317
0.02377288
0.13046101
0.13052783
0.09857011
0.14892040
0.17938317
0.53117512
0.39096790
0.39379141
0.27317920
0.34799407
0.17938317
0.53182872
0.17938317
0.00028667
0.21390586
0.17938317
0.17938317
0.18324355
0.14215576
0.18215767
0.16607350
0.01576179
0.14200704
0.12252052
0.36860658
0.03388622
0.15182257
0.02661774
0.07896887
0.36964281
0.17939582
0.21510288
0.01529826
0.06784738
0.10715632
0.17938317
0.13843357
0.17938317
0.19365007
0.41689003
0.17938317
0.22643537
0.17938317
0.17938317
0.17938317
0.11804406
0.53067910
0.17139946
0.15882804
0.12867920
0.05542972
0.17938317
0.17938317
0.17938317
0.15229733
0.28851919
0.17938317
0.09149497
0.17938317
0.03152328
0.23251833
0.51318828
0.00014320
0.02353865
0.19367103
0.31931038
0.36700661
0.41689003
0.01867479
0.03474735
0.33910647
0.14154472
0.31527757
0.17938317
0.30719644
0.02351880
0.47154075
0.24076376
0.13576405
0.17938317
0.13851905
0.42502392
0.17938317
0.17938317
0.24116608
0.13315871
0.04626192
0.17938317
0.23127636
0.10508507
0.12894545
0.17938317
0.23975089
0.14049110
0.33066328
0.17938317
0.53256320
0.46290656
0.17938317
0.04566659
0.17938317
0.17938317
0.20357059
0.19482284
0.17938317
0.15284884
0.20321964
0.04067917
0.17938317
0.12822860
0.13550398
0.13677247
0.17938317
0.29361935
0.33910647
0.14208430
0.34415177
0.22271206
0.17938317
0.17938317
0.18736252
0.17938317
0.27317920
0.20438682
0.22051795
0.17938317
0.15001785
0.03101269
0.12981104
0.24114535
0.17938317
0.17938317
0.17938317
0.22200943
0.11955477
0.50072256
0.13193600
0.17938317
0.17938317
0.51673714
0.17938317
0.23794064
0.03070383
0.48320919
0.17938317
0.10427936
0.03077583
0.52625768
0.20238262
0.17938317
0.17938317
0.17938317
0.45956103
0.52741018
0.17938317
0.23974559
0.17938317
0.17938317
0.17903724
0.13409726
0.53145564
0.05565026
0.06393058
0.14967568
0.23789358
0.14317923
0.04917110
0.47556513
0.04521194
0.04456596
0.17938317
0.08598058
0.17938317
0.05295363
0.15079262
0.17938317
0.02534114
0.17938317
0.49460901
0.17938317
0.17938317
0.10235526
0.03275378
0.12652719
0.52194665
0.17938317
0.06190821
0.46863471
0.13702042
0.13008769
0.17938317
0.17938317
0.19383564
0.08605478
0.49926528
0.08136786
0.15009114
0.35049722
0.14273398
0.22796016
0.20692596
0.33420980
0.00396391
0.16936689
0.17938317
0.13179099
0.13326087
0.17036637
0.17938317
0.17938317
0.17938317
0.15434977
0.18372691
0.00659810
0.14423001
0.17938317
0.19379199
0.43828763
0.15811315
0.03114012
0.17938317
0.21147619
0.24642609
0.17938317
0.21636705
0.17938317
0.13405755
0.15801265
0.02469890
0.17938317
0.12993171
0.16107619
0.17938317
0.16489160
0.23870004
0.17938317
0.05858878
0.37284883
0.17938317
0.12804016
0.06190977
0.51946836
0.33966527
0.15907382
0.47086168
0.14631674
0.53226783
0.04895824
0.23813142
0.17938317
0.49815310
0.13624393
0.17938317
0.37073217
0.17938317
0.13068210
0.15493814
0.04474142
0.10415527
0.17938317
0.15598952
0.17938317
0.00224886
0.17938317
0.23033835
0.17938317
0.12651385
0.17938317
0.12350673
0.16551443
0.17938317
0.17938317
0.22207188
0.50358893
0.22139386
0.23803494
0.15829739
0.23655657
0.40354284
0.17938317
0.03800290
0.52076437
0.26725140
0.14841803
0.24112232
0.17938317
0.22196424
0.04906852
0.17938317
0.16048456
0.17238280
0.17938317
0.17933556
0.20482733
0.13345919
0.12493667
0.50583849
0.00107135
0.10271803
0.14653500
0.17938317
0.17938317
0.05451003
0.17938317
0.50776522
0.44414301
0.12808933
0.17938317
0.09892864
0.09865520
0.15087348
0.10889560
0.17938317
0.03455511
0.53255860
0.50177968
0.52588859
0.17938317
0.12958399
0.19220472
0.38001274
0.07766498
0.21261066
0.17938317
0.29496842
0.17938317
0.38696322
0.50275873
0.31355112
0.13693422
0.17938317
0.17938317
0.05307716
0.40906039
0.12331806
0.17938317
0.17938317
0.17938317
0.43815173
0.01529826
0.18469482
0.17938317
0.17938317
0.14091248
0.13590141
0.41496916
0.18605932
0.02127182
0.22393795
0.52471929
0.17938317
0.48640419
0.12940338
0.17850169
0.32215305
0.10545058
0.17938317
0.17938317
0.13367935
0.35790323
0.17938317
0.13102892
0.52600113
0.08511005
0.42841415
0.11562187
0.17938317
0.52988211
0.20473546
0.50125323
0.17938317
0.17938317
0.13397822
0.02288441
0.11475951
0.04504006
0.17938317
0.53208631
0.03235322
0.02367699
0.17938317
0.35839218
0.13373511
0.10947747
0.08889279
0.12747234
0.37839184
0.44073935
0.17938317
0.19330802
0.21488540
0.03838742
0.51922004
0.06854559
0.17938317
0.53055199
0.13367935
0.13041654
0.20450311
0.17938317
0.07381841
0.32614013
0.17938317
0.33243893
0.02959075
0.17938317
0.08061343
0.08141616
0.10709956
0.13315871
0.13495186
0.18390127
0.13732603
0.40806433
0.11594385
0.12836310
0.17763298
0.51739461
0.17938317
0.50583849
0.17938317
0.17938317
0.29086754
0.12814849
0.07139211
0.22054062
0.51227887
0.17938317
0.17938317
0.14022393
0.12993419
0.02301508
0.17938317
0.53094539
0.52114880
0.01670781
0.24183933
0.08768003
0.17938317
0.17938317
0.07677485
0.11152796
0.22729052
0.17938317
0.17938317
0.17938317
0.07798996
0.53010813
0.04567498
0.17938317
0.14355889
0.17938317
0.17938317
0.49800619
0.17938317
0.12922028
0.20909482
0.17938317
0.15329764
0.07782739
0.49702349
0.43815173
0.16829456
0.15542461
0.26428175
0.12933763
0.17938317
0.24184968
0.17938317
0.17938317
0.29671681
0.17938317
0.17938317
0.14153513
0.17938317
0.36593724
0.28322318
0.18421068
0.13196920
0.04088490
0.17938317
0.17640666
0.17079035
0.43597284
0.02414098
