0.99997235
0.99995248
0.99999505
0.99728950
0.99937736
0.99999280
0.99988744
0.99996238
0.99740992
0.99975537
0.99917731
0.99464616
0.99983916
0.99946378
0.99991601
0.99734435
0.99987014
0.99988995
0.98999181
0.99938903
0.99913560
0.99998783
0.98849358
0.99977824
0.98384145
0.99127776
0.99887555
0.99994846
0.99975715
0.99986609
0.99992137
0.99695699
0.99983456
0.87632085
0.99461707
0.99902914
0.99994236
0.99906338
0.99992616
0.99993324
0.99616572
0.99996689
0.98055536
0.94896428
0.99517764
0.87000036
0.99731426
0.99979412
0.99890942
0.99993425
0.99965434
0.98850768
0.99993025
0.99983664
0.97453622
0.99905439
0.99993415
0.99956852
0.99821045
0.99984403
0.99997076
0.92379542
0.99975829
0.99999550
0.99932328
0.99998926
0.98702767
0.99993588
0.99975795
0.99990229
0.99996942
0.99527332
0.97250499
0.99988222
0.99238572
0.99995715
0.99995151
0.99698739
0.99995364
0.97136265
0.99534781
0.95736944
0.92958616
0.99999515
0.99999723
0.99989327
0.99948537
0.99725887
0.99928197
0.99995122
0.99921622
0.99960276
0.99195421
0.99771504
0.99970834
0.99992568
0.89579164
0.99995561
0.99650765
0.99987148
0.99980021
0.99999963
0.99943833
0.99548076
0.99996317
0.99998022
0.99324158
0.99685512
0.99995156
0.99964490
0.99962635
0.99490888
0.99312998
0.99762453
0.99999598
0.99960807
0.95204241
0.99611637
0.99482779
0.99997138
0.99153434
0.99957445
0.92637315
0.99948796
0.99998083
0.92917338
0.99246199
0.99991531
0.99493744
0.99991820
0.99847680
0.99901992
0.99996765
0.99976546
0.99876583
0.99997786
0.99999716
0.95744220
0.99998472
0.99920065
0.99974929
0.99980631
0.99594871
0.99815888
0.99997517
0.99892470
0.99978642
0.99769367
0.97546104
0.97649754
0.99999894
0.99541494
0.99619958
0.99784211
0.99165634
0.99999743
0.99998161
0.99212255
0.95244773
0.96230163
0.99567703
0.99944561
0.99996267
0.99992509
0.99648133
0.99903470
0.99994081
0.99943828
0.99529273
0.99405899
0.99813109
0.99989477
0.99919791
0.99980388
0.99999758
0.89355041
0.99547889
0.99706982
0.99987346
0.99983438
0.99993584
0.99999861
0.99642985
0.99996421
0.99668159
0.97699604
0.99835244
0.99988896
0.99444872
0.99477919
0.99976366
0.98499506
0.99921036
0.99929139
0.98521466
0.99975398
0.99005355
0.99990462
0.99988834
0.99510777
0.99661655
0.99875508
0.99910014
0.99406306
0.99971814
0.99899594
0.99998600
0.99161608
0.99927413
0.98959304
0.99923002
0.99952219
0.99993972
0.98681114
0.99990549
0.99850225
0.99981543
0.98911557
0.99957673
0.99997745
0.97259218
0.98264049
0.99975887
0.99998551
0.99982340
0.99696949
0.99994265
0.99120741
0.99799060
0.98830659
0.98089286
0.99863617
0.99992943
0.98919866
0.96879860
0.99714958
0.99475698
0.99861444
0.99544459
0.99406406
0.99998375
0.99991465
0.99973928
0.99659463
0.99808493
0.99999590
0.99886009
0.99969300
0.99983603
0.98704987
0.99845054
0.99104343
0.99918494
0.99441184
0.99967788
0.99979944
0.99858066
0.99996635
0.99867284
0.99996146
0.99990011
0.99997527
0.99992339
0.99813407
0.96221323
0.99507223
0.99285537
0.99995655
0.99999139
0.99963149
0.99961151
0.99014859
0.99980969
0.99889601
0.99894193
0.99999067
0.99818464
0.99556237
0.73846283
0.99533329
0.99993791
0.99998975
0.97910624
0.97734750
0.99731664
0.99999504
0.99468221
0.99714046
0.99769878
0.98437289
0.99921969
0.98119228
0.99728520
0.99977958
0.99993209
0.99975561
0.97220753
0.96798082
0.90439919
0.98905357
0.99519775
0.98693416
0.99993981
0.99999827
0.99975607
0.99992804
0.99897906
0.99999069
0.99131665
0.99997392
0.99820852
0.99992640
0.93835767
0.97415947
0.99873829
0.99966387
0.98858097
0.99978883
0.99334822
0.99925707
0.99999288
0.99265142
0.99967011
0.99995366
0.99978900
0.99503948
0.99979057
0.99111431
0.98994681
0.99896233
0.99997128
0.88597418
0.99892408
0.99677241
0.99749713
0.99919612
0.99991418
0.99994538
0.99988455
0.99862630
0.97792289
0.99955791
0.99923348
0.99997673
0.99993635
0.99962857
0.99944774
0.99988507
0.95436936
0.99992875
0.98418821
0.99793029
0.99997566
0.99961619
0.99296267
0.99993340
0.99999455
0.99996973
0.99654439
0.99782709
0.99872639
0.98049030
0.99319209
0.99656458
0.99857584
0.98638332
0.99995112
0.99949702
0.99314059
0.99991484
0.99977341
0.92047977
0.99965025
0.96381955
0.99998647
0.99923268
0.99998400
0.99199872
0.99979176
0.99785919
0.99982441
0.99981114
0.99988075
0.99925269
0.99950804
0.99999891
0.98087886
0.99884872
0.99999526
0.99938334
0.98800667
0.94964863
0.99908944
0.97805670
0.96505707
0.99499972
0.99787312
0.99987545
0.99999755
0.99713872
0.99991965
0.99892077
0.98679539
0.99990834
0.99984009
0.99996248
0.91769160
0.99955066
0.99500980
0.99931011
0.99341691
0.93845350
0.99998981
0.99997801
0.99969836
0.94360326
0.95374200
0.98062404
0.99999942
0.99917075
0.97404800
0.99897356
0.99485583
0.99996931
0.83019086
0.99149999
0.99984979
0.99996736
0.99964681
0.99098863
0.99618314
0.99962327
0.99952975
0.99368697
0.99751970
0.99986311
0.99271236
0.99502059
0.99956796
0.99768113
0.99875314
0.99967504
0.99999859
0.99990960
0.99976415
0.99998962
0.98435061
0.99963984
0.99957905
0.99991442
0.99989032
0.99996955
0.99994427
0.99825732
0.99999735
0.99364559
0.99649700
0.99047149
0.99998711
0.99288674
0.99319279
0.99991092
0.99990131
0.97597109
0.99698579
0.90931640
0.99878617
0.99995688
0.99724422
0.99999470
0.99389142
0.96530440
0.93164393
0.99963953
0.99880235
0.99969075
0.99979431
0.94561385
0.99985459
0.99868358
0.98616572
0.92994010
0.97876846
0.99970597
0.99870941
0.99357639
0.99954290
0.99874773
0.99994271
0.99825470
0.99967347
0.98386379
0.99964052
0.96614983
0.98015826
0.99999942
0.99980724
0.99997196
0.99115253
0.99993835
0.99926045
0.99999977
0.97724049
0.95021026
0.99583073
0.99992089
0.99616726
0.99960143
0.99204375
0.99179460
0.99927986
0.99745209
0.99998880
0.98007843
0.99997918
0.98675038
0.99973008
0.99893169
0.99885017
0.99999822
0.99904189
0.99988462
0.98807095
0.99996590
0.99530874
0.99657573
0.99990438
0.99929334
0.99944316
0.99630366
0.99961423
0.99918368
0.99978451
0.99996815
0.84527431
0.99633749
0.99994130
0.99384809
0.99979657
0.99261760
0.99277507
0.99775451
0.99757413
0.99991014
0.99383719
0.99985169
0.99987030
0.99797783
0.99881460
0.98526638
0.99981059
0.99850936
0.99905019
0.99997881
0.94506870
0.93014939
0.98579318
0.99998388
0.98586993
0.99601660
0.99991617
0.99079537
0.99985344
0.99991407
0.99999410
0.99996671
0.97095611
0.99451876
0.99839892
0.99958019
0.99998238
0.99831667
0.99995484
0.99996813
0.99998822
0.99994085
0.99994400
0.99993231
0.99924255
0.98814895
0.99908027
0.99673588
0.97299269
0.99983827
0.99887700
0.99996934
0.99973058
0.99957221
0.99878250
0.99997528
0.99563692
0.99816653
0.99974205
0.99472253
0.99979190
0.99224548
0.99204245
0.99960297
0.99999075
0.99909615
0.99668347
0.99998249
0.97572385
0.96560639
0.99964327
0.99983656
0.99684712
0.95267197
0.99030747
0.99966405
0.99999589
0.99997035
0.99150722
0.99990240
0.99963781
0.99999225
0.99770968
0.99797299
0.99979132
0.99885491
0.99999102
0.99999686
0.99999246
0.99993758
0.99923140
0.99650023
0.99950959
0.99075828
0.99944926
0.99420285
0.99985405
0.99669686
0.99984321
0.99843975
0.99785294
0.99981598
0.98653559
0.99996159
0.99355960
0.99983591
0.99991627
0.99841196
0.92935842
0.99064512
0.99999001
0.99944960
0.95774133
0.99977580
0.99855708
0.99996550
0.99982463
0.96755826
0.98130835
0.99638248
0.99456381
0.99420595
0.99969319
0.99477964
0.99997484
0.98071282
0.99979647
0.99999979
0.99935045
0.99763419
0.99177039
0.99985934
0.99824941
0.99970939
0.99989450
0.99751767
0.99994594
0.99918820
0.99906820
0.99649695
0.89083228
0.98784388
0.99908862
0.91282181
0.99953272
0.99710422
0.99949482
0.99946226
0.98774163
0.99877943
0.99895644
0.73911991
0.99997528
0.99995752
0.98668052
0.99981476
0.96178860
0.99004995
0.99894055
0.98650174
0.99982258
0.99116062
0.99883187
0.99981819
0.99427133
0.99347361
0.99115132
0.99999895
0.99963654
0.99999981
0.99992169
0.99755772
0.99964004
0.99973512
0.99994959
0.97691284
0.99985457
0.99944872
0.98097705
0.99985394
0.99986502
0.99879010
0.97953297
0.99994860
0.99527621
0.98336472
0.99661945
0.96594595
0.99954954
0.99882738
0.99972957
0.99694989
0.98792743
0.99823992
0.99998572
0.99830782
0.99979177
0.99667855
0.99969782
0.96203696
0.99995932
0.98684684
0.99988386
0.99958131
0.99988577
0.99761231
0.98500364
0.99869415
0.99999602
0.99134793
0.99990263
0.99942815
0.93772906
0.99976388
0.99840253
0.87415404
0.99949959
0.99431159
0.98509282
0.99999006
0.93425266
0.99264309
0.99984333
0.99906881
0.99999085
0.99893371
0.98404825
0.99999919
0.99998461
0.98970659
0.99968025
0.99990096
0.99996191
0.99772634
0.97529359
0.99913327
0.99989919
0.99965730
0.97411904
0.99990452
0.94136825
0.99879630
0.99858587
0.99983297
0.99947581
0.99960766
0.99984294
0.85720048
0.99968174
0.99998658
0.90903539
0.99602953
0.99937409
0.99995973
0.99995806
0.99968113
0.99502409
0.99906042
0.99563372
0.85614590
0.82742431
0.99998933
0.99934017
0.99972125
0.98484193
0.99653460
0.99604456
0.99991716
0.99753971
0.97772074
0.99802652
0.98964402
0.99989323
0.99995158
0.99887823
0.99996513
0.97376995
0.99904055
0.99977728
0.99959458
0.99928072
0.87657202
0.99883840
0.98879316
0.99992262
0.95827851
0.99997527
0.98561328
0.96723599
0.99965416
0.99943700
0.99178303
0.99999313
0.99666681
0.98810389
0.99956729
0.99986904
0.99929716
0.99998136
0.99828512
0.99683861
0.99972412
0.98434700
0.98475284
0.99945904
0.99998168
0.99984915
0.99636961
0.99840139
0.99962170
0.99999666
0.99875481
0.99953696
0.99976747
0.99613498
0.99447853
0.97761224
0.98718833
0.99938989
0.99999462
0.97369174
0.99998946
0.99942702
0.99988539
0.99154143
0.99997713
0.99985507
0.99998430
0.98465585
0.99995244
0.99950135
0.99271351
0.99955762
0.99981125
0.99993622
0.99685792
0.99968001
0.99966352
0.99119352
0.99080637
0.99816849
0.99968809
0.99919128
0.95296432
0.97222279
0.99893962
0.98615431
0.99702932
0.99993585
0.99997535
0.99988992
0.99802020
0.99997580
0.99752346
0.99995451
0.99858940
0.99688397
0.99998524
0.99979340
0.99990059
0.99697095
0.99988155
0.99998417
0.99977048
0.99992315
0.96168866
0.91045430
0.87857813
0.99819205
0.99721627
0.99648724
0.98357116
0.96697426
0.99741664
0.99897793
0.99853083
0.99864438
0.99837140
0.99918091
0.99997584
0.99971446
0.99735628
0.99868150
0.98496168
0.99826346
0.99978711
0.96406851
0.99975434
0.99999643
0.97245739
0.98617021
0.99967412
0.80419844
0.99979036
0.99925704
0.99992601
0.99995706
0.99977528
0.93817738
0.99958794
0.99911928
0.99983420
0.99997723
0.99976346
0.99443364
0.99743246
0.99681567
0.99871676
0.99904335
0.99843914
0.99902523
0.98525348
0.99759415
0.99197735
0.99987034
0.99826258
0.99996432
0.99580461
0.99540289
0.99988509
0.99965129
0.98067356
0.99779460
0.99652282
0.99999487
0.99850298
0.99977950
0.99575911
0.99983214
0.99833626
0.94115710
0.99973203
0.97444364
0.90001210
0.99935491
0.99691185
0.93085831
0.99922138
0.99181176
0.99979281
0.99917022
0.99829078
0.99961277
0.99942710
0.99364531
0.99770662
0.99185770
0.99811760
0.99613513
0.99971176
0.99980344
0.99991414
0.94331958
0.99983529
0.98386269
0.99991806
0.99453215
0.99942665
0.99998386
0.99984611
0.89547443
0.99969804
0.99768221
0.99951526
0.99305311
0.99048894
