0.58051134
0.17573311
0.12776032
0.34547994
0.18334356
0.14026482
0.19129574
0.16897541
0.23120427
0.14847591
0.26197866
0.38638417
0.20358450
0.15359446
0.22929758
0.09206765
0.11529625
0.58976904
0.54530144
0.23432852
0.41359182
0.11743839
0.19972327
0.11467718
0.13070648
0.35724283
0.24288507
0.29566750
0.27836999
0.16712451
0.11945620
0.34387275
0.18884481
0.43817383
0.27307765
0.13773562
0.13316044
0.29190825
0.21070946
0.16440200
0.26411061
0.20645887
0.33513546
0.35134362
0.35219059
0.32707143
0.13384933
0.22975482
0.29319659
0.11216636
0.18103406
0.31575668
0.26366386
0.21402675
0.30486657
0.28507851
0.09577836
0.35853583
0.16439222
0.22298338
0.17185951
0.56434861
0.20375498
0.10038455
0.24967483
0.16492851
0.16938475
0.50981601
0.56646361
0.22021199
0.20136989
0.58169786
0.29243160
0.12547470
0.31603580
0.14429155
0.20706904
0.49320173
0.14772683
0.25045575
0.31092333
0.16300272
0.23837235
0.16514725
0.21129681
0.37152795
0.22435294
0.48363082
0.17618947
0.30259906
0.09594639
0.32761791
0.40747012
0.21361778
0.25355108
0.33291837
0.36213341
0.25238260
0.31027815
0.34032312
0.20046315
0.15411546
0.12568726
0.27953568
0.23066515
0.27860156
0.50246378
0.59460978
0.19409352
0.24631562
0.13384482
0.20499421
0.28842027
0.32207502
0.12204918
0.38524361
0.57182942
0.43542067
0.24069245
0.21512228
0.15251934
0.15609615
0.14152435
0.31472122
0.16053921
0.67396644
0.26911510
0.15311730
0.16910704
0.28359454
0.11865726
0.15223259
0.17298215
0.39905401
0.41898198
0.29822932
0.10372826
0.44465436
0.12159988
0.14661410
0.23508185
0.22901192
0.58640797
0.15424525
0.17618680
0.52569973
0.19369315
0.53208440
0.28737260
0.47489040
0.27203307
0.57906173
0.31849636
0.40810234
0.53405934
0.14008638
0.29600249
0.23172319
0.63825086
0.41756598
0.40542617
0.27494901
0.13488666
0.18127914
0.30268346
0.28006592
0.15953193
0.24768581
0.24945178
0.44204289
0.27607320
0.22427103
0.30249470
0.43541047
0.14386165
0.34087879
0.42044827
0.23212888
0.18412977
0.32240905
0.17953788
0.13088980
0.31239679
0.20604950
0.63694314
0.51006006
0.32274197
0.35983347
0.28594266
0.13092356
0.42564303
0.35056819
0.33908532
0.18793557
0.14343810
0.31245026
0.37462387
0.43886231
0.22089186
0.48652364
0.19384804
0.37829659
0.41532489
0.11525043
0.56696950
0.41406633
0.13418685
0.63907631
0.17477194
0.29564187
0.41623841
0.15491967
0.12541358
0.47060920
0.10802927
0.18526947
0.24076361
0.38699838
0.37309153
0.15602324
0.46176248
0.08205549
0.33802689
0.13542400
0.17642028
0.20051070
0.13188975
0.67330621
0.21786882
0.30427871
0.21607340
0.54405866
0.20023519
0.41249910
0.29486106
0.30112574
0.26493960
0.22665382
0.53001093
0.52975185
0.10075493
0.13039569
0.42364174
0.28244535
0.29821279
0.19548170
0.31450009
0.59617621
0.19172873
0.61531535
0.21638429
0.65860810
0.17250877
0.06476646
0.11852457
0.41820575
0.43683619
0.27787139
0.09615559
0.11520904
0.22271793
0.18918182
0.20710808
0.23895631
0.57787550
0.19200128
0.11486498
0.17552567
0.17253043
0.24938999
0.47625631
0.19590026
0.19978424
0.20704575
0.26103892
0.10643479
0.28592138
0.71237989
0.40411373
0.12538739
0.07066636
0.25770213
0.25936877
0.34839353
0.59979265
0.09295184
0.42349295
0.31535572
0.79667507
0.39274566
0.26919852
0.57446069
0.30783039
0.33655693
0.16661730
0.20981537
0.32342057
0.15381357
0.37357118
0.36129674
0.35273636
0.57673677
0.11645686
0.14222996
0.22918340
0.19557859
0.31711712
0.14824503
0.26349536
0.45188270
0.30015288
0.20437959
0.60508714
0.41109646
0.27830123
0.24545514
0.61408158
0.21964248
0.30650151
0.32186796
0.33766679
0.23881364
0.55570079
0.25322963
0.14935351
0.31448005
0.15702673
0.39361609
0.58842348
0.27085459
0.16018665
0.29892739
0.31543204
0.53425516
0.27777301
0.20117488
0.18461609
0.19213562
0.17639571
0.31196492
0.58073317
0.21697049
0.33411779
0.10320706
0.14720189
0.37751740
0.27992229
0.25881610
0.65833368
0.17786652
0.51463326
0.25794457
0.34517421
0.13492928
0.42142802
0.11048268
0.26438310
0.13754573
0.26757269
0.62280895
0.31873365
0.32913459
0.37048663
0.22945147
0.22714185
0.22437878
0.18868611
0.26876474
0.22314525
0.16435744
0.18465944
0.37888971
0.10944148
0.31110576
0.12926232
0.20246333
0.14800908
0.18256397
0.20125917
0.09011372
0.23091271
0.19407045
0.13573981
0.43287725
0.31510718
0.16822587
0.74049903
0.34889296
0.14978443
0.61607913
0.10346500
0.49961636
0.21194167
0.37112871
0.30100020
0.72992117
0.16525024
0.21963710
0.12354629
0.27785770
0.15003001
0.25110626
0.43998958
0.16019173
0.25707336
0.10496530
0.67293194
0.17410372
0.47094286
0.38455331
0.29699225
0.20325959
0.10521957
0.17067886
0.22298456
0.30097326
0.36753283
0.59864812
0.11961912
0.38368292
0.33587668
0.25099857
0.48546788
0.12122199
0.46869911
0.24553855
0.31721872
0.13758924
0.29393008
0.18615571
0.36570468
0.29436905
0.36830392
0.45831119
0.25573443
0.25882796
0.11555290
0.20196842
0.46800180
0.21237441
0.47420211
0.24102738
0.14838994
0.13122654
0.24563252
0.13841628
0.12964317
0.27022805
0.26163828
0.21991755
0.22388292
0.36936473
0.18954219
0.28643501
0.14475656
0.29004361
0.63373078
0.18321726
0.19276622
0.22662092
0.23558934
0.22018410
0.18317092
0.18730911
0.28323670
0.33525661
0.18806872
0.17729842
0.53496719
0.13013466
0.29030605
0.34510539
0.19895648
0.23797294
0.29863679
0.32492239
0.16088927
0.60329411
0.24949799
0.22216109
0.05553626
0.19979847
0.20901606
0.28440472
0.16388044
0.21151611
0.22768563
0.27565658
0.16267470
0.13252992
0.14632619
0.53355175
0.19836718
0.50865418
0.13621608
0.10270491
0.51434041
0.14715750
0.55980297
0.15434055
0.06988693
0.14044317
0.38706167
0.30459619
0.27886747
0.10878445
0.27387634
0.42901605
0.35287388
0.24890300
0.17155185
0.45894499
0.34495184
0.56252513
0.18569744
0.51202977
0.26063923
0.21904610
0.15459537
0.12777683
0.20923009
0.28661079
0.26266316
0.16247651
0.35180800
0.19093628
0.19834316
0.33484289
0.23010496
0.17129103
0.45066607
0.17746334
0.43281463
0.09994366
0.45933111
0.06707503
0.17870278
0.10158266
0.25605806
0.37292785
0.41060824
0.25184061
0.16148136
0.19203150
0.39311125
0.34295169
0.13705726
0.16169637
0.20966662
0.57883237
0.12558361
0.26617915
0.07825276
0.23928589
0.38054117
0.58969621
0.53618384
0.17050289
0.66280006
0.25312255
0.13877236
0.20434501
0.16103362
0.18751612
0.12597636
0.17356712
0.53723900
0.22664419
0.20087330
0.32254622
0.17284144
0.47390827
0.13656520
0.12974228
0.12845536
0.26256461
0.35331026
0.16829595
0.08904562
0.54512242
0.16279222
0.43253240
0.77495051
0.32903096
0.26678882
0.40124043
0.42608466
0.22273983
0.20748623
0.10725103
0.20532705
0.45175112
0.19758218
0.32991751
0.26721480
0.52428299
0.59045133
0.26479691
0.14093445
0.13643339
0.22772892
0.22307363
0.72236104
0.48023783
0.17043629
0.15017702
0.44137385
0.23546002
0.20300064
0.18070509
0.17026082
0.24336446
0.30435807
0.19068570
0.17485724
0.16555980
0.30271656
0.28607193
0.44579833
0.18999527
0.12744676
0.13779812
0.15174457
0.11485030
0.25198466
0.30132059
0.19944788
0.19113411
0.30274387
0.18754745
0.24634509
0.37190174
0.16629124
0.19168157
0.31875703
0.42595662
0.29910351
0.22650862
0.44063681
0.17572304
0.17123931
0.07584162
0.44825320
0.32045618
0.55303561
0.11825510
0.18924199
0.27200836
0.61360670
0.11422352
0.25022691
0.27740155
0.45447096
0.39048926
0.35835324
0.45264287
0.27620893
0.18031324
0.19658798
0.59139782
0.23023487
0.12034815
0.10802585
0.31914493
0.37191565
0.21003558
0.31505470
0.32968964
0.22387193
0.30865427
0.18232319
0.37705501
0.58118876
0.24011503
0.36511519
0.46713866
0.14686136
0.40456448
0.22218261
0.20098955
0.28222929
0.26943443
0.43816619
0.55621940
0.33980932
0.43849533
0.31730158
0.17334040
0.44908995
0.27828482
0.49894139
0.51811096
0.15919017
0.51747357
0.15399239
0.16032638
0.26761682
0.10234165
0.30380965
0.49784176
0.18284234
0.13065780
0.35309991
0.15685286
0.16258897
0.14038439
0.20848426
0.27085592
0.20778110
0.53848145
0.27256889
0.26143301
0.40914038
0.11475986
0.11059651
0.23393863
0.31351304
0.23069896
0.21254559
0.44839722
0.28993386
0.49753755
0.25627207
0.39355462
0.17937384
0.26190188
0.54523961
0.46196177
0.20573553
0.20716662
0.17096727
0.08109828
0.63001886
0.32119594
0.33617773
0.34561575
0.14806868
0.14173625
0.22153718
0.18367705
0.47425180
0.18680789
0.10239518
0.31589080
0.17490965
0.38089831
0.40657389
0.17413597
0.62435509
0.45294798
0.22386143
0.62182103
0.18484130
0.29297659
0.15319635
0.51089242
0.20811887
0.10435565
0.26232189
0.32567187
0.44594970
0.16630840
0.23370095
0.38910804
0.26118468
0.17799477
0.13489171
0.28518222
0.30334755
0.35916196
0.23597088
0.12840232
0.26965218
0.32445861
0.38407437
0.56818428
0.24129273
0.51349038
0.31225152
0.24998343
0.19370182
0.42627365
0.14659259
0.19627840
0.25268677
0.16389874
0.34072787
0.16565163
0.11299092
0.11154869
0.23331408
0.11789065
0.60928707
0.37620177
0.43259563
0.08278266
0.16858022
0.10642447
0.27898082
0.29594724
0.24900133
0.23451161
0.19073066
0.62975781
0.10860457
0.59935708
0.21032400
0.16750834
0.21831016
0.15317705
0.49681105
0.28428862
0.16149472
0.25510407
0.14372426
0.24080591
0.35591790
0.32367457
0.15112955
0.07664281
0.14052372
0.49436510
0.50795251
0.30827537
0.34076072
0.21941089
0.12224338
0.28397593
0.09358132
0.32416590
0.22762793
0.25836054
0.11949890
0.12289692
0.28261423
0.42669750
0.39138373
0.37636628
0.61062847
0.16620724
0.21799410
0.08349559
0.32304769
0.14847447
0.13869953
0.50135727
0.28196360
0.13576132
0.55782357
0.27858762
0.41636868
0.19993806
0.16121801
0.14144357
0.30752506
0.10333863
0.29752403
0.32219695
0.24233879
0.16150907
0.17942735
0.13834215
0.13220300
0.21339175
0.24828932
0.36213807
0.22587120
0.19651325
0.31879111
0.32170286
0.20148256
0.22753889
0.61031202
0.48206866
0.22460390
0.54873728
0.52839541
0.28609123
0.14589306
0.17843255
0.45942675
0.15501989
0.18042414
0.30309539
0.21782687
0.14547628
0.16177121
0.30689367
0.19225711
0.27525340
0.43810735
0.27826799
0.26629981
0.15841600
0.34001334
0.47032545
0.11871073
0.25060118
0.24811619
0.44079562
0.50156476
0.44643309
0.13786343
0.41885292
0.39360499
0.50275752
0.53130462
0.34217680
0.44678451
0.36345549
0.28132713
0.22117042
0.30095422
0.48295343
0.58904028
0.58589418
0.23113404
0.24471756
0.23844378
0.13143018
0.59566352
0.17191613
0.21624194
0.46175095
0.38073161
0.41583135
0.37369954
0.16290531
0.13141791
0.24261915
0.15407122
0.17045513
0.63896863
0.28304964
0.17686816
0.09123727
0.11371934
0.15932177
0.27677727
0.34479634
0.36572760
0.47225877
0.28034370
0.24419584
0.42245631
0.69393397
0.33243843
0.39140815
0.23689247
0.23081644
0.11525341
0.08210620
0.06579177
0.22029279
0.18201811
0.23118522
0.21149334
0.16446706
0.16397576
0.15942248
0.16582476
0.34853351
0.24164746
0.61724578
0.24444726
0.30745398
0.49497398
0.51693713
0.28743036
0.17660101
0.40311742
0.17672665
0.34039881
0.17710926
0.38562216
0.26880643
0.19181094
0.37805239
0.15897192
0.16223420
0.51957697
0.22957719
0.52671956
0.59599663
0.25957865
0.19553204
0.27810691
0.15415604
0.32557817
0.12517703
0.05876328
0.41966029
0.13036591
0.20855311
0.31748463
0.47772199
0.15084493
0.16558930
0.14365693
0.26562456
