0.58213271
0.24492781
0.25212001
0.21927528
0.50576310
0.17723387
0.15444537
0.47687665
0.29223582
0.31194941
0.33103989
0.23025413
0.37839727
0.31490558
0.17167685
0.37546989
0.28802362
0.14391429
0.19156198
0.29063282
0.27624170
0.55155896
0.27982032
0.59388635
0.12842865
0.18232857
0.39219928
0.29429661
0.27219283
0.29894060
0.10849441
0.34598016
0.18643456
0.23925447
0.55864350
0.11243953
0.29376881
0.34329087
0.40209709
0.36939059
0.26802168
0.20489659
0.20492729
0.25177265
0.20004620
0.22972223
0.24297379
0.43329708
0.35105121
0.31554933
0.16980783
0.23348994
0.38715257
0.08527996
0.17879683
0.10397219
0.31749490
0.17647764
0.31797316
0.33591515
0.25355762
0.17544379
0.35444125
0.32321881
0.20518966
0.46122445
0.50832454
0.33062162
0.20969767
0.47634986
0.45596411
0.49191024
0.14036189
0.33462728
0.46075429
0.20026114
0.32399442
0.15020137
0.40162784
0.16247872
0.27811133
0.45566877
0.22761483
0.20757689
0.26289503
0.29757047
0.10100312
0.15579634
0.23835699
0.50422843
0.21460722
0.16048688
0.21132677
0.33613105
0.15274946
0.25985826
0.19428650
0.12864640
0.38207381
0.25157029
0.24593082
0.32616314
0.36720639
0.43412505
0.16114148
0.12306362
0.28910442
0.13636979
0.23490252
0.23973690
0.49895086
0.40939173
0.13143589
0.33923037
0.21801787
0.22582655
0.13693291
0.24894953
0.25807134
0.18068884
0.13718664
0.16848465
0.16765836
0.16038341
0.57540581
0.11418369
0.30380429
0.39055063
0.23169248
0.25112362
0.34279376
0.22237668
0.11518026
0.12408287
0.11956804
0.13502200
0.31999317
0.27690981
0.37703190
0.20707167
0.30782038
0.20958051
0.28392304
0.24913547
0.34103477
0.45979067
0.18220474
0.09513362
0.37245797
0.56898557
0.09207388
0.34304462
0.26574007
0.14501547
0.22741774
0.14493067
0.25201314
0.27495594
0.22072177
0.35220908
0.35774194
0.17107925
0.20728627
0.48885020
0.19434672
0.21582232
0.31720357
0.45421081
0.25613110
0.22968144
0.16039596
0.20198347
0.11638236
0.16671802
0.27669722
0.43417880
0.32453866
0.12116637
0.29896110
0.14028715
0.28101352
0.15411171
0.16379185
0.12829681
0.31404789
0.10854306
0.28610862
0.31695537
0.12084876
0.26132029
0.12974537
0.10992110
0.24938820
0.32785538
0.13506859
0.48338077
0.22608918
0.21678740
0.16099000
0.12391618
0.22133809
0.21873041
0.22802403
0.14579045
0.12456936
0.29514803
0.14376336
0.32964301
0.28885515
0.42361936
0.15863090
0.26444613
0.09164427
0.12195390
0.33033995
0.35062682
0.23283911
0.61102434
0.56325091
0.14842444
0.30169673
0.15879568
0.35306470
0.26420840
0.29005922
0.25415046
0.33553966
0.17927952
0.31929994
0.18209154
0.27615632
0.28351396
0.14119332
0.16214497
0.35281930
0.16793586
0.33458942
0.15973792
0.43727443
0.29856886
0.33734413
0.13711632
0.20075505
0.35280569
0.37250721
0.23183670
0.15350459
0.37653210
0.28664965
0.28301007
0.18915971
0.42611455
0.20492842
0.25207833
0.11488464
0.29551128
0.25915457
0.42308920
0.26838688
0.16182636
0.50511272
0.51914375
0.13341247
0.53751189
0.29428037
0.29584252
0.44741581
0.36874298
0.07885340
0.41124800
0.37043049
0.25800605
0.29825745
0.20701202
0.08602047
0.11477632
0.17897710
0.43731981
0.09866975
0.18028036
0.29251146
0.42360800
0.50822677
0.20101671
0.14394937
0.40280387
0.20124989
0.25708530
0.13211716
0.22500131
0.11640052
0.33636683
0.20674476
0.15980461
0.55203145
0.39150254
0.14504359
0.18559548
0.28743789
0.17910358
0.17803615
0.14734088
0.13703041
0.16880324
0.22271377
0.17340373
0.26034727
0.12063721
0.41309642
0.24038922
0.19371491
0.60249135
0.22460710
0.47816275
0.41655966
0.15511379
0.51879650
0.58662555
0.47452900
0.19080965
0.21273311
0.16390456
0.24190876
0.44192935
0.23501827
0.25731249
0.24880344
0.11294089
0.53349866
0.48166202
0.09133797
0.26113024
0.48622267
0.45815178
0.26169364
0.21744438
0.33735571
0.15536509
0.24402777
0.31746426
0.18029480
0.26713976
0.69855309
0.54257599
0.28467736
0.27539752
0.20372387
0.24649530
0.22797276
0.18245697
0.49976732
0.20063567
0.37365329
0.36629904
0.57662770
0.32533393
0.22228713
0.22656057
0.39339825
0.26941775
0.33526100
0.11358370
0.09250805
0.11919805
0.12586761
0.44263808
0.13614739
0.30921564
0.20147688
0.16055278
0.21648521
0.20365992
0.32212419
0.23331011
0.42366261
0.41886870
0.58770594
0.17442065
0.12385810
0.39659565
0.09109045
0.46737056
0.35263219
0.49603622
0.26214533
0.22009770
0.19008919
0.18527343
0.11480731
0.14625145
0.50100168
0.33540286
0.33037722
0.17597137
0.39094994
0.24595096
0.14561129
0.28821107
0.10894363
0.09155568
0.33277585
0.26744586
0.24066802
0.17308155
0.15965709
0.36689532
0.45716205
0.33039276
0.32606871
0.42762252
0.20330207
0.34295732
0.30774700
0.14939064
0.35108733
0.20693924
0.30512236
0.21287265
0.16424460
0.30444154
0.37679378
0.08298288
0.15917472
0.40409815
0.12703859
0.12149792
0.30126254
0.47829499
0.16708117
0.15138284
0.24286939
0.14283144
0.82118099
0.18021177
0.30833928
0.26484219
0.13930219
0.13053198
0.29979634
0.43594134
0.17079341
0.35808748
0.27275491
0.24350039
0.21707874
0.28106101
0.12350030
0.23873009
0.43350411
0.13805779
0.37228418
0.14166023
0.40143597
0.42922498
0.21493739
0.10040171
0.24121483
0.13894955
0.25405120
0.34374380
0.24201092
0.15348376
0.24989385
0.18320326
0.21367949
0.15965869
0.25607448
0.14766778
0.30532342
0.12710191
0.28554305
0.18032466
0.14037761
0.32311319
0.30903362
0.22138646
0.21952079
0.25671938
0.40669900
0.28879141
0.10143003
0.58769599
0.12653354
0.46169072
0.15531631
0.45165320
0.20392531
0.25321538
0.22670637
0.36060863
0.40395767
0.28501260
0.63537467
0.45640088
0.12978162
0.15945881
0.17592231
0.18919258
0.22522008
0.45533583
0.37939850
0.46737822
0.63749944
0.21918833
0.12852421
0.37495493
0.30554987
0.10295339
0.40820156
0.16309994
0.50775295
0.10942906
0.09961353
0.82809079
0.14271379
0.45089116
0.62827812
0.23879327
0.14938032
0.11826889
0.10591369
0.54772451
0.19493783
0.31111606
0.20414353
0.24944968
0.30828705
0.26560512
0.32295578
0.09176848
0.26068314
0.36455062
0.26160361
0.45878436
0.31360448
0.30922276
0.19861051
0.32585752
0.28454417
0.41320750
0.24782916
0.33994421
0.18667023
0.34708190
0.24437317
0.35901905
0.16587571
0.20508883
0.29212785
0.21727629
0.11058023
0.52151007
0.19716946
0.31300151
0.44611627
0.24527220
0.30082179
0.17032560
0.49516229
0.20213486
0.41972212
0.30657378
0.36141686
0.53706269
0.19199141
0.24445628
0.27161522
0.24456730
0.33899114
0.16170710
0.53096198
0.36143400
0.22243614
0.34088790
0.22656975
0.59607395
0.31589718
0.23318623
0.58036120
0.34223197
0.18691210
0.49442566
0.23869956
0.47566470
0.13211399
0.22736019
0.32286636
0.36308506
0.17628914
0.23954056
0.22905570
0.16316673
0.50331665
0.21400157
0.16706638
0.12112297
0.41936154
0.43514083
0.39442226
0.11869622
0.21074301
0.38828946
0.12188078
0.48214229
0.15465087
0.50523030
0.40572631
0.15327775
0.33299776
0.34805331
0.19080303
0.42575788
0.21859441
0.70542859
0.50276614
0.12645824
0.09771549
0.14418366
0.26697970
0.30327842
0.39755057
0.28447533
0.31443971
0.27974191
0.48452154
0.23560973
0.17887112
0.37152229
0.21415685
0.19945117
0.48856893
0.23488281
0.36540566
0.17857004
0.31697796
0.51041730
0.21211343
0.23983551
0.43734901
0.32344796
0.16408982
0.11444759
0.29542878
0.11268105
0.13554702
0.36675227
0.31202876
0.23256025
0.55044546
0.26517804
0.14508185
0.18527709
0.27610962
0.56243540
0.35111665
0.45948314
0.25926860
0.56306383
0.23578998
0.16951054
0.34543219
0.12958283
0.34551061
0.18835062
0.35195584
0.41050708
0.36359841
0.15146900
0.37394425
0.13361736
0.15533722
0.38286456
0.09955872
0.13390159
0.14886152
0.11503417
0.18928293
0.11980926
0.21182392
0.46058861
0.14564411
0.18118566
0.20517281
0.52355161
0.46676611
0.31649880
0.21820937
0.52116285
0.30184904
0.30601974
0.12690044
0.29067884
0.20677126
0.30133922
0.48582200
0.35703353
0.27361691
0.36913265
0.51969458
0.44446806
0.29806093
0.22352558
0.18095830
0.31534346
0.23519299
0.54203743
0.24824892
0.34461089
0.39921656
0.43137706
0.25319626
0.32170717
0.15654118
0.28455006
0.38826568
0.23029251
0.36289770
0.31366484
0.27041848
0.16450766
0.08601718
0.19282273
0.21259958
0.67230095
0.25126845
0.08246803
0.35297790
0.10942662
0.36651285
0.19398424
0.17633085
0.21239001
0.52580792
0.44062919
0.14147048
0.14118525
0.38474363
0.44666025
0.24575172
0.21379421
0.22601087
0.28705311
0.72512209
0.39026562
0.11469669
0.29395814
0.16871377
0.18532420
0.15829272
0.25629064
0.24608295
0.23712154
0.19592338
0.41287518
0.12932086
0.30867843
0.45678880
0.31659234
0.07939912
0.28120351
0.11173650
0.17026314
0.32550068
0.32325765
0.20341384
0.27245473
0.17583915
0.10748632
0.18373872
0.19853192
0.10657840
0.38335241
0.41946173
0.45583812
0.41824891
0.39165958
0.37427056
0.26535068
0.13499988
0.10606150
0.11325694
0.42326048
0.43365608
0.18969969
0.28695782
0.45721917
0.50581099
0.22593890
0.08506987
0.24728869
0.27099346
0.19998171
0.42975117
0.44136820
0.11734294
0.47942345
0.20933881
0.22964542
0.24710515
0.19920055
0.24442677
0.50385644
0.12128132
0.17538141
0.23564435
0.11031461
0.26040396
0.25066025
0.37119925
0.11150209
0.17767133
0.14417229
0.19282308
0.55055003
0.30644022
0.21205129
0.28043271
0.14388771
0.22293587
0.38718229
0.17964583
0.26955628
0.42044878
0.28015267
0.32829052
0.19967730
0.23938274
0.26564266
0.21749146
0.45520003
0.39808599
0.12724275
0.37921454
0.38799090
0.13071835
0.18726695
0.41734639
0.31236315
0.37687793
0.48845182
0.18048573
0.55369916
0.28068847
0.07848797
0.18612659
0.30184823
0.34912694
0.39164475
0.15268568
0.14433496
0.43644263
0.24333410
0.15505008
0.18037967
0.17441319
0.28899065
0.45346882
0.31858901
0.44901203
0.17011889
0.25633012
0.19717391
0.14202237
0.14419009
0.25556417
0.23244526
0.18420130
0.19596756
0.23779471
0.09911876
0.37053168
0.14633838
0.47532970
0.27605816
0.23012771
0.41944828
0.29065869
0.14954193
0.28757723
0.39994458
0.58859821
0.16535652
0.16458757
0.34867621
0.39438318
0.22677039
0.38069388
0.52471965
0.19411780
0.25138421
0.29770653
0.16320379
0.20977621
0.32708065
0.27474799
0.25627358
0.18820680
0.17827746
0.19171383
0.52103760
0.29430519
0.45773698
0.20393743
0.24166818
0.30848055
0.50277124
0.25801791
0.64680773
0.11589145
0.22041874
0.16328132
0.13534696
0.17333042
0.27117010
0.24793320
0.27708932
0.62127127
0.12663478
0.09194671
0.28216173
0.26959080
0.17870098
0.17160740
0.28324499
0.38946612
0.46986118
0.13780085
0.19863706
0.33173023
0.15244679
0.36743059
0.16271844
0.29232059
0.31407902
0.12787169
0.30661693
0.14629996
0.49126716
0.43129836
0.18701902
0.32835646
0.23322050
0.53750438
0.56926494
0.33276674
0.26234684
0.24092958
0.11491116
0.49524803
0.42632793
0.10513946
0.29649396
0.13591350
0.17795924
0.55286168
0.21306415
0.49105703
0.20408494
0.11596844
0.17389459
0.16156055
0.13610707
0.20274097
0.14480593
0.54791400
0.16797736
0.40668630
0.42062179
0.29798796
0.20652148
0.23484162
0.48227085
0.23088733
0.32092946
0.29507693
0.21308915
0.42517431
0.15232906
0.26866479
0.22268077
0.28969887
0.16113605
0.31274460
0.27256179
0.10908055
0.07905695
0.12784310
0.19304264
0.14061747
0.15505687
0.46044384
0.29204602
0.39942824
0.31909868
0.15056168
0.13616253
0.51745937
0.22009891
0.36823781
0.19565002
