0.34618163
0.32519072
0.28420966
0.39427604
0.25872375
0.28022781
0.23311880
0.24896815
0.26163730
0.35245096
0.41747929
0.36590893
0.22416596
0.19781971
0.34525946
0.23887959
0.40160111
0.22193290
0.23457357
0.25227621
0.17500888
0.38304421
0.19953187
0.23636918
0.27193091
0.26797040
0.37924249
0.27588408
0.29456749
0.28376633
0.27053295
0.22884690
0.24034030
0.39575639
0.30236794
0.22885831
0.31001860
0.20157373
0.20897270
0.26432632
0.36338179
0.28911648
0.35471885
0.16036087
0.16566426
0.17660385
0.46073791
0.28568864
0.27582798
0.35197443
0.38792245
0.25062341
0.30833721
0.34445311
0.20216631
0.13817481
0.33863844
0.29942782
0.21131234
0.38096091
0.31300275
0.26713235
0.27369572
0.28104058
0.33342367
0.43189548
0.23118118
0.30185918
0.32558555
0.22825062
0.24408260
0.38384244
0.24460941
0.37492227
0.28033784
0.27839401
0.23553902
0.28845849
0.29123257
0.37539334
0.42712977
0.35690330
0.22681934
0.23778372
0.15345627
0.28419255
0.34933406
0.14132773
0.34119170
0.25379413
0.32193026
0.35835599
0.32246753
0.41814262
0.12514732
0.23901542
0.39220155
0.27607094
0.23229548
0.34782176
0.35178982
0.18163586
0.39040620
0.34818038
0.29370628
0.30936022
0.29642609
0.22130048
0.33663553
0.18798103
0.29329127
0.35470333
0.23013630
0.31988743
0.32750624
0.34890151
0.33382042
0.35252258
0.21630789
0.21099926
0.36053034
0.40343935
0.22703113
0.22480667
0.35079633
0.32543407
0.35898882
0.34187572
0.22452457
0.26487255
0.28099375
0.33755552
0.31691517
0.26038390
0.24261982
0.29330128
0.30792228
0.22709754
0.39948329
0.18984395
0.29705762
0.17681570
0.30598366
0.21924942
0.27614109
0.36067558
0.29764020
0.28602806
0.34973926
0.24956086
0.30449581
0.29596219
0.24613961
0.29866907
0.32912171
0.20980717
0.28257678
0.26389678
0.33839891
0.30532782
0.28598223
0.38800296
0.27434802
0.28799675
0.31753051
0.28858143
0.30237166
0.26726957
0.15398101
0.32873486
0.23423818
0.25665191
0.37607028
0.30059942
0.43981789
0.30308542
0.31396590
0.28968945
0.34283673
0.39842715
0.40310068
0.25808485
0.16648554
0.28029414
0.31361314
0.28057420
0.26560071
0.27746532
0.34944888
0.18906571
0.43823879
0.22579680
0.11552113
0.46032657
0.26256561
0.31871430
0.22907891
0.28473490
0.21595434
0.29188983
0.18987115
0.23693051
0.33627683
0.29171345
0.42435164
0.20801905
0.38808021
0.10998622
0.42188274
0.33625997
0.23661688
0.30843725
0.32825245
0.37129235
0.21403472
0.33697893
0.26603858
0.36281484
0.20372666
0.34542834
0.23834522
0.25852215
0.38145319
0.33456809
0.27843620
0.37598404
0.11638778
0.30501973
0.37932394
0.24816870
0.26628326
0.25122961
0.17369291
0.27158998
0.45004682
0.38228656
0.21778309
0.24528493
0.30004173
0.15111070
0.27237477
0.26626693
0.27322652
0.32517080
0.25828264
0.31514028
0.21247647
0.42872192
0.31456973
0.20480256
0.28434854
0.27217744
0.16830286
0.35340995
0.15414424
0.26986985
0.47073574
0.49311648
0.19630992
0.23965416
0.19823655
0.33295674
0.44255610
0.29973905
0.31750319
0.41038212
0.37596906
0.38597713
0.21006216
0.26813539
0.43900865
0.29955750
0.25763403
0.29218644
0.22926789
0.23384685
0.30771667
0.30487912
0.33440430
0.25509407
0.31288654
0.20582423
0.20579641
0.38379247
0.40247000
0.31133312
0.38579104
0.25425102
0.24821439
0.21622297
0.30966274
0.28054695
0.27877566
0.19534947
0.41133295
0.32760772
0.20565241
0.22970872
0.23214143
0.32431193
0.32500031
0.25222293
0.28543816
0.26432206
0.24809033
0.33703471
0.10804700
0.34223719
0.22705989
0.31042883
0.24156158
0.17223593
0.19191390
0.26465376
0.29023135
0.33736757
0.24928931
0.28313113
0.22816110
0.24576048
0.29734451
0.31113168
0.33888373
0.39833019
0.27856870
0.42514793
0.32266520
0.24927319
0.28351755
0.34102720
0.20522602
0.17635087
0.31557211
0.33756342
0.33060349
0.22475535
0.33509124
0.27708645
0.20637632
0.44556198
0.24276275
0.31225875
0.41338161
0.24995321
0.28374399
0.23919598
0.41278884
0.25835150
0.40645662
0.35400145
0.47341997
0.33716047
0.43428047
0.28553627
0.22121786
0.42218840
0.38699823
0.29412821
0.23596236
0.29422235
0.25943973
0.31014861
0.40974275
0.19271512
0.33321661
0.23888835
0.26481345
0.27931759
0.32653727
0.27703930
0.29901269
0.24584010
0.23013743
0.34608627
0.16070858
0.26504150
0.23094545
0.37063420
0.24321081
0.33031027
0.39913248
0.30733451
0.33037353
0.28204925
0.35783561
0.34680808
0.13279418
0.44279981
0.25410356
0.26931082
0.25578880
0.22226425
0.27169442
0.30845714
0.26899304
0.20235717
0.23167753
0.27191527
0.29773733
0.18943052
0.43465355
0.24555801
0.24607902
0.31187115
0.28844243
0.19941666
0.23420329
0.27906226
0.27607424
0.29140616
0.28506921
0.25845787
0.33788865
0.22017952
0.20138677
0.33075656
0.30944387
0.22716815
0.22258525
0.15372917
0.49311925
0.27646321
0.39984970
0.32515625
0.30962846
0.26326411
0.24278336
0.44722308
0.27058498
0.28726925
0.30642218
0.28856858
0.14325720
0.24171773
0.28291371
0.24329899
0.26119049
0.33427853
0.28404655
0.25922899
0.29362525
0.35248150
0.24623007
0.35741931
0.33056586
0.35388612
0.21818211
0.17202827
0.10256988
0.34669093
0.25058041
0.34096233
0.29298262
0.07901708
0.42297184
0.29701494
0.26003720
0.30048751
0.29205636
0.23955707
0.25740195
0.15418255
0.38837737
0.09625459
0.41337777
0.35450954
0.30366768
0.29447147
0.45604654
0.18468179
0.25514015
0.26472670
0.29483582
0.29272407
0.19468567
0.38963040
0.24121724
0.31096322
0.40138190
0.40855530
0.19692481
0.18918741
0.33295655
0.27953532
0.23484402
0.33613165
0.22141985
0.27188110
0.22060821
0.25165336
0.37976055
0.32927363
0.32028389
0.33529260
0.34811804
0.26047409
0.31529471
0.23354925
0.32515402
0.28634960
0.27872558
0.18112402
0.46478779
0.25478015
0.22143741
0.22826640
0.20963392
0.35115503
0.23550927
0.40329278
0.27394661
0.22339577
0.35144736
0.31379689
0.34385582
0.29126445
0.28293661
0.21984405
0.36233267
0.19253686
0.34937978
0.12080001
0.38136572
0.21084593
0.35714474
0.24737838
0.16352519
0.25092285
0.29689102
0.28963092
0.33286884
0.27454121
0.42521524
0.36704284
0.29327247
0.28532929
0.20571982
0.28714942
0.24024645
0.43374760
0.18020803
0.34150395
0.23485522
0.31796052
0.20477774
0.38895429
0.26760169
0.25873758
0.10778619
0.19679267
0.10101479
0.20861909
0.23711023
0.24311909
0.37998163
0.35893522
0.24660648
0.32096316
0.43183747
0.26904360
0.24327923
0.33936463
0.21202701
0.26600600
0.24450143
0.16093476
0.23915020
0.40836680
0.21709903
0.23752246
0.38164580
0.20640003
0.27380821
0.23335350
0.31757212
0.41378339
0.23252066
0.26527113
0.28394271
0.21023895
0.25779118
0.18697898
0.31441053
0.32539860
0.30632766
0.24479577
0.30511020
0.33844151
0.34577056
0.34100222
0.20500493
0.35603626
0.30271838
0.23631992
0.32679932
0.27142343
0.37636288
0.17220526
0.27610476
0.38319050
0.37334927
0.37869939
0.44945433
0.32856184
0.26253543
0.30076765
0.20355737
0.24178668
0.23776892
0.24761336
0.31922558
0.28416647
0.25322657
0.24855356
0.21681981
0.16565446
0.37671518
0.23713808
0.29831846
0.45566061
0.14885695
0.34818496
0.40595315
0.31945751
0.31896506
0.42685473
0.14886740
0.25068691
0.40288757
0.23668749
0.30526405
0.23694708
0.40210649
0.23668116
0.17655706
0.19293164
0.11349214
0.22537148
0.48071627
0.27550660
0.28924926
0.24756825
0.21032568
0.20437446
0.24592183
0.33959024
0.32787022
0.25238311
0.26993475
0.19988308
0.31119010
0.41130285
0.26777554
0.20141572
0.31212249
0.21617879
0.23705962
0.17853313
0.26273762
0.31338895
0.20226910
0.29705427
0.30241784
0.44743277
0.37221947
0.40634422
0.43490834
0.16489962
0.19664912
0.31384728
0.25347960
0.33483024
0.24776725
0.24405196
0.18841583
0.36907733
0.31920538
0.22015946
0.22677770
0.30136049
0.20348990
0.25052112
0.34343161
0.37638934
0.15113776
0.35353952
0.18367549
0.27294792
0.27824455
0.46083874
0.26832951
0.46442511
0.28021903
0.31716195
0.23381019
0.28043347
0.25551663
0.14429648
0.17629784
0.27219151
0.31818893
0.19238223
0.26133967
0.37359631
0.37860386
0.27325522
0.24229699
0.32664804
0.09725258
0.25625153
0.25762571
0.28259031
0.23119056
0.44602930
0.28421765
0.34542885
0.24710807
0.19622410
0.35573765
0.43995997
0.25018856
0.29625281
0.23081238
0.24135618
0.31849986
0.46137128
0.27481543
0.30163795
0.25036843
0.24690038
0.40093314
0.38213636
0.45784667
0.24547211
0.31598426
0.25577702
0.21553527
0.30268145
0.20388959
0.16237311
0.37658128
0.26722698
0.33231007
0.28394468
0.26639545
0.31951688
0.14286459
0.34867571
0.19442366
0.20215953
0.23080191
0.25052742
0.21622751
0.14479644
0.34826872
0.20092406
0.28266905
0.22207097
0.24632125
0.28294383
0.16347904
0.28710365
0.33085103
0.21309411
0.36926055
0.33281530
0.24371140
0.24975294
0.35374158
0.45680942
0.25863549
0.23022359
0.27399047
0.18133320
0.45158353
0.20051901
0.35772097
0.37553421
0.28401431
0.26880148
0.32208750
0.26265486
0.31474274
0.46287585
0.27092265
0.19373692
0.23740392
0.25184594
0.25192528
0.32793332
0.17937854
0.21278090
0.24838848
0.28390111
0.43839910
0.25860667
0.34874723
0.27406349
0.22283800
0.23638096
0.35925659
0.26127967
0.47379261
0.29806995
0.28323557
0.32868613
0.33174154
0.22958409
0.30320307
0.37996936
0.29076615
0.19092987
0.28160832
0.27219560
0.29970441
0.30242350
0.17807787
0.33635105
0.36176120
0.24890107
0.22450497
0.33607944
0.23776530
0.19251323
0.23082525
0.15927489
0.44512972
0.29132896
0.41026057
0.27473922
0.21406819
0.26031800
0.27972906
0.32673504
0.22271926
0.37051730
0.31914164
0.30997468
0.23547824
0.28621023
0.30614670
0.34636650
0.28186833
0.25998864
0.26807491
0.22997718
0.34568280
0.21092543
0.31668550
0.26871684
0.29738904
0.23122985
0.20940193
0.20456262
0.16818216
0.36512126
0.22144549
0.41488071
0.26884385
0.23134888
0.31858337
0.30356548
0.32930887
0.28687282
0.26346441
0.48595574
0.29969724
0.28088412
0.25895723
0.29197818
0.27376198
0.41557007
0.22363990
0.18396148
0.26319118
0.31120852
0.27527835
0.42328886
0.41181203
0.35935072
0.30717538
0.18455448
0.29158155
0.34246524
0.31492934
0.15239153
0.35093465
0.31539703
0.33241798
0.31433624
0.25167194
0.32171977
0.22715785
0.31306491
0.39586169
0.40570013
0.33454132
0.35624166
0.22750241
0.24105882
0.41084915
0.23062787
0.25582149
0.26537997
0.26896833
0.27310996
0.28562930
0.16706932
0.36764675
0.44553116
0.41607549
0.20965017
0.35185354
0.41147713
0.35454158
0.23962739
0.33719660
0.21957878
0.37608997
0.40249874
0.30087362
0.30366459
0.28050511
0.26244213
0.28788360
0.44042589
0.33172909
0.26575062
0.37288556
0.23354015
0.35762012
0.22496926
0.19977770
0.25046601
0.40049157
0.33607896
0.29721650
0.19709402
0.13900744
0.31081492
0.28479053
0.38492054
0.30508661
0.36686709
0.24176630
0.11796348
0.30892827
0.29651392
0.25092464
0.25205551
0.24614615
0.40529933
0.27462839
0.31831771
0.27014066
0.21372668
0.38968450
0.22513577
0.33071958
0.39536607
0.15986855
0.21125457
0.32324006
0.27439449
0.30201973
0.26736388
0.10895290
0.26611878
0.26386367
0.40479384
0.22581196
0.27812597
0.38976833
0.18789895
0.32571273
0.32679261
0.27454156
0.28923127
0.34751096
0.23977842
0.22845607
0.34179810
0.26987055
0.25338084
0.26411215
0.18512004
0.42347232
0.27074409
0.24678213
0.33729180
0.21859145
0.23710951
0.24163956
0.34737634
0.16837223
0.23292288
0.24026266
0.29411973
0.29066216
0.42608786
