0.09558480
0.09558480
0.99444747
0.99421895
0.09558480
0.09558480
0.79331722
0.09558480
0.99926414
0.09558480
0.99900649
0.09558480
0.93931990
0.09558480
0.98079464
0.09558480
0.09558480
0.09558480
0.99694210
0.09558480
0.94748621
0.09558480
0.09558480
0.09558480
0.09558480
0.09558480
0.09558480
0.78477979
0.91126457
0.09558480
0.13408473
0.99999997
0.99549246
0.09558480
0.88987249
0.61039388
0.09558480
0.79381368
0.09558480
0.09558480
0.09558480
0.09558480
0.09558480
0.75807590
0.98176087
0.87956758
0.96755831
0.09558480
0.09558480
0.09558480
0.09558480
0.09558480
0.92146496
0.09558480
0.87773455
0.09558480
0.09558480
0.09558480
0.99884761
0.09558480
0.09558480
0.09558480
0.99969125
0.09558480
0.09558480
0.39391088
0.09558480
0.39391088
0.99999984
0.41475941
0.09558480
0.09558480
0.91747870
0.79480467
0.99999965
0.99834833
0.09558480
0.09558480
0.09558480
0.09558480
0.09558480
0.99667234
0.09558480
0.86638740
0.09558480
0.90913015
0.09558480
0.09558480
0.09558480
0.86168084
0.09558480
0.09558480
0.97875620
0.89261742
0.99529609
0.99926414
0.99648298
0.98090372
0.09558480
0.09558480
0.09558480
0.09558480
0.09558480
0.09558480
0.09558480
0.09558480
0.09558480
0.09558480
0.94462592
0.09558480
0.09558480
0.09558480
0.98822562
0.80601611
0.09558480
0.93037213
0.99950535
0.09558480
0.09558480
0.09558480
0.09558480
0.99999589
0.09558480
0.09558480
0.95776627
0.95851062
0.09558480
0.09558480
0.09558480
0.09558480
0.09558480
0.09558480
0.64197928
0.59693339
0.09558480
0.49205896
0.99247931
0.09558480
0.09558480
0.93037213
0.09558480
0.09558480
0.09558480
0.09558480
0.83408250
0.95331325
0.09558480
0.98875879
0.09558480
0.91126457
0.09558480
0.74550843
0.09558480
0.99393578
0.09558480
0.09558480
0.09558480
0.99932208
0.82560236
0.56675207
0.09558480
0.09558480
0.09558480
0.87061754
0.09558480
0.99994507
0.09558480
0.65863553
0.09558480
0.96660845
0.09558480
0.09558480
0.09558480
0.96802629
0.99716798
0.99999992
0.09558480
0.09558480
0.09558480
0.09558480
0.09558480
0.99982811
0.09558480
0.09558480
0.09558480
0.97731675
0.09558480
0.09558480
0.09558480
0.09558480
0.09558480
0.80457312
0.82058417
0.09558480
0.99988916
0.54505823
0.81781352
0.09558480
0.88029615
0.09558480
0.78477979
0.09558480
0.99575719
0.09558480
0.09558480
0.79727093
0.99148048
0.99568275
0.09558480
0.09558480
0.98991248
0.38943773
0.99994640
0.09558480
0.91514475
0.25370101
0.09558480
0.98259076
0.09558480
0.99635239
0.99918112
0.09558480
0.09558480
0.99997810
0.09558480
0.09558480
0.09558480
0.09558480
0.09558480
0.97568273
0.99998679
0.09558480
0.09558480
0.09558480
0.83583741
0.09558480
0.99918112
0.09558480
0.99962486
0.09558480
0.09558480
0.56048852
0.09558480
0.09558480
0.09558480
0.09558480
0.97044496
0.09558480
0.09558480
0.99877603
0.09558480
0.87883636
0.97410402
0.99999990
0.99699978
0.09558480
0.09558480
0.09558480
0.09558480
0.64649603
0.09558480
0.09558480
0.09558480
0.09558480
0.99999794
0.09558480
0.09558480
0.09558480
0.09558480
0.09558480
0.89632292
0.89431160
0.09558480
0.09558480
0.09558480
0.09558480
0.09558480
0.09558480
0.09558480
0.99999897
0.09558480
0.09558480
0.99934971
0.09558480
0.09558480
0.09558480
0.99967022
0.09558480
0.09558480
0.09558480
0.09558480
0.98582415
0.09558480
0.09558480
0.09558480
0.09558480
0.09558480
0.95410904
0.09558480
0.09558480
0.09558480
0.09558480
0.09558480
0.99974381
0.09558480
0.93519335
0.09558480
0.09558480
0.09558480
0.09558480
0.09558480
0.09558480
0.09558480
0.09558480
0.09558480
0.88848419
0.99988444
0.09558480
0.74384564
0.09558480
0.09558480
0.09558480
0.09558480
0.09558480
0.09558480
0.09558480
0.88917966
0.09558480
0.99999951
0.09558480
0.09558480
0.09558480
0.09558480
0.09558480
0.97315132
0.09558480
0.09558480
0.99788424
0.12502844
0.99999967
0.09558480
0.85647386
0.09558480
0.94791747
0.09558480
0.97217488
0.09558480
0.90508210
0.99781722
0.96296491
0.09558480
0.87439325
0.98693978
0.09558480
0.09558480
0.99999761
0.09558480
0.09558480
0.51229401
0.99085020
0.09558480
0.09558480
0.88638193
0.09558480
0.09558480
0.09558480
0.09558480
0.99998765
0.80601611
1.00000000
0.99264635
0.09558480
0.09558480
0.89193514
0.09558480
0.09558480
0.09558480
0.09558480
0.09558480
0.93217424
0.09558480
0.09558480
0.17769708
0.09558480
0.09558480
0.09558480
0.09558480
0.09558480
0.09558480
0.98845628
0.09558480
0.09558480
0.09558480
0.09558480
0.09558480
0.09558480
0.09558480
0.09558480
0.09558480
0.09558480
0.09558480
0.09558480
0.09558480
0.91035369
0.09558480
0.09558480
0.09558480
0.99976111
0.09558480
0.09558480
0.09558480
0.09558480
0.09558480
0.09558480
0.09558480
0.09558480
0.09558480
0.09558480
0.89632292
0.09558480
0.99323594
0.98079464
0.09558480
0.09558480
0.09558480
0.99670315
0.09558480
0.99929356
0.09558480
0.09558480
0.09558480
0.99302567
0.09558480
0.09558480
0.09558480
0.09558480
1.00000000
0.09558480
0.99999823
0.99849028
0.09558480
0.99435687
0.09558480
0.09558480
0.98319556
0.09558480
0.99466933
0.88638193
0.87551299
0.09558480
0.09558480
0.09558480
0.99918112
1.00000000
0.09558480
0.94770213
0.09558480
0.09558480
0.09558480
0.48551380
0.09558480
0.09558480
0.09558480
0.97131883
0.87883636
0.91186859
0.09558480
0.09558480
0.09558480
0.99989816
0.98349236
0.95087121
0.99860679
0.09558480
0.09558480
0.09558480
0.09558480
0.09558480
0.09558480
0.09558480
0.99676414
0.09558480
0.09558480
0.77241542
0.09558480
0.99928385
0.09558480
0.09558480
0.09558480
0.09558480
0.09558480
0.18939285
0.09558480
0.99985560
0.99275621
0.73319008
0.09558480
0.09558480
0.91306892
0.09558480
0.09558480
0.76130136
0.09558480
0.09558480
0.09558480
0.09558480
0.99973934
0.09558480
0.09558480
0.63483441
0.99583068
0.09558480
0.96676805
0.09558480
0.53444531
0.85484908
0.96122382
0.94855998
0.09558480
0.09558480
0.09558480
0.09558480
0.97463785
0.09558480
0.38347174
0.09558480
0.09558480
0.09558480
0.09558480
0.09558480
0.09558480
0.09558480
0.99990860
0.98927452
0.99988916
0.34693693
0.09558480
0.69636275
0.09558480
0.65098910
0.99664131
0.99564517
0.09558480
0.96051229
0.09558480
0.99982482
0.09558480
0.90092418
0.09558480
0.09558480
0.09558480
0.74273411
0.09558480
0.96771482
0.09558480
0.09558480
0.09558480
0.09558480
0.09558480
0.09558480
0.09558480
0.09558480
0.99945968
0.99779453
0.94395171
0.09558480
0.09558480
0.09558480
0.09558480
0.55909269
0.09558480
0.09558480
0.09558480
0.09558480
0.09558480
0.98397882
0.99997743
0.09558480
0.97682232
0.99999192
0.09558480
0.09558480
0.99852429
0.83758174
0.09558480
0.09558480
0.70235778
0.09558480
0.09558480
0.09558480
0.09558480
0.09558480
0.09558480
0.97979330
0.09558480
0.74162020
0.09558480
0.09558480
0.09558480
0.09558480
0.97287478
0.09558480
0.09558480
0.09558480
0.09558480
0.94770213
0.09558480
0.09558480
0.98743308
0.09558480
0.09558480
0.99998176
0.09558480
0.09558480
0.09558480
0.09558480
0.09558480
0.99999994
0.77398076
0.09558480
0.55139062
0.99999992
0.09558480
0.09558480
0.90508210
0.97922159
0.76450467
0.09558480
0.09558480
0.09558480
0.98920190
0.09558480
0.98001888
0.09558480
0.09558480
0.99995946
0.09558480
0.09558480
0.99999997
0.91805580
0.09558480
0.99484210
0.09558480
0.95625098
0.81078392
0.09558480
0.09558480
0.09558480
0.09558480
0.09558480
0.99998176
0.96833572
0.09558480
0.09558480
0.97910591
0.09558480
0.75753618
0.09558480
0.09558480
0.09558480
0.09558480
0.09558480
0.09558480
0.09558480
0.09558480
0.09558480
0.09558480
0.65673061
0.99116939
0.09558480
0.48624196
0.09558480
0.09558480
0.99981466
1.00000000
0.09558480
0.58536209
0.09558480
0.09558480
0.09558480
0.68113735
0.09558480
0.09558480
0.09558480
0.09558480
0.09558480
0.09558480
0.09558480
0.09558480
0.57987703
0.09558480
0.99994507
0.09558480
0.54646777
0.09558480
0.09558480
0.99788424
0.09558480
0.09558480
0.09558480
0.09558480
0.09558480
0.09558480
0.98228271
0.95832536
0.09558480
0.09558480
1.00000000
0.09558480
0.09558480
0.09558480
0.58945936
0.97529444
0.98984297
0.65800105
1.00000000
0.09558480
0.09558480
0.09558480
0.09558480
0.96771482
0.81220158
0.99938521
0.09558480
0.09558480
0.09558480
0.53018026
0.99991633
0.99988916
0.99116939
0.09558480
0.99999222
0.81641935
0.09558480
0.98248850
0.09558480
0.09558480
0.09558480
0.09558480
0.09558480
0.09558480
0.09558480
0.99760661
0.09558480
0.09558480
0.09558480
0.42961096
0.09558480
0.09558480
0.79282013
0.09558480
0.09558480
0.90633934
0.09558480
0.92285851
0.29216933
0.99264635
0.09558480
0.46063030
0.95371228
0.64003636
0.09558480
0.99148048
0.83408250
0.09558480
0.09558480
0.98079464
0.09558480
0.99945176
0.09558480
0.85115438
0.99676414
0.09558480
0.09558480
0.09558480
0.93642528
0.09558480
0.09558480
0.09558480
0.09558480
0.09558480
0.09558480
0.09558480
0.09558480
0.35662248
0.09558480
0.09558480
0.99160269
0.55979078
0.09558480
0.09558480
0.99999918
0.99987195
0.09558480
0.09558480
0.98600001
0.09558480
0.09558480
0.89896792
0.99998765
0.09558480
0.95586659
0.09558480
0.09558480
0.99813709
0.09558480
0.09558480
0.09558480
0.09558480
0.97383423
0.09558480
0.09558480
0.98492137
0.09558480
0.09558480
0.09558480
0.09558480
0.99501073
0.09558480
0.09558480
0.09558480
0.92801048
0.09558480
0.09558480
0.65418376
0.09558480
0.09558480
0.09558480
0.96771482
0.09558480
0.09558480
0.90381447
0.09558480
0.87061754
0.96015326
0.99896843
0.09558480
0.98289503
0.09558480
0.09558480
0.09558480
0.09558480
0.09558480
0.96955311
0.76237159
0.09558480
0.09558480
0.09558480
0.99608054
0.99999962
0.09558480
0.09558480
0.09558480
0.09558480
0.09558480
0.99993027
0.09558480
0.09558480
0.09558480
0.77605911
0.09558480
1.00000000
0.09558480
0.43183489
0.09558480
0.09558480
0.98998165
0.95271044
0.09558480
0.09558480
0.09558480
0.09558480
0.09558480
0.97450511
0.99999991
0.09558480
0.09558480
0.09558480
0.78882034
0.09558480
0.09558480
0.09558480
0.09558480
0.99999998
0.97719383
0.09558480
0.09558480
0.80215519
0.98057518
0.29951582
0.09558480
0.09558480
0.09558480
0.85728226
0.09558480
0.09558480
0.09558480
0.80553576
0.09558480
0.09558480
0.99957485
0.09558480
0.99572009
0.09558480
0.99999099
0.09558480
0.09558480
0.97756121
0.09558480
0.09558480
0.99716798
0.97450511
0.09558480
0.99999998
0.09558480
0.71651840
0.99944376
0.09558480
0.09558480
0.09558480
0.09558480
0.09558480
0.09558480
0.09558480
0.97287478
0.78882034
0.09558480
0.78172273
0.99918112
0.09558480
0.89994899
0.11270891
0.09558480
0.09558480
0.09558480
0.09558480
0.09558480
0.94813222
0.93114818
0.09558480
0.91485013
0.86088709
0.09558480
0.09558480
0.98710571
0.95720220
0.09558480
0.09558480
0.26449471
0.09558480
0.99986397
0.09558480
0.09558480
0.09558480
0.09558480
0.09558480
0.09558480
0.94395171
0.09558480
0.09558480
0.09558480
0.99608054
1.00000000
0.09558480
0.09558480
0.67619487
0.09558480
0.09558480
0.09558480
0.09558480
0.95087121
0.09558480
0.09558480
0.09558480
0.09558480
0.09558480
0.94166571
0.09558480
0.99691296
0.09558480
0.87551299
0.09558480
0.09558480
0.09558480
0.09558480
0.42070496
0.09558480
0.09558480
0.99995618
0.09558480
0.09558480
0.09558480
0.99992354
0.83098594
0.09558480
0.09558480
0.09558480
0.75374103
0.09558480
0.09558480
