0.27666442
0.04511965
0.31995246
0.35942155
0.28158619
0.00219545
0.22029036
0.10924069
0.28949114
0.27226485
0.42742066
0.37914808
0.06882455
0.11779334
0.28590612
0.30202657
0.35279972
0.25585020
0.23520635
0.20840084
0.40018453
0.07480335
0.05417465
0.00484126
0.27833517
0.05421454
0.18280169
0.36602737
0.42030165
0.41603671
0.21292763
0.00022855
0.42610937
0.15889929
0.00936076
0.35727399
0.30509472
0.36009967
0.47142369
0.37313287
0.31951697
0.33869048
0.18973562
0.11335616
0.37498173
0.10567650
0.42067642
0.25687006
0.25079583
0.02941672
0.36807022
0.49449656
0.40669077
0.28958240
0.05326940
0.45902268
0.41162315
0.48764028
0.29487936
0.28096522
0.00068033
0.41582466
0.02584239
0.16480350
0.00249900
0.13479834
0.29526193
0.00008531
0.24774505
0.21653288
0.41262355
0.45401138
0.17403701
0.24645842
0.39667091
0.39263747
0.16987836
0.28499379
0.31597357
0.46592819
0.11595279
0.17857716
0.25743620
0.12444161
0.01008504
0.18821900
0.22236886
0.16372996
0.10214469
0.06374602
0.35651476
0.30129168
0.18290526
0.07060640
0.24461028
0.37614985
0.43759344
0.27536007
0.36450540
0.00378871
0.00269465
0.25801900
0.18931770
0.33836436
0.39467880
0.10819192
0.34751242
0.48875493
0.18814208
0.39648828
0.53649219
0.00895563
0.24201557
0.04131991
0.31100127
0.11250495
0.33448264
0.48853084
0.07171113
0.39822203
0.24626572
0.19063310
0.22867811
0.04145219
0.21806700
0.00212172
0.20700246
0.29553624
0.36647184
0.39345869
0.27688428
0.50211458
0.02960059
0.30018880
0.34633787
0.48352324
0.14903139
0.06273989
0.44568667
0.16737803
0.08911908
0.02313322
0.08927796
0.31254518
0.00633764
0.30458598
0.39577947
0.40948695
0.29765068
0.50548187
0.02988918
0.08198434
0.07445132
0.45528914
0.33874848
0.36572502
0.02320483
0.45464190
0.18398569
0.33407628
0.33668692
0.11630397
0.30209594
0.15630178
0.25645998
0.13499679
0.45381311
0.47608512
0.47127666
0.15495333
0.38023521
0.00188849
0.21741568
0.26094631
0.01723257
0.29495565
0.21044483
0.31716984
0.26790496
0.53161638
0.23378065
0.06147940
0.21078987
0.00553365
0.10966084
0.17500070
0.40134902
0.17620709
0.17060586
0.54621875
0.08593097
0.07160952
0.36543162
0.17643423
0.48164923
0.00002854
0.39403380
0.02591043
0.36320076
0.35643509
0.14948784
0.32002334
0.16640823
0.36706738
0.19722795
0.00025591
0.46840693
0.29551110
0.40969904
0.30176078
0.41020982
0.44298754
0.37663094
0.23052111
0.42373098
0.02297554
0.34724690
0.03999523
0.13303800
0.14931325
0.31947758
0.43091057
0.16862275
0.07705126
0.36429761
0.32738583
0.49748149
0.36929695
0.00088649
0.41946679
0.18034027
0.33207983
0.50412405
0.13331966
0.10901085
0.10388551
0.03889814
0.36584472
0.37154949
0.07603590
0.01011892
0.27515076
0.34365317
0.44428422
0.35405309
0.48615781
0.13827444
0.20977259
0.22568238
0.10545540
0.06618594
0.13494017
0.35765600
0.20496060
0.25137388
0.34099997
0.13623908
0.02358964
0.15025680
0.40243209
0.02536606
0.25752417
0.13023377
0.37561331
0.00679633
0.40166364
0.18067179
0.38971509
0.10902705
0.37910065
0.13056914
0.25922550
0.14448854
0.04119152
0.34527395
0.39241620
0.11585791
0.28710613
0.19121395
0.33310753
0.38225985
0.32801929
0.33705744
0.20342519
0.46611752
0.30120474
0.31825102
0.08784321
0.44181073
0.46933806
0.33730298
0.30648169
0.01381813
0.14049104
0.04483808
0.57535150
0.04094856
0.41454588
0.27722812
0.57636510
0.37568322
0.33526738
0.32642445
0.16249802
0.41744710
0.09430714
0.08635332
0.22308158
0.22560370
0.52795097
0.09539749
0.12538985
0.40325950
0.36527758
0.31865990
0.34136731
0.08637617
0.14383786
0.07214091
0.10276995
0.36519795
0.04382280
0.15043137
0.29195395
0.07318892
0.14547937
0.39824116
0.39400795
0.29994034
0.21906606
0.46496290
0.00008968
0.09287439
0.37597406
0.46942361
0.41683894
0.11586739
0.00745537
0.21144144
0.08343864
0.21564608
0.34569514
0.33518138
0.45939952
0.00002802
0.34728487
0.39550869
0.02266525
0.27007385
0.11295536
0.37871121
0.53844071
0.01732080
0.02985734
0.28616383
0.23343691
0.47323515
0.27872058
0.13079371
0.41973148
0.38277967
0.00178275
0.37822256
0.04797181
0.19118194
0.43644716
0.05000281
0.06519510
0.19802417
0.00604080
0.50244725
0.38430646
0.25785708
0.17618067
0.05635036
0.18721835
0.25844254
0.20935396
0.50973569
0.06542165
0.07135107
0.12790652
0.10904996
0.32257173
0.00530360
0.30397983
0.28223238
0.36539877
0.35859529
0.42951384
0.15527290
0.00863716
0.39743946
0.31968407
0.32211688
0.12648151
0.09608078
0.16140608
0.35500262
0.36213225
0.29110155
0.03320803
0.25687115
0.27898490
0.24998218
0.00588956
0.09147598
0.23352002
0.37673038
0.03871521
0.12421685
0.38651711
0.11431184
0.04916225
0.10423140
0.31190928
0.48474898
0.19220133
0.47053535
0.52931635
0.05478424
0.16845821
0.44621696
0.14239333
0.05137150
0.36319044
0.24424570
0.27113874
0.40409336
0.41635288
0.26977951
0.15534203
0.41555657
0.08579388
0.40329132
0.12161661
0.44770921
0.24848416
0.01233163
0.00203470
0.27430086
0.06824592
0.30889934
0.06689021
0.40682714
0.25383911
0.35754654
0.31554867
0.04795174
0.01180698
0.48995093
0.24317578
0.22318852
0.09303232
0.23683718
0.30521958
0.33684637
0.34673072
0.11527822
0.17767248
0.06937362
0.31749932
0.33352666
0.34438615
0.10711840
0.12656418
0.30468344
0.26844064
0.10847445
0.00004799
0.51548321
0.37415273
0.23546036
0.34521788
0.25630523
0.04487895
0.00415885
0.31834644
0.03868122
0.24987339
0.38602419
0.34296306
0.09374578
0.46003264
0.10753783
0.28411498
0.37333624
0.04778300
0.02135499
0.56263424
0.32946984
0.36850858
0.04460487
0.05429596
0.47939752
0.18680159
0.04080378
0.19514688
0.37086221
0.47088795
0.23503645
0.43850405
0.50015710
0.11622480
0.23299198
0.00700396
0.20494175
0.49793828
0.10369470
0.08005586
0.09638423
0.37531279
0.14798516
0.17976381
0.22528668
0.01463454
0.39094871
0.31972885
0.08622753
0.39532924
0.43913221
0.42755889
0.11315213
0.32401086
0.38106579
0.01215526
0.05703546
0.05373798
0.37720352
0.44545688
0.03795721
0.40999462
0.31029893
0.29628753
0.24963461
0.34888859
0.43014607
0.38156254
0.28536522
0.00317467
0.19457438
0.00000367
0.45630646
0.04161839
0.36650927
0.42497510
0.16806001
0.40026490
0.12508157
0.43832821
0.41053566
0.41283653
0.41145666
0.41943028
0.24311479
0.20369910
0.31253970
0.48335257
0.02704215
0.48366638
0.46622718
0.25724338
0.39400347
0.00211150
0.43939601
0.34344154
0.43520073
0.34763605
0.48600811
0.18404567
0.00717992
0.12382694
0.09502447
0.06009585
0.23970982
0.16393618
0.00012269
0.22512048
0.35630567
0.46729590
0.28427612
0.22224973
0.12831550
0.08529640
0.00012560
0.35956261
0.36091551
0.00126552
0.16988519
0.31766813
0.47654600
0.08534561
0.12149261
0.47066848
0.10492225
0.15289051
0.26597287
0.03186428
0.20268167
0.20513780
0.38078751
0.45926584
0.04473403
0.51938953
0.44134036
0.33016856
0.40319118
0.35174290
0.17930849
0.38146943
0.30225308
0.01383311
0.01566645
0.00504206
0.26804804
0.04305252
0.05021646
0.08384135
0.07496292
0.06955539
0.37976389
0.36380984
0.35074040
0.44695168
0.30924796
0.17552749
0.34246427
0.42933730
0.35022788
0.34449305
0.46621643
0.45734292
0.15550709
0.47611966
0.48478121
0.15284364
0.11339093
0.07678841
0.32109189
0.02063780
0.42506801
0.45313821
0.04819951
0.05606702
0.09147986
0.49844656
0.00833897
0.35667408
0.44808231
0.44706079
0.12376963
0.02383201
0.20307398
0.10859172
0.36299357
0.06939779
0.29884069
0.27683386
0.39176280
0.22270341
0.48506612
0.39748426
0.14968259
0.26179327
0.08568949
0.04382685
0.10675432
0.04630796
0.08327529
0.07060980
0.41812525
0.27795509
0.21035310
0.02325604
0.23018565
0.00053543
0.06117061
0.51879575
0.40952238
0.34824974
0.12939702
0.43778131
0.30029157
0.43477317
0.43093763
0.20756551
0.33248534
0.11240267
0.49036982
0.38992278
0.00952366
0.12869604
0.29894244
0.40913319
0.02181061
0.14449618
0.16095878
0.42084294
0.14353682
0.00341304
0.09536783
0.15637213
0.39266807
0.00286510
0.37651606
0.45801417
0.38556809
0.46897592
0.37418168
0.33278783
0.14533035
0.34507999
0.38697034
0.53767916
0.07039286
0.40585686
0.51623234
0.03573215
0.25026637
0.17828309
0.15125086
0.31572278
0.04693463
0.00002171
0.00398673
0.22921772
0.38193616
0.28743145
0.25523959
0.45981351
0.36237969
0.04245655
0.18434828
0.48184996
0.21781333
0.41600595
0.01914286
0.08314259
0.48887405
0.12706339
0.34473026
0.25932159
0.31357990
0.36222326
0.10802023
0.50290003
0.09330751
0.51246872
0.35215770
0.02995141
0.13953239
0.10654125
0.13074459
0.30859130
0.34231118
0.21399110
0.40267559
0.01023003
0.21613158
0.39769830
0.23507458
0.32560367
0.39947791
0.42558576
0.01703507
0.44642700
0.42360473
0.12231637
0.36167856
0.01800247
0.12456520
0.32496458
0.35426239
0.32461693
0.09790710
0.32654425
0.31088506
0.02032394
0.04686708
0.27844722
0.03476725
0.41652347
0.41683189
0.00982693
0.26121971
0.19706791
0.35055334
0.30438402
0.28289673
0.14621521
0.13781243
0.14953548
0.30390443
0.39083730
0.14112830
0.03618486
0.28534521
0.18912213
0.39526920
0.37944826
0.28979301
0.15788649
0.34953422
0.11061975
0.34164974
0.43650119
0.21132522
0.33920709
0.27710915
0.01175848
0.41181363
0.46736674
0.30290113
0.45675333
0.02966923
0.17885380
0.20094617
0.09801115
0.22128275
0.01374682
0.02746493
0.11921980
0.02698283
0.00477734
0.18958875
0.00026161
0.32067269
0.00230299
0.40645978
0.08804247
0.44807385
0.42874309
0.00025638
0.21302891
0.02130089
0.41274757
0.29025186
0.42537538
0.08606796
0.05178682
0.18226800
0.38731899
0.02452771
0.00242791
0.32127846
0.22589787
0.29233324
0.00000725
0.04274119
0.11779765
0.11764595
0.49630789
0.30626913
0.08198697
0.27792932
0.50577966
0.34926216
0.24678229
0.05524492
0.03867622
0.03869686
0.32446536
0.37808139
0.33741117
0.07345365
0.23341321
0.06937483
0.23587971
0.01449082
0.52454237
0.50267574
0.06405086
0.36961603
0.41544346
0.05096997
0.15420317
0.37941313
0.39882692
0.33995186
0.12921152
0.22587981
0.38987657
0.49081557
0.08181174
0.39490018
0.11312990
0.21619790
0.46950847
0.41146902
0.53719497
0.02323252
0.41159044
0.52571252
0.27442401
0.00598179
0.46243174
0.21091174
0.39931728
0.00011174
0.41367226
0.19967788
0.41512407
0.06836139
0.44714908
0.05401751
0.29881573
0.52371162
0.40315819
0.00111332
0.40791906
0.04916744
0.13406038
0.22791680
0.10959116
0.60322265
0.28295611
0.26933666
0.48927981
0.15772768
0.26665729
0.18880543
0.35647459
0.18118957
0.18743091
0.37763190
0.38220923
0.37399369
0.25635157
0.21106729
0.25281154
0.32187740
0.15027061
0.00678186
0.21445801
0.40724511
0.44736850
0.16134097
0.43048111
0.04860225
0.35049397
0.05548170
0.36547991
0.09151942
0.34009718
0.00012377
0.00002002
0.09849923
0.27808229
0.15223428
0.05940322
0.19586688
0.48596434
0.26806680
0.33634550
0.02902841
0.04421121
0.26871928
0.42603283
0.15127525
0.04346379
0.31587525
0.39651820
0.00001424
0.12443053
0.00071000
0.31146281
0.42430376
0.53540785
0.05049733
0.10376597
0.27834049
0.04427013
0.25599611
0.43133177
0.42718994
0.37956836
0.07676857
0.01538308
0.47115659
0.04662733
0.04883447
0.31780990
0.34355690
0.35460429
0.52851900
0.52704949
0.23950456
0.04582454
0.47277025
0.10104816
0.00120959
0.36894723
0.27983324
0.39957050
0.10833493
0.24041092
0.16065406
0.18199531
0.18907381
0.35306739
