0.31668750
0.48492513
0.04538829
0.34460149
0.03373207
0.19436132
0.77525902
0.98223880
0.01925528
0.30560621
0.31232224
0.52319175
0.47756981
0.22938327
0.32011294
0.00778829
0.83488044
0.30404222
0.24006770
0.60987466
0.61429488
0.43439026
0.28442539
0.08408969
0.52409265
0.07099010
0.20700387
0.70678239
0.20940392
0.40275986
0.42064299
0.38388558
0.50398145
0.27859547
0.62743443
0.50278113
0.95814962
0.25708046
0.11307770
0.16242563
0.10758715
0.67803151
0.42865384
0.12495169
0.01346604
0.77366184
0.10591823
0.10652462
0.02551460
0.17884929
0.56969594
0.38876512
0.53911667
0.08423475
0.00052306
0.48537538
0.40002556
0.29824851
0.15305812
0.10123870
0.39287738
0.54618544
0.00033100
0.24691273
0.25358818
0.16513107
0.07947657
0.52859794
0.01185064
0.82722946
0.01558170
0.00210044
0.33145158
0.12961926
0.28568453
0.10063756
0.27417677
0.76089974
0.10440479
0.50428153
0.34475586
0.00129368
0.19964242
0.07633906
0.26088661
0.01962092
0.27022663
0.13102350
0.36138439
0.00000000
0.00186522
0.33052123
0.98223880
0.24006770
0.46780760
0.07648104
0.19356122
0.04006950
0.00804049
0.18508291
0.26880346
0.02893651
0.31590845
0.01018128
0.23735878
0.10485844
0.06491767
0.26294666
0.10531242
0.51913832
0.00161255
0.68519383
0.04078232
0.00000782
0.72536093
0.90475413
0.35508181
0.15908726
0.03228864
0.47351557
0.19724185
0.36844134
0.25041073
0.00921809
0.05129026
0.56200052
0.34645347
0.46630506
0.01591819
0.43454114
0.58390800
0.30685683
0.09243916
0.00026362
0.00589883
0.27259726
0.06287957
0.01916429
0.06766096
0.48327417
0.01215173
0.53490798
0.00540954
0.04737298
0.03959656
0.31949042
0.26421381
0.04030666
0.00304596
0.00057770
0.44253262
0.44946090
0.04724818
0.38434331
0.06642290
0.35354274
0.09838897
0.21356313
0.42472551
0.14562577
0.31933477
0.44750358
0.42835176
0.68722103
0.49827999
0.05490573
0.40973960
0.61643064
0.04650148
0.34290287
0.50788261
0.59087786
0.49302853
0.63156975
0.16879512
0.45141771
0.20668384
0.19708181
0.04185907
0.24691273
0.34228496
0.03565189
0.06628570
0.63755187
0.79892879
0.01943777
0.23002172
0.23863375
0.00073619
0.49827999
0.14957543
0.00955740
0.37027986
0.35354274
0.03714395
0.98223880
0.01268616
0.01082181
0.40139294
0.56562065
0.72046983
0.52048936
0.69956932
0.02767420
0.00540954
0.01907347
0.01634285
0.08249755
0.43906585
0.28080261
0.17789082
0.03760712
0.00031693
0.22267565
0.62819986
0.04137941
0.12930745
0.05832467
0.11139554
0.44087483
0.57921669
0.02450897
0.18844152
0.28001451
0.00015147
0.12588352
0.01025164
0.14231527
0.16083540
0.50653218
0.22107766
0.00034538
0.09928731
0.18700197
0.24373027
0.31653170
0.41670853
0.02581919
0.41261934
0.04125977
0.27796458
0.59816236
0.06437253
0.13305488
0.01642831
0.52394250
0.16720156
0.98223880
0.18636224
0.88586094
0.01600276
0.01315179
0.59178776
0.26326349
0.05555872
0.46705636
0.17118680
0.01516515
0.11292462
0.05373591
0.04850065
0.13039918
0.16306198
0.35477406
0.00093650
0.03983280
0.23257485
0.06193432
0.31777783
0.43303215
0.06505414
0.06355705
0.43770879
0.14799450
0.27038472
0.18556264
0.40807154
0.80340986
0.36430102
0.01524810
0.42396973
0.00103293
0.25406459
0.14673077
0.47426643
0.08627114
0.23081970
0.42850280
0.21484260
0.47681910
0.66190031
0.50323125
0.78085192
0.51103378
0.26294666
0.00443945
0.32865967
0.15480172
0.60439452
0.02196557
0.01608752
0.36874783
0.05386553
0.17437796
0.10622135
0.18684203
0.31933477
0.48747642
0.00948912
0.02653502
0.26817076
0.07690737
0.58012433
0.80821044
0.01185064
0.17166532
0.50608204
0.47006105
0.00231245
0.13493307
0.69159192
0.10425365
0.49632948
0.37930517
0.67073090
0.01651396
0.27054281
0.14799450
0.32524386
0.57452974
0.11876286
0.27054281
0.00217005
0.08627114
0.22379404
0.69878630
0.98223880
0.37808275
0.06862785
0.13133579
0.28474022
0.41261934
0.22155709
0.28662857
0.54498185
0.39135483
0.41125548
0.00355694
0.28237823
0.67445668
0.19148113
0.98223880
0.20684386
0.02531228
0.42487666
0.50863287
0.02470890
0.14657287
0.35431237
0.73563928
0.10956490
0.42623675
0.51673669
0.04674998
0.23911178
0.17150581
0.72946863
0.61200791
0.17852978
0.28835857
0.35631254
0.45848844
0.10926026
0.45863882
0.62575109
0.14089865
0.51133390
0.15274126
0.44509386
0.41988661
0.37410697
0.40078527
0.36583506
0.12603891
0.36291978
0.14752050
0.98223880
0.44449130
0.56999793
0.13728475
0.35738905
0.06179960
0.08685482
0.12169735
0.58890704
0.10033722
0.03451821
0.97117711
0.62116424
0.10380044
0.00071536
0.18860148
0.41958402
0.37073934
0.08264202
0.00791396
0.25850822
0.24738990
0.76967062
0.42925795
0.05621387
0.10986968
0.07933334
0.13964059
0.12417584
0.79940891
0.07112967
0.00002291
0.98223880
0.10804304
0.11369034
0.49287848
0.68519383
0.25295289
0.46750711
0.10199100
0.00292394
0.15988172
0.72867830
0.00017147
0.67880921
0.04294472
0.09674588
0.34984596
0.03429297
0.02541337
0.02440923
0.16369847
0.21931949
0.00612232
0.38342780
0.55702622
0.11968848
0.82866523
0.59542923
0.03273045
0.48537538
0.22794650
0.19436132
0.18380377
0.61505751
0.39774560
0.24532178
0.20156290
0.90549711
0.19356122
0.32275723
0.33331144
0.18812160
0.48897707
0.18476311
0.04440581
0.69722086
0.35692773
0.33594431
0.00723368
0.30294695
0.01862188
0.54453054
0.20652382
0.30216438
0.23369148
0.24070487
0.10093805
0.38693604
0.50878292
0.02110984
0.29103036
0.04950969
0.19740188
0.44855759
0.56667694
0.76105908
0.03384400
0.11476364
0.21915964
0.00360116
0.01799678
0.39165939
0.51283457
0.00888404
0.50743246
0.03853914
0.31201019
0.13806958
0.57740188
0.48597569
0.00284387
0.47576806
0.55295907
0.26453052
0.09214353
0.22762717
0.58027563
0.25866682
0.33780146
0.02470890
0.40518887
0.51373501
0.18236500
0.33594431
0.02788318
0.45111670
0.63432940
0.28536979
0.18172563
0.37425997
0.42986199
0.04514204
0.15147431
0.14357560
0.27749134
0.98223880
0.39455150
0.15289968
0.75787331
0.13854069
0.00741656
0.00499059
0.45397589
0.62712831
0.06587452
0.21500253
0.40032946
0.55913607
0.00699295
0.40882983
0.28253575
0.47471694
0.13258579
0.23799630
0.37685991
0.21484260
0.59315295
0.74801172
0.27228127
0.67865365
0.12961926
0.00535635
0.26389706
0.32648642
0.01467134
0.04913057
0.42820072
0.15242444
0.08452503
0.33749201
0.00025104
0.67694308
0.16163040
0.06532731
0.01916429
0.09808985
0.04699888
0.02715424
0.29981545
0.04913057
0.90430782
0.00434238
0.22443305
0.00002688
0.73199887
0.20252312
0.03599439
0.00055919
0.38235941
0.98223880
0.00509391
0.07407566
0.14247276
0.01215173
0.49467903
0.65001106
0.18668210
0.03418054
0.31746635
0.22283543
0.13916910
0.10895575
0.06738533
0.57316980
0.32865967
0.00584353
0.27022663
0.06601151
0.12743847
0.51583615
0.02819771
0.31637590
0.34537328
0.14625711
0.00014192
0.54588453
0.20620379
0.21612193
0.22539145
0.45247118
0.09495929
0.23225577
0.30388578
0.21020386
0.59603644
0.36782827
0.19372124
0.15591202
0.11078480
0.02561598
0.00093650
0.61582029
0.14752050
0.08192022
0.09764148
0.39713740
0.19212113
0.54242476
0.04006950
0.39652910
0.11093744
0.00080038
0.24404862
0.00901703
0.35200294
0.29197281
0.06711000
0.28474022
0.04403910
0.54618544
0.10410254
0.08539715
0.73358120
0.57060196
0.08802462
0.39850573
0.22666910
0.61673584
0.13555977
0.18300442
0.02206144
0.28505502
0.41701129
0.02746579
0.42170173
0.45803729
0.74435930
0.07534687
0.01475318
0.03783942
0.04452825
0.54753970
0.50383141
0.49827999
0.00220526
0.27022663
0.03877331
0.38251206
0.26975230
0.22363428
0.10637297
0.13258579
0.51598623
0.24548091
0.38190144
0.18892141
0.50938314
0.48177318
0.19276116
0.18988124
0.04612950
0.25152312
0.34367508
0.17038941
0.98223880
0.00004065
0.34876693
0.14673077
0.57422750
0.33888428
0.30732568
0.10229220
0.30670053
0.26943605
0.98223880
0.56215132
0.56381032
0.38952698
0.18940132
0.06724763
0.76058108
0.10713157
0.11783824
0.17437796
0.20364337
0.31169812
0.12961926
0.34460149
0.00071536
0.50428153
0.34984596
0.24738990
0.01889233
0.40882983
0.45352451
0.63248938
0.14752050
0.03011115
0.29479844
0.21899979
0.01583380
0.31917911
0.04006950
0.61734634
0.49047766
0.05952136
0.88815712
0.13634357
0.00009880
0.05193064
0.38403816
0.19484139
0.36153796
0.34707056
0.02684398
0.85454343
0.05438492
0.36951393
0.17709223
0.98223880
0.31497332
0.20988389
0.44690123
0.55250731
0.06945934
0.00143450
0.65448354
0.02430964
0.58254554
0.54302636
0.78037237
0.11338396
0.59573282
0.05077963
0.14467922
0.56622422
0.40397454
0.30372933
0.49677960
0.70505600
0.26991042
0.08005007
0.07224857
0.19708181
0.33749201
0.62529214
0.94536426
0.10637297
0.98223880
0.43152277
0.34707056
0.22730783
0.32555455
0.34444710
0.22187670
0.16895452
0.49617944
0.27307119
0.01426490
0.11399684
0.32260174
0.10153950
0.42396973
0.20636381
0.37364794
0.18668210
0.03284123
0.10926026
0.59907379
0.03519693
0.00098415
0.27307119
0.47546774
0.00855531
0.37517781
0.46134522
0.28584189
0.30623158
0.47952149
0.07238872
0.63172300
0.43876431
0.44012115
0.08192022
0.56200052
0.01491742
0.07492257
0.30185129
0.01808557
0.86601770
0.00741656
0.35984829
0.17613408
0.49287848
0.14341800
0.12324564
0.02809272
0.19884222
0.47126272
0.41049760
0.19516144
0.56275454
0.53941735
0.13196062
0.03737530
0.16767955
0.54738922
0.00842531
0.09406835
0.12464128
0.57740188
0.39348623
0.64970285
0.28426796
0.14578359
0.02312646
0.00110822
0.09779090
0.10606977
0.03553797
0.43801038
0.16178943
0.04294472
0.27559770
0.18924134
0.56154815
0.25803236
0.31637590
0.15432605
0.22922364
0.23289391
0.09659676
0.02694726
0.01346604
0.52289147
0.02381397
0.98223880
0.45171872
0.27780684
0.38861273
0.07309049
0.17326078
0.47576806
0.23751817
0.21180362
0.31169812
0.08758557
0.04416123
0.23385098
0.17453758
0.41867615
0.28017215
0.25438216
0.13461984
0.47771995
0.98223880
0.15892840
0.56064352
0.48822676
0.84251238
0.26009398
0.21899979
0.74388314
0.12015167
0.43378669
0.40685802
0.14799450
0.21692142
0.00189802
0.17118680
0.24738990
0.69268562
0.62605709
0.07847517
0.40124103
0.13932624
0.52754657
0.15638803
0.57921669
0.20524366
0.83296928
0.74864726
0.00535635
0.00669708
0.35061648
0.37242356
0.30466791
0.39135483
0.36598843
0.28945899
0.30795069
0.26864530
0.22395380
0.00253395
0.13415014
0.00055919
0.04477346
0.34722481
0.38602116
0.19628164
0.14231527
0.04452825
0.50323125
0.23081970
0.14799450
0.58784619
0.04712348
0.24166047
0.03900795
0.11568479
0.14278777
0.03395605
0.23416997
0.14925913
0.29291497
0.48897707
0.42260905
0.59922572
0.00015147
0.98223880
0.10895575
0.48912713
0.32120204
0.84362345
0.00687393
0.03783942
0.01053509
0.25072859
0.19692178
0.21068381
0.17501647
0.69409239
0.61872032
0.52964938
0.80100931
0.16019958
0.31590845
0.29918877
0.06478127
0.53100137
0.17485683
0.23974908
0.22155709
0.26611369
0.31684328
0.17533576
0.44223123
0.65525530
0.06848952
0.13461984
0.13039918
0.48447488
0.41049760
0.07099010
0.33934823
0.15908726
0.03679782
0.05399525
0.25945976
0.85974189
0.98223880
0.67212754
0.33222666
0.00284387
0.00292394
0.45803729
0.16688293
0.46405088
0.10033722
0.45954104
0.24357109
0.00245907
0.01499981
0.14925913
0.63770539
0.16847635
0.53430687
0.45096619
0.43997041
0.26453052
0.02264001
0.56245292
0.14058403
