0.03982510
0.03982510
0.20011174
0.20305751
0.03982510
0.03982510
0.53234266
0.03982510
0.09374045
0.03982510
0.10516550
0.03982510
0.43509559
0.03982510
0.30835459
0.03982510
0.03982510
0.03982510
0.16073208
0.03982510
0.41876564
0.03982510
0.03982510
0.03982510
0.03982510
0.03982510
0.03982510
0.53256596
0.47613388
0.03982510
0.10657871
0.00164684
0.18546930
0.03982510
0.49689039
0.48313125
0.03982510
0.53231890
0.03982510
0.03982510
0.03982510
0.03982510
0.03982510
0.53118400
0.30313375
0.50459941
0.36432914
0.03982510
0.03982510
0.03982510
0.03982510
0.03982510
0.46340583
0.03982510
0.50583849
0.03982510
0.03982510
0.03982510
0.11129053
0.03982510
0.03982510
0.03982510
0.06701802
0.03982510
0.03982510
0.34124439
0.03982510
0.34124439
0.00337782
0.35733721
0.03982510
0.03982510
0.46863471
0.53226783
0.00459501
0.12758419
0.03982510
0.03982510
0.03982510
0.03982510
0.03982510
0.16585326
0.03982510
0.51270623
0.03982510
0.47854000
0.03982510
0.03982510
0.03982510
0.51517789
0.03982510
0.03982510
0.31872152
0.49460901
0.18838498
0.09374045
0.16928530
0.30777566
0.03982510
0.03982510
0.03982510
0.03982510
0.03982510
0.03982510
0.03982510
0.03982510
0.03982510
0.03982510
0.42477835
0.03982510
0.03982510
0.03982510
0.26131028
0.53134177
0.03982510
0.45037902
0.08044163
0.03982510
0.03982510
0.03982510
0.03982510
0.01223273
0.03982510
0.03982510
0.39399789
0.39198047
0.03982510
0.03982510
0.03982510
0.03982510
0.03982510
0.03982510
0.49787233
0.47627352
0.03982510
0.41301254
0.22319828
0.03982510
0.03982510
0.45037902
0.03982510
0.03982510
0.03982510
0.03982510
0.52588859
0.40539226
0.03982510
0.25714652
0.03982510
0.47613388
0.03982510
0.52955368
0.03982510
0.20659881
0.03982510
0.03982510
0.03982510
0.09083211
0.52805079
0.45976195
0.03982510
0.03982510
0.03982510
0.51030160
0.03982510
0.03410967
0.03982510
0.50481590
0.03982510
0.36754048
0.03982510
0.03982510
0.03982510
0.36271624
0.15620870
0.00253471
0.03982510
0.03982510
0.03982510
0.03982510
0.03982510
0.05334865
0.03982510
0.03982510
0.03982510
0.32557166
0.03982510
0.03982510
0.03982510
0.03982510
0.03982510
0.53149786
0.52911155
0.03982510
0.04493439
0.44699757
0.52963083
0.03982510
0.50409630
0.03982510
0.53256596
0.03982510
0.18139949
0.03982510
0.03982510
0.53211951
0.23331611
0.18256079
0.03982510
0.03982510
0.24761787
0.33773699
0.03378159
0.03982510
0.47154075
0.22296762
0.03982510
0.29847406
0.03982510
0.17158089
0.09766563
0.03982510
0.03982510
0.02373786
0.03982510
0.03982510
0.03982510
0.03982510
0.03982510
0.33293182
0.01943790
0.03982510
0.03982510
0.03982510
0.52538038
0.03982510
0.09766563
0.03982510
0.07227924
0.03982510
0.03982510
0.45615025
0.03982510
0.03982510
0.03982510
0.03982510
0.35403555
0.03982510
0.03982510
0.11387390
0.03982510
0.50509825
0.33966527
0.00273450
0.15959863
0.03982510
0.03982510
0.03982510
0.03982510
0.49981481
0.03982510
0.03982510
0.03982510
0.03982510
0.00930397
0.03982510
0.03982510
0.03982510
0.03982510
0.03982510
0.49136460
0.49314964
0.03982510
0.03982510
0.03982510
0.03982510
0.03982510
0.03982510
0.03982510
0.00707196
0.03982510
0.03982510
0.08938963
0.03982510
0.03982510
0.03982510
0.06875524
0.03982510
0.03982510
0.03982510
0.03982510
0.27850264
0.03982510
0.03982510
0.03982510
0.03982510
0.03982510
0.40343637
0.03982510
0.03982510
0.03982510
0.03982510
0.03982510
0.06232809
0.03982510
0.44244787
0.03982510
0.03982510
0.03982510
0.03982510
0.03982510
0.03982510
0.03982510
0.03982510
0.03982510
0.49800619
0.04567498
0.03982510
0.52929496
0.03982510
0.03982510
0.03982510
0.03982510
0.03982510
0.03982510
0.03982510
0.49745037
0.03982510
0.00527072
0.03982510
0.03982510
0.03982510
0.03982510
0.03982510
0.34356462
0.03982510
0.03982510
0.14006526
0.09638180
0.00446521
0.03982510
0.51767551
0.03982510
0.41782932
0.03982510
0.34744199
0.03982510
0.48288206
0.14171537
0.37914381
0.03982510
0.50800122
0.27080935
0.03982510
0.03982510
0.00985976
0.03982510
0.03982510
0.42642995
0.23927447
0.03982510
0.03982510
0.49964858
0.03982510
0.03982510
0.03982510
0.03982510
0.01892763
0.53134177
0.00071942
0.22141515
0.03982510
0.03982510
0.49518556
0.03982510
0.03982510
0.03982510
0.03982510
0.03982510
0.44749280
0.03982510
0.03982510
0.15156546
0.03982510
0.03982510
0.03982510
0.03982510
0.03982510
0.03982510
0.25952630
0.03982510
0.03982510
0.03982510
0.03982510
0.03982510
0.03982510
0.03982510
0.03982510
0.03982510
0.03982510
0.03982510
0.03982510
0.03982510
0.47717086
0.03982510
0.03982510
0.03982510
0.06065512
0.03982510
0.03982510
0.03982510
0.03982510
0.03982510
0.03982510
0.03982510
0.03982510
0.03982510
0.03982510
0.49136460
0.03982510
0.21488540
0.30835459
0.03982510
0.03982510
0.03982510
0.16528261
0.03982510
0.09228242
0.03982510
0.03982510
0.03982510
0.21725819
0.03982510
0.03982510
0.03982510
0.03982510
0.00014320
0.03982510
0.00876335
0.12331806
0.03982510
0.20128944
0.03982510
0.03982510
0.29496842
0.03982510
0.19717123
0.49964858
0.50729000
0.03982510
0.03982510
0.03982510
0.09766563
0.00004885
0.03982510
0.41829785
0.03982510
0.03982510
0.03982510
0.40856276
0.03982510
0.03982510
0.03982510
0.35074737
0.50509825
0.47543774
0.03982510
0.03982510
0.03982510
0.04346818
0.29321230
0.41119276
0.11961924
0.03982510
0.03982510
0.03982510
0.03982510
0.03982510
0.03982510
0.03982510
0.16414253
0.03982510
0.03982510
0.53229926
0.03982510
0.09276758
0.03982510
0.03982510
0.03982510
0.03982510
0.03982510
0.16297853
0.03982510
0.04983600
0.22022689
0.52741018
0.03982510
0.03982510
0.47403398
0.03982510
0.03982510
0.53150642
0.03982510
0.03982510
0.03982510
0.03982510
0.06274907
0.03982510
0.03982510
0.49471216
0.18023942
0.03982510
0.36700661
0.03982510
0.44049923
0.51840610
0.38432466
0.41641928
0.03982510
0.03982510
0.03982510
0.03982510
0.33742751
0.03982510
0.33302975
0.03982510
0.03982510
0.03982510
0.03982510
0.03982510
0.03982510
0.03982510
0.04166378
0.25297929
0.04493439
0.30349590
0.03982510
0.51813858
0.03982510
0.50170361
0.16642429
0.18314190
0.03982510
0.38637997
0.03982510
0.05374483
0.03982510
0.48705744
0.03982510
0.03982510
0.03982510
0.52911659
0.03982510
0.36379204
0.03982510
0.03982510
0.03982510
0.03982510
0.03982510
0.03982510
0.03982510
0.03982510
0.08323156
0.14226648
0.42614759
0.03982510
0.03982510
0.03982510
0.03982510
0.45533709
0.03982510
0.03982510
0.03982510
0.03982510
0.03982510
0.29028078
0.02401927
0.03982510
0.32784329
0.01599594
0.03982510
0.03982510
0.12225795
0.52485380
0.03982510
0.03982510
0.51991796
0.03982510
0.03982510
0.03982510
0.03982510
0.03982510
0.03982510
0.31355112
0.03982510
0.52893350
0.03982510
0.03982510
0.03982510
0.03982510
0.34467472
0.03982510
0.03982510
0.03982510
0.03982510
0.41829785
0.03982510
0.03982510
0.26725062
0.03982510
0.03982510
0.02208042
0.03982510
0.03982510
0.03982510
0.03982510
0.03982510
0.00224886
0.53236989
0.03982510
0.45079686
0.00253471
0.03982510
0.03982510
0.48288206
0.31642690
0.53178623
0.03982510
0.03982510
0.03982510
0.25357479
0.03982510
0.31239853
0.03982510
0.03982510
0.03026316
0.03982510
0.03982510
0.00164684
0.46789884
0.03982510
0.19482284
0.03982510
0.39800137
0.53074520
0.03982510
0.03982510
0.03982510
0.03982510
0.03982510
0.02208042
0.36163834
0.03982510
0.03982510
0.31700106
0.03982510
0.53112612
0.03982510
0.03982510
0.03982510
0.03982510
0.03982510
0.03982510
0.03982510
0.03982510
0.03982510
0.03982510
0.50405277
0.23629494
0.03982510
0.40906039
0.03982510
0.03982510
0.05494033
0.00066746
0.03982510
0.47012295
0.03982510
0.03982510
0.03982510
0.51318828
0.03982510
0.03982510
0.03982510
0.03982510
0.03982510
0.03982510
0.03982510
0.03982510
0.46712806
0.03982510
0.03410967
0.03982510
0.44784838
0.03982510
0.03982510
0.14006526
0.03982510
0.03982510
0.03982510
0.03982510
0.03982510
0.03982510
0.30022345
0.39248580
0.03982510
0.03982510
0.00008067
0.03982510
0.03982510
0.03982510
0.47232709
0.33462080
0.24821373
0.50456263
0.00035772
0.03982510
0.03982510
0.03982510
0.03982510
0.36379204
0.53054337
0.08747865
0.03982510
0.03982510
0.03982510
0.43784262
0.04024324
0.04493439
0.23629494
0.03982510
0.01576179
0.52987473
0.03982510
0.29905745
0.03982510
0.03982510
0.03982510
0.03982510
0.03982510
0.03982510
0.03982510
0.14669426
0.03982510
0.03982510
0.03982510
0.36853707
0.03982510
0.03982510
0.53236525
0.03982510
0.03982510
0.48156367
0.03982510
0.46149477
0.25706707
0.22141515
0.03982510
0.39117991
0.40441569
0.49702349
0.03982510
0.23331611
0.52588859
0.03982510
0.03982510
0.30835459
0.03982510
0.08369980
0.03982510
0.51998433
0.16414253
0.03982510
0.03982510
0.03982510
0.44031014
0.03982510
0.03982510
0.03982510
0.03982510
0.03982510
0.03982510
0.03982510
0.03982510
0.31144140
0.03982510
0.03982510
0.23212486
0.45574415
0.03982510
0.03982510
0.00644362
0.04754806
0.03982510
0.03982510
0.27732077
0.03982510
0.03982510
0.48892760
0.01892763
0.03982510
0.39899562
0.03982510
0.03982510
0.13351482
0.03982510
0.03982510
0.03982510
0.03982510
0.34078157
0.03982510
0.03982510
0.28440147
0.03982510
0.03982510
0.03982510
0.03982510
0.19247826
0.03982510
0.03982510
0.03982510
0.45402751
0.03982510
0.03982510
0.50301975
0.03982510
0.03982510
0.03982510
0.36379204
0.03982510
0.03982510
0.48418467
0.03982510
0.51030160
0.38740390
0.10668661
0.03982510
0.29672237
0.03982510
0.03982510
0.03982510
0.03982510
0.03982510
0.35730604
0.53160443
0.03982510
0.03982510
0.03982510
0.17618929
0.00472660
0.03982510
0.03982510
0.03982510
0.03982510
0.03982510
0.03746434
0.03982510
0.03982510
0.03982510
0.53244748
0.03982510
0.00000000
0.03982510
0.37019468
0.03982510
0.03982510
0.24702199
0.40685188
0.03982510
0.03982510
0.03982510
0.03982510
0.03982510
0.33798759
0.00263369
0.03982510
0.03982510
0.03982510
0.53250342
0.03982510
0.03982510
0.03982510
0.03982510
0.00141689
0.32614013
0.03982510
0.03982510
0.53173450
0.30951154
0.26344003
0.03982510
0.03982510
0.03982510
0.51730351
0.03982510
0.03982510
0.03982510
0.53139498
0.03982510
0.03982510
0.07586782
0.03982510
0.18197998
0.03982510
0.01670781
0.03982510
0.03982510
0.32443359
0.03982510
0.03982510
0.15620870
0.33798759
0.03982510
0.00156831
0.03982510
0.52371637
0.08416897
0.03982510
0.03982510
0.03982510
0.03982510
0.03982510
0.03982510
0.03982510
0.34467472
0.53250342
0.03982510
0.53256320
0.09766563
0.03982510
0.48799704
0.08141616
0.03982510
0.03982510
0.03982510
0.03982510
0.03982510
0.41736005
0.44914723
0.03982510
0.47189977
0.51557436
0.03982510
0.03982510
0.26962361
0.39550412
0.03982510
0.03982510
0.23266010
0.03982510
0.04868659
0.03982510
0.03982510
0.03982510
0.03982510
0.03982510
0.03982510
0.42614759
0.03982510
0.03982510
0.03982510
0.17618929
0.00061742
0.03982510
0.03982510
0.51145385
0.03982510
0.03982510
0.03982510
0.03982510
0.41119276
0.03982510
0.03982510
0.03982510
0.03982510
0.03982510
0.43066114
0.03982510
0.16129945
0.03982510
0.50729000
0.03982510
0.03982510
0.03982510
0.03982510
0.36184781
0.03982510
0.03982510
0.03120617
0.03982510
0.03982510
0.03982510
0.03884335
0.52673367
0.03982510
0.03982510
0.03982510
0.53068785
0.03982510
0.03982510
