0.28691899
0.12555128
0.21066870
0.04493458
0.22380419
0.17371927
0.14509419
0.18128619
0.14049738
0.13195922
0.21666839
0.22600406
0.20610240
0.54398423
0.62895652
0.20839548
0.10922650
0.07551539
0.33249727
0.19024761
0.17477797
0.13359134
0.14294799
0.26895643
0.16648380
0.24326386
0.36131090
0.29804289
0.14046681
0.22571154
0.20874079
0.37510357
0.51374967
0.09797151
0.38066438
0.31003638
0.20900102
0.21656036
0.19585531
0.17460161
0.21554768
0.17503807
0.17594542
0.12788452
0.36584204
0.28278917
0.54215568
0.21190757
0.26500267
0.32725970
0.26920215
0.23171014
0.24857061
0.17036472
0.16570288
0.58748370
0.21522207
0.17596071
0.12831097
0.25006066
0.40154288
0.18764442
0.10983658
0.17764867
0.14524513
0.13621108
0.22692075
0.49734399
0.76945479
0.16574069
0.66498754
0.11096837
0.43139421
0.44377917
0.12188322
0.28607434
0.18781170
0.13612883
0.52780835
0.21642301
0.12575452
0.39261086
0.69510540
0.31686141
0.23645978
0.12000076
0.34369962
0.32026621
0.37109276
0.21689427
0.31467582
0.26001120
0.12953981
0.30118299
0.40376327
0.19112915
0.24532054
0.61034928
0.36355880
0.62787320
0.39328364
0.62170084
0.09855963
0.30197990
0.34929289
0.23413209
0.07591664
0.13143875
0.17763026
0.05562770
0.20335160
0.24734399
0.55139401
0.26396202
0.67452622
0.57434932
0.22086316
0.44872707
0.30439405
0.12994745
0.26794346
0.11578298
0.36388834
0.63521717
0.07593411
0.12165387
0.17633160
0.31343081
0.19438604
0.15727264
0.77395849
0.26685085
0.08631048
0.24864179
0.24578802
0.44909408
0.18336654
0.11416759
0.24944174
0.21352318
0.08722440
0.13417973
0.41921145
0.24317438
0.19811266
0.41659006
0.63857630
0.11612426
0.21809969
0.06739449
0.12319778
0.70462258
0.29988660
0.17249930
0.14319026
0.30389730
0.19259380
0.24381600
0.15669786
0.16788432
0.20888205
0.27335789
0.23913157
0.14604938
0.23006161
0.34237051
0.14563825
0.25254578
0.11402329
0.28138907
0.21007139
0.16982950
0.26942563
0.15503864
0.30968698
0.37042726
0.37811039
0.10441973
0.32668427
0.36045007
0.22705705
0.19906528
0.33991344
0.16264930
0.65916246
0.30118500
0.23881676
0.20370104
0.27050867
0.18467603
0.16526719
0.13048132
0.68981063
0.31759672
0.25741137
0.39580705
0.40521484
0.25063834
0.20358390
0.19857581
0.39269716
0.10998598
0.24689007
0.50248885
0.04707860
0.68187037
0.20002178
0.12835006
0.29909692
0.21817832
0.23518712
0.39913316
0.32185302
0.15119346
0.15244106
0.28433468
0.75280428
0.11158086
0.31262177
0.18226371
0.10224418
0.30909546
0.19662791
0.22039464
0.49624045
0.39270721
0.25053105
0.07603461
0.09877784
0.15367865
0.26575251
0.28998217
0.16278887
0.30270836
0.71973472
0.14449615
0.12812375
0.30398863
0.26967640
0.24117880
0.12256097
0.22992074
0.12321364
0.15672600
0.20545173
0.37272679
0.10842029
0.17908972
0.31603947
0.18720999
0.20270564
0.17180510
0.18219869
0.25309575
0.15711529
0.26611618
0.25912497
0.22678247
0.30541414
0.62455855
0.65498471
0.09503224
0.21873298
0.25499955
0.14083434
0.15087371
0.08167920
0.18143010
0.13851340
0.12453908
0.12659785
0.34143067
0.81923445
0.21156902
0.55116161
0.30659689
0.18371718
0.12724230
0.24369895
0.31209767
0.25882038
0.25736849
0.33432196
0.12199588
0.46420534
0.13229745
0.16696837
0.61130519
0.20284901
0.15839993
0.33549787
0.14952339
0.20670961
0.27087902
0.12539246
0.25417156
0.38697762
0.17290980
0.24359128
0.18460190
0.19191860
0.18135826
0.25564835
0.31450950
0.09292783
0.20875078
0.56137626
0.13279908
0.32996565
0.14674559
0.12623228
0.72354002
0.08980873
0.63559035
0.48218803
0.17272313
0.12091117
0.19713795
0.11964825
0.28562699
0.11788607
0.15040532
0.29457603
0.14073964
0.25002907
0.41096199
0.43884443
0.20992917
0.51961601
0.12726966
0.34047771
0.11566897
0.53536372
0.15169112
0.57943777
0.14306165
0.19144020
0.34021517
0.15029125
0.08865915
0.27761544
0.21226812
0.43996598
0.18139062
0.27217903
0.19821953
0.17716127
0.31179817
0.25628638
0.48379510
0.36966183
0.18850430
0.10329122
0.17147092
0.15784374
0.31137798
0.21479443
0.14138147
0.17329994
0.52768102
0.16112247
0.41736144
0.17946429
0.31538110
0.22927615
0.16903549
0.14947490
0.20816997
0.31285162
0.31784027
0.24152880
0.15040072
0.33858305
0.19700322
0.40097612
0.31040503
0.52274393
0.63538909
0.10566989
0.12685234
0.16890680
0.69039427
0.19662014
0.24325664
0.15388300
0.54554043
0.16072388
0.36504097
0.13823546
0.71779218
0.32181842
0.21385331
0.70068115
0.67672501
0.19257422
0.38647325
0.08760403
0.14634515
0.22605464
0.62514283
0.14830485
0.20326215
0.34858229
0.49379606
0.12735241
0.79919357
0.13161232
0.07014485
0.13454955
0.17932090
0.16059059
0.24773263
0.17386533
0.20897814
0.11520192
0.26840760
0.30698763
0.15048696
0.22756382
0.17436297
0.30874462
0.13809694
0.37248927
0.14858807
0.16336147
0.50024301
0.14058000
0.17807220
0.20789421
0.16277463
0.32566870
0.53194839
0.23231334
0.10336565
0.12332969
0.15397767
0.35038726
0.52747950
0.27904816
0.62262475
0.28068205
0.15536676
0.76025450
0.62648734
0.11318767
0.22204622
0.49544733
0.29507972
0.43106823
0.12864278
0.10620341
0.67558470
0.24128964
0.38164949
0.14800611
0.11517831
0.25335284
0.16149800
0.12166708
0.13721655
0.19186703
0.15639975
0.12041941
0.53560205
0.29255098
0.40433624
0.18288156
0.11141204
0.17345980
0.06545492
0.27492450
0.54474170
0.13565944
0.22925888
0.25693450
0.29296855
0.42249404
0.23018048
0.11719028
0.12287785
0.22551435
0.09651542
0.26791866
0.22560370
0.28877293
0.18394494
0.57154408
0.25351137
0.14276077
0.13948301
0.51450990
0.28441648
0.17306897
0.26639362
0.40190644
0.61308876
0.04083695
0.19602566
0.29525811
0.24046746
0.10842778
0.12940456
0.29887172
0.15592334
0.23839564
0.30134927
0.12586349
0.21946983
0.42029114
0.11462471
0.19820177
0.13366314
0.11142297
0.50346997
0.45577161
0.21585975
0.20620500
0.13001764
0.23072589
0.34350863
0.26434818
0.13927748
0.50254717
0.27491776
0.13200312
0.16175200
0.26246223
0.62918770
0.29236218
0.47654306
0.36850964
0.16188283
0.08112378
0.27466391
0.15392112
0.10990021
0.40421050
0.29153643
0.18545196
0.23132913
0.16916574
0.50894906
0.39914871
0.15470800
0.55279847
0.31812981
0.16417800
0.23287324
0.18353011
0.36559831
0.12626630
0.30384489
0.12082890
0.49575019
0.17887862
0.13404316
0.18230230
0.29915773
0.17459997
0.07769091
0.49852583
0.30038158
0.32048778
0.12214082
0.18320545
0.12593743
0.24505659
0.58380216
0.40443319
0.60978437
0.31413380
0.30203030
0.39715173
0.09856415
0.28601018
0.23500191
0.16122179
0.14551267
0.24101639
0.13442230
0.44807121
0.05933512
0.22313650
0.19648051
0.12403109
0.39284790
0.33102075
0.45183973
0.22127130
0.16916559
0.36203322
0.57449829
0.14029417
0.15646642
0.20695311
0.17471865
0.45759392
0.08756401
0.13065723
0.40262902
0.54536031
0.34267260
0.20630647
0.20941047
0.20445157
0.18084811
0.10503523
0.28441548
0.41690446
0.21384765
0.22442790
0.31909942
0.36586984
0.33385907
0.31905412
0.24869920
0.36101547
0.17817242
0.22145487
0.14037573
0.17339310
0.15693040
0.22132664
0.21202902
0.11478666
0.26751749
0.52600747
0.79961600
0.17069765
0.15661687
0.16636497
0.25612896
0.10819934
0.19942980
0.43208586
0.13555000
0.56226693
0.19186876
0.35601716
0.12062805
0.23907654
0.16021557
0.11264528
0.26543781
0.33471067
0.41713042
0.25105642
0.11944304
0.40127797
0.28552387
0.22464402
0.18602383
0.13600989
0.41619742
0.55829590
0.21682603
0.77963697
0.35578945
0.23012358
0.09498312
0.70126830
0.58301862
0.15095286
0.26119096
0.16840534
0.07542490
0.13231552
0.39769018
0.28414573
0.17800781
0.08628879
0.34646291
0.24869476
0.26389233
0.27376679
0.42633367
0.26671250
0.13116653
0.19557038
0.19527214
0.19345713
0.17084710
0.09906010
0.19526636
0.13839983
0.19734306
0.33669292
0.05950088
0.26606655
0.14045638
0.33372166
0.26778551
0.28606900
0.19423663
0.82494961
0.26414590
0.34547365
0.32742761
0.17145092
0.66881518
0.34079988
0.58700223
0.43246185
0.34073632
0.72754042
0.72482045
0.56296107
0.30124155
0.24265243
0.07533783
0.26715921
0.71061717
0.27233223
0.59521061
0.25025657
0.18849223
0.22137683
0.31499656
0.11108380
0.12355643
0.17051737
0.42477915
0.28931850
0.16904298
0.06220122
0.17666733
0.28315218
0.53704497
0.11069046
0.22536825
0.13482435
0.17808887
0.29470365
0.34048754
0.14107298
0.45478221
0.19904300
0.22065353
0.30181273
0.18170786
0.16841271
0.16508346
0.24398898
0.50328237
0.18458444
0.14614679
0.64778842
0.09344406
0.49915334
0.36321745
0.29821711
0.10834034
0.13359755
0.12613086
0.29968704
0.22858791
0.17010460
0.38724290
0.22511366
0.14597604
0.50051359
0.20865320
0.07847249
0.64720100
0.49849194
0.35620789
0.26829555
0.14493894
0.22658893
0.35382786
0.14045094
0.19143001
0.56914831
0.22721670
0.68800487
0.11263682
0.16362598
0.63686046
0.31047073
0.15336700
0.07540071
0.19961552
0.10618836
0.35639578
0.15581122
0.22067222
0.21130436
0.32520527
0.19845344
0.15076556
0.75464376
0.19191726
0.29330841
0.27991505
0.42063934
0.39267657
0.14915203
0.41979610
0.21343045
0.21674259
0.24419101
0.16559771
0.51676989
0.19309904
0.28699647
0.21536953
0.36739670
0.08381197
0.39144478
0.12036670
0.65316530
0.16521460
0.20116355
0.09207571
0.15953720
0.46628505
0.21130196
0.21771515
0.32935958
0.61419836
0.45517812
0.54366029
0.19071545
0.22933273
0.12353047
0.40144210
0.15811175
0.18189467
0.14168932
0.28788131
0.33637259
0.13072981
0.25602169
0.20585033
0.22299654
0.21618741
0.22452052
0.21128608
0.15027378
0.21139197
0.78823821
0.23018858
0.12190026
0.23758659
0.14449229
0.08785630
0.14350913
0.39658666
0.13620260
0.48743820
0.11422325
0.27497841
0.38521034
0.15800614
0.11553010
0.15078063
0.54327632
0.18764435
0.53607006
0.14229888
0.42588860
0.20204467
0.12375886
0.27649990
0.17691085
0.52758076
0.45450587
0.33743810
0.40518634
0.34234185
0.10967840
0.26368945
0.70066418
0.44126711
0.30005475
0.13655053
0.25693907
0.18539490
0.27739443
0.25676699
0.19468686
0.23692717
0.27335893
0.14628441
0.31891910
0.44272160
0.30383002
0.33368039
0.17260387
0.22972175
0.12237293
0.31681654
0.64881745
0.10175497
0.25454882
0.09998866
0.22853766
0.20280302
0.19711541
0.24996629
0.63050626
0.30344922
0.22255193
0.16034698
0.25453409
0.15591692
0.19371388
0.14789311
0.15530447
0.56005268
0.62716066
0.28579326
0.49726695
0.24458204
0.25476647
0.68121165
0.13417821
0.11303360
0.67641743
0.39811494
0.26460585
0.46046577
0.26584675
0.66520131
0.25765828
0.55613668
0.56889403
0.37140769
0.70515594
0.62063070
0.12200514
0.26926514
0.21196624
0.22788653
0.19585458
0.09147769
0.36122351
0.83470582
0.22845021
0.34432505
0.13698623
0.08506477
0.30874920
0.18467823
0.07615718
0.25029843
0.14062415
0.09507905
0.42387092
0.18058110
0.16538441
0.20093518
0.18210735
0.35030429
0.28301804
0.17741248
0.17904519
0.37372885
0.09738762
0.19451021
0.17175463
0.35871564
0.13337903
0.20884328
0.47340134
0.12415979
0.27475352
0.17019191
0.04123873
0.17039023
0.20197147
0.56778390
0.25561645
0.17124421
0.09585154
0.24316764
0.53170608
0.25596265
0.21803038
0.18371065
0.08571442
0.19203730
0.42264625
0.26415966
0.36620527
0.17754364
0.35788067
0.35308491
0.10784908
0.40493315
0.18608471
0.29140040
0.26589721
0.21951287
0.16681402
0.39415237
0.38854625
0.51684913
0.33387245
0.26802507
