0.21261969
0.27047283
0.14459116
0.19024476
0.10170225
0.19341458
0.31061250
0.13057165
0.29374512
0.10927823
0.13354417
0.00442520
0.15179028
0.17544849
0.25384642
0.75376193
0.30809318
0.42158288
0.10531482
0.97673758
0.16264654
0.10605658
0.16625966
0.18041170
0.42020677
0.41025291
0.60612837
0.45717480
0.32289905
0.24455176
0.50578778
0.69210912
0.30255249
0.18222248
0.15835029
0.44458806
0.87258578
0.16694772
0.20161683
0.26831574
0.19679286
0.33435019
0.30652501
0.00640231
0.47997752
0.62870529
0.24473847
0.20819938
0.16745605
0.13101346
0.27881536
0.12656319
0.27807764
0.66032705
0.29142893
0.08455345
0.10787720
0.18659752
0.32126480
0.24766289
0.24144789
0.85136604
0.24863845
0.30459646
0.44650264
0.32227344
0.26513446
0.41093766
0.19287313
0.77237876
0.46049994
0.19155181
0.13227249
0.44158873
0.19771582
0.25472245
0.13719465
0.60256689
0.34483602
0.36834111
0.17301706
0.11808258
0.26539107
0.16066995
0.14305058
0.21586226
0.13538947
0.14392162
0.39061555
0.26685183
0.39558117
0.14094731
0.19959231
0.40089041
0.24034827
0.44336254
0.16367087
0.11687231
0.41957220
0.31816655
0.71869032
0.83513544
0.16467103
0.15395280
0.35772514
0.12983476
0.20139454
0.31265632
0.11240896
0.22131687
0.16915321
0.17684876
0.32192318
0.22549667
0.67486026
0.19839307
0.16487298
0.82846198
0.00009609
0.39517367
0.79530404
0.20954654
0.09825969
0.13820191
0.13887180
0.72303651
0.20666333
0.27612824
0.27040751
0.46732283
0.11880123
0.15254273
0.23813875
0.22577049
0.26171189
0.16141017
0.24325935
0.31371194
0.13708597
0.37462668
0.09780809
0.21159401
0.59265016
0.18282293
0.38270398
0.79638425
0.09979563
0.21043063
0.29140810
0.55910396
0.71241143
0.27635040
0.02375624
0.26720291
0.17804648
0.27978968
0.18658345
0.23637518
0.24415686
0.17153762
0.12683352
0.24860503
0.45879522
0.17062144
0.22498190
0.20604779
0.00998491
0.61765643
0.38118711
0.14717069
0.17607051
0.25831782
0.14816014
0.51347270
0.20057595
0.38423362
0.81427500
0.22801801
0.22048453
0.12285958
0.16233857
0.58508262
0.27385991
0.16438063
0.34778260
0.10911260
0.11732249
0.14828983
0.39763950
0.11880804
0.21184785
0.11137688
0.13785083
0.16760704
0.08462858
0.16228871
0.24817211
0.16995496
0.18746776
0.21401830
0.27223352
0.23068587
0.27010404
0.09872647
0.31300333
0.16096133
0.28695489
0.09848851
0.24003067
0.18843041
0.10995958
0.45889621
0.19869304
0.15112933
0.30024037
0.15253858
0.33174691
0.15132019
0.17760188
0.11926352
0.44016814
0.19312799
0.22736926
0.22584005
0.40621451
0.30009486
0.13622126
0.15858662
0.32720134
0.15630932
0.95440802
0.10651526
0.16197934
0.72830513
0.15550105
0.29270051
0.21267519
0.51941337
0.51575155
0.09576210
0.16998571
0.44340218
0.14786550
0.14067365
0.48928618
0.94634752
0.18734415
0.08366487
0.17797444
0.17312356
0.20182430
0.29354065
0.19750471
0.13312706
0.33521585
0.11552185
0.13847661
0.24753128
0.26678191
0.11684232
0.29297977
0.81632096
0.14886022
0.29268549
0.35762690
0.24547651
0.17948163
0.30153109
0.22670027
0.19479562
0.96402750
0.32066267
0.52848925
0.20869388
0.49268876
0.19528186
0.11825208
0.78786748
0.24001624
0.82507289
0.33345305
0.20369341
0.27667190
0.16958296
0.34080487
0.20921076
0.16929777
0.40146577
0.17979909
0.88334405
0.99714975
0.01415656
0.26916110
0.20547232
0.66248679
0.37458215
0.38596692
0.62366082
0.59364819
0.11157640
0.17106486
0.28432147
0.11331464
0.18854836
0.22216183
0.28249968
0.31688674
0.31344361
0.00033267
0.46241106
0.20914895
0.46119001
0.56265575
0.27154367
0.22662839
0.23511591
0.29158767
0.26175234
0.27567029
0.00073875
0.10791645
0.81623635
0.36993158
0.20445259
0.24030739
0.26531810
0.19185058
0.10609716
0.20816063
0.20766850
0.19086874
0.18257552
0.41793874
0.25602982
0.22647048
0.21600432
0.14059497
0.39225346
0.27553726
0.41332936
0.46199062
0.57813452
0.13444542
0.15502062
0.23602816
0.15241371
0.16439659
0.10607391
0.00471548
0.19884484
0.33098424
0.20782642
0.00794185
0.34884953
0.60405051
0.34348141
0.26645918
0.21836374
0.09687628
0.08937163
0.08345155
0.35779327
0.26149010
0.11191036
0.19866973
0.28084947
0.14577252
0.23126978
0.22250979
0.12012721
0.15196630
0.93836056
0.91796462
0.21357752
0.02811473
0.19604032
0.93173463
0.16051837
0.20234584
0.11953090
0.36840386
0.12604832
0.18276297
0.17506043
0.61989263
0.35391562
0.14553889
0.12654066
0.39067750
0.23545655
0.32006721
0.22855298
0.08867532
0.01300627
0.32187798
0.25806891
0.45906181
0.19944259
0.16518744
0.14306654
0.79361961
0.52853610
0.42297568
0.01450579
0.86535275
0.15118602
0.11319761
0.14004825
0.10577486
0.13875064
0.19083719
0.15951824
0.26158129
0.13597933
0.25426732
0.18377595
0.26266677
0.28577975
0.93207495
0.25387641
0.23956442
0.33052427
0.70960047
0.10527137
0.90950529
0.35819171
0.18231870
0.86936724
0.45154695
0.10715186
0.30185026
0.36027345
0.17058156
0.13533144
0.12333593
0.21165242
0.19244314
0.19162186
0.74304192
0.41784160
0.29649493
0.14787874
0.15414515
0.99998119
0.18788080
0.15026876
0.21567889
0.33504335
0.04026347
0.19329157
0.22957009
0.19621450
0.27161517
0.05320268
0.13373188
0.26703972
0.23182276
0.77362566
0.18844743
0.29155697
0.12546796
0.42291907
0.24412408
0.13096870
0.16731058
0.39439383
0.25580046
0.62465944
0.21628203
0.23190130
0.36716357
0.24468126
0.18893063
0.35760148
0.15408183
0.26063172
0.42710953
0.14774041
0.01809346
0.77163369
0.17201373
0.23641765
0.26237080
0.13262062
0.20042272
0.12070585
0.36689285
0.15470097
0.86232162
0.21947910
0.10521276
0.30747651
0.13948161
0.25798588
0.38075873
0.45156738
0.00781339
0.18475698
0.23569134
0.17428665
0.48851799
0.26676755
0.71705989
0.08413465
0.34816341
0.30659132
0.25179319
0.17684185
0.11684411
0.38911647
0.67353955
0.12681363
0.49614202
0.39863225
0.12879701
0.29535115
0.35345086
0.17700097
0.15071092
0.11148353
0.23540291
0.18127888
0.23437417
0.24550805
0.38325084
0.19080331
0.94870728
0.30394945
0.16317897
0.26276046
0.18424153
0.21746963
0.27678435
0.29505666
0.17125007
0.19397134
0.16519283
0.21525378
0.06830668
0.20770565
0.34349496
0.52466397
0.53400569
0.19955855
0.11169814
0.20723971
0.13304323
0.20380256
0.99681666
0.37737332
0.11741959
0.66161450
0.18096294
0.42368677
0.20946290
0.26073972
0.39255898
0.20480990
0.32131541
0.64507953
0.29477128
0.23283542
0.17898208
0.13172192
0.58915351
0.35933094
0.38568512
0.31733875
0.12986245
0.14404812
0.44925645
0.61250233
0.11523330
0.19562862
0.19811574
0.17491434
0.16242946
0.10455368
0.17824943
0.21590598
0.27515114
0.13130030
0.11456502
0.08342418
0.17649560
0.15216217
0.16713453
0.42559825
0.48298825
0.26285466
0.20197635
0.26536551
0.14453685
0.02733347
0.30288845
0.79907310
0.23613693
0.12507508
0.39865157
0.19656181
0.91481992
0.17429869
0.28775926
0.22155794
0.08493865
0.17568516
0.51756932
0.13863225
0.14263712
0.21317276
0.35943084
0.22251213
0.41480521
0.22444236
0.20636355
0.18633825
0.17025256
0.20320122
0.14117589
0.09965368
0.23047297
0.18552029
0.40374564
0.16736179
0.21221643
0.23359747
0.15328864
0.08135950
0.23122834
0.23044284
0.55860846
0.85071139
0.13324086
0.28948914
0.78219786
0.14247828
0.14998072
0.17666847
0.40738741
0.39057579
0.28277246
0.05419123
0.13755296
0.19704444
0.27340585
0.46300859
0.44647615
0.41039284
0.16257339
0.29680981
0.13810563
0.16173949
0.20740022
0.18072093
0.60761791
0.21654624
0.17659142
0.14875711
0.18705327
0.17769481
0.17619320
0.97389700
0.79444571
0.18955640
0.27601850
0.12923019
0.33362324
0.22374306
0.16584532
0.12435455
0.13552642
0.14871694
0.22309545
0.69945375
0.29308269
0.11994507
0.27133471
0.11102687
0.58801235
0.26772779
0.12208915
0.45193431
0.94102291
0.08043010
0.24417771
0.25406722
0.19847602
0.21508938
0.27256741
0.18263935
0.42649730
0.28379424
0.17047187
0.07680272
0.47015743
0.08175709
0.80691888
0.17919452
0.16202311
0.29686663
0.17938181
0.35021461
0.89173659
0.54871063
0.15580217
0.17492716
0.40417767
0.26538854
0.21762071
0.17485076
0.10525008
0.86107501
0.16945542
0.23900466
0.30973345
0.21339770
0.17474066
0.44578823
0.16229408
0.15511506
0.39626740
0.11461061
0.17745076
0.26600999
0.15506645
0.39821595
0.40143352
0.07303549
0.41512151
0.00506926
0.41350876
0.05054768
0.19838560
0.47815581
0.21948213
0.22132201
0.25368132
0.15206420
0.31264867
0.22116041
0.19251833
0.12968129
0.17485968
0.04154893
0.31261454
0.26061196
0.14221835
0.24657765
0.13706490
0.03104839
0.28761214
0.28164927
0.02235770
0.20870441
0.24620274
0.04259111
0.42816876
0.18784589
0.16121892
0.10146972
0.41303988
0.08332219
0.55942809
0.26109152
0.31891265
0.15637828
0.26597853
0.10214336
0.55445590
0.31221665
0.32296508
0.20166799
0.33925966
0.28389066
0.60783864
0.23617843
0.15494505
0.20364561
0.22269823
0.24212438
0.07986038
0.19430213
0.35536235
0.20466891
0.21355363
0.13063290
0.08387668
0.20841308
0.29821176
0.17589522
0.11213665
0.23963559
0.31826570
0.46320155
0.35939757
0.10107071
0.16706379
0.26976280
0.21160912
0.04704670
0.93221809
0.17355557
0.05027835
0.53060154
0.21051010
0.52120506
0.06768589
0.96922066
0.46062778
0.43340542
0.85912493
0.34439830
0.10653525
0.25772220
0.49347356
0.11715837
0.09344108
0.20494555
0.32689501
0.14416160
0.15866114
0.28818564
0.38200513
0.24143217
0.16341954
0.54889814
0.32767580
0.24284050
0.13978283
0.19181737
0.17226093
0.22750956
0.22531599
0.51138440
0.29736956
0.28674651
0.02738614
0.76123193
0.24927868
0.17431858
0.02592457
0.19910157
0.20441703
0.11314065
0.13134787
0.12352261
0.20610229
0.23360074
0.17295763
0.03595317
0.07056710
0.14193794
0.14892345
0.11334930
0.51272092
0.79900151
0.94942112
0.14026551
0.21745457
0.14803169
0.18580386
0.22834387
0.14222627
0.25483964
0.28884764
0.16115897
0.14362353
0.18907087
0.13813760
0.24486330
0.14059664
0.16111744
0.26693696
0.03026113
0.27674077
0.19270553
0.11576763
0.00187701
0.25448496
0.51975737
0.14360511
0.21464612
0.25667619
0.51796014
0.44478871
0.22161460
0.75490754
0.03099580
0.16929873
0.16388251
0.10678295
0.16339471
0.30041710
0.31857157
0.16978566
0.22900064
0.95989907
0.40349982
0.41804279
0.16264411
0.10873308
0.18886985
0.28009450
0.19938795
0.12474848
0.17204426
0.62478675
0.12613401
0.62979811
0.14344092
0.17201543
0.13526228
0.31276895
0.82362475
0.34910298
0.28699494
0.23801896
0.19272662
0.23636975
0.25708007
0.18447613
0.33119799
0.20088326
0.50064957
0.16184553
0.38402370
0.12576029
0.19349425
0.12771689
0.25409209
0.22657519
0.32899268
0.13847016
0.11698184
0.01342520
0.02686174
0.68293483
0.13420903
0.46894211
0.31605468
0.15193702
0.17303871
0.15769203
0.16695629
0.17746193
0.18373684
0.21626141
0.24954792
0.02311420
0.00009982
0.17180028
0.20994651
0.14904996
0.20225118
0.14672260
0.16910903
0.66434104
0.41602497
0.17853311
0.23920375
0.15058593
0.32865993
0.65834563
0.25345229
0.32539737
0.26483741
0.29220860
0.16234388
0.16602476
0.51063803
0.04975258
0.33466611
0.13785346
0.11474074
0.13486076
0.59418480
0.40144547
0.20443131
0.54299483
0.19133477
0.24738599
0.11630717
0.44202096
0.14357976
0.24307394
0.18599104
0.50578388
0.16913428
0.10152379
0.18721170
0.55303319
0.10629999
0.10472729
0.09560883
0.19685859
0.23443973
0.22152040
0.11078676
0.27477376
0.35782369
