0.44622072
0.41337687
0.44622072
0.37227049
0.00086716
0.02312646
0.22619001
0.15448459
0.09466213
0.27180723
0.44622072
0.30091184
0.24913907
0.44622072
0.44622072
0.03261981
0.56501715
0.02904261
0.67538884
0.17070835
0.17070835
0.00458687
0.06656018
0.14641499
0.51313471
0.26009398
0.35431237
0.44622072
0.11768423
0.00008371
0.12510694
0.41897879
0.06546400
0.04749788
0.44622072
0.44622072
0.25644574
0.15068288
0.31637590
0.00011513
0.00453749
0.07478126
0.50758251
0.01764335
0.06410040
0.39485581
0.61353240
0.15511889
0.02411092
0.36138439
0.69424874
0.68083214
0.44622072
0.10865138
0.19068116
0.04078232
0.47021127
0.35431237
0.20428349
0.00401033
0.43906585
0.07534687
0.44622072
0.04976291
0.21148368
0.44622072
0.44622072
0.00439080
0.27291322
0.00453749
0.66391207
0.23783693
0.11185393
0.28426796
0.16975161
0.52214077
0.44622072
0.24484439
0.57437862
0.01694483
0.19276116
0.39379062
0.21276338
0.34073966
0.05673954
0.00186522
0.63172300
0.01781972
0.10789104
0.00453749
0.06059061
0.37058618
0.25215864
0.44622072
0.68909350
0.23990839
0.37762423
0.07662309
0.03228864
0.19084115
0.00016131
0.20236309
0.33005595
0.08714697
0.00227646
0.44622072
0.26278824
0.06328583
0.14326042
0.05992172
0.63279598
0.58921019
0.44622072
0.01817452
0.31419383
0.44622072
0.57800674
0.02322421
0.48432480
0.02110984
0.23018133
0.44622072
0.16847635
0.00067458
0.57316980
0.45743572
0.44622072
0.13508972
0.44622072
0.33083138
0.65942609
0.55235672
0.65448354
0.16592725
0.62116424
0.44622072
0.61872032
0.44622072
0.35215695
0.44622072
0.02430964
0.62621011
0.67834257
0.10440479
0.44622072
0.24229743
0.08890406
0.44622072
0.44622072
0.34290287
0.32726276
0.50443157
0.02622736
0.03273045
0.70803855
0.48147297
0.22730783
0.06233897
0.44622072
0.01330853
0.35231096
0.29526913
0.26975230
0.44622072
0.05141815
0.44622072
0.04875233
0.44622072
0.44622072
0.31357010
0.44622072
0.44622072
0.00785101
0.26453052
0.13948341
0.33501532
0.28300826
0.17661313
0.06918190
0.44622072
0.16497186
0.00009880
0.33207166
0.03440553
0.03217851
0.44622072
0.35969465
0.65649051
0.66313817
0.14562577
0.26896162
0.00308715
0.05595155
0.18844152
0.10304585
0.68800109
0.28584189
0.15702286
0.02819771
0.14436382
0.44622072
0.07421666
0.02312646
0.20716388
0.25215864
0.09022651
0.45051463
0.47546774
0.30513710
0.00606610
0.01370372
0.30576257
0.44622072
0.25644574
0.23353198
0.44622072
0.04114024
0.44622072
0.01299581
0.47561790
0.02215748
0.44622072
0.21532237
0.44622072
0.44622072
0.24038629
0.01245595
0.00875191
0.68410282
0.08105590
0.07043251
0.11891706
0.29997211
0.23592406
0.38419074
0.44622072
0.21292334
0.13618677
0.66747457
0.33160661
0.31668750
0.55265789
0.13587323
0.44622072
0.44622072
0.04787318
0.18252485
0.31232224
0.41277086
0.16752021
0.05399525
0.56924299
0.44622072
0.44622072
0.09540535
0.61673584
0.62636312
0.17980792
0.06491767
0.01442691
0.59709926
0.23161756
0.65602725
0.20716388
0.59118114
0.40776819
0.04674998
0.24929805
0.66453134
0.10834714
0.05039765
0.37899960
0.12123336
0.49933026
0.01755543
0.03350859
0.05872283
0.44622072
0.14278777
0.22347452
0.01677195
0.10033722
0.57468087
0.44622072
0.03362027
0.50518178
0.02186985
0.02893651
0.00082236
0.65803521
0.42336503
0.44622072
0.65355768
0.14058403
0.55853319
0.57634354
0.44434065
0.44622072
0.16624578
0.51163403
0.00573364
0.00468636
0.20252312
0.70772446
0.22091784
0.44622072
0.00000000
0.34166693
0.44622072
0.44622072
0.18396365
0.03725956
0.44622072
0.44622072
0.45638287
0.23640234
0.03000369
0.00231245
0.07933334
0.35338880
0.07676520
0.10682802
0.60196132
0.41004282
0.46825832
0.05321830
0.02206144
0.67632129
0.44622072
0.49287848
0.00791396
0.01338719
0.27322916
0.25803236
0.21468268
0.58739162
0.34413832
0.44622072
0.29558288
0.44622072
0.29464153
0.22906401
0.53295451
0.22826581
0.19484139
0.31122994
0.44622072
0.44622072
0.05205899
0.44622072
0.46254782
0.26088661
0.44622072
0.08019359
0.09317902
0.14657287
0.02725795
0.44622072
0.22986212
0.12076962
0.55280848
0.26975230
0.44622072
0.44388869
0.01720547
0.44622072
0.00161255
0.01853207
0.35000008
0.00149275
0.02531228
0.65278634
0.41004282
0.00008371
0.56999793
0.09585181
0.00928553
0.26389706
0.11491709
0.04367335
0.44622072
0.44622072
0.44622072
0.63402266
0.45382544
0.29934546
0.19628164
0.39683326
0.11891706
0.17198436
0.01284060
0.11231261
0.33377623
0.16099438
0.09629865
0.29511224
0.00669708
0.11583841
0.17310121
0.44622072
0.05779495
0.44622072
0.06697243
0.13336771
0.44622072
0.00042171
0.67507809
0.03679782
0.18412354
0.44622072
0.44283399
0.07818958
0.22395380
0.51448539
0.03853914
0.06464495
0.02480909
0.44622072
0.34737906
0.25342937
0.63049715
0.44622072
0.44622072
0.00123930
0.12293578
0.44622072
0.44855759
0.02541337
0.32679698
0.04787318
0.44622072
0.38129072
0.04699888
0.59527744
0.37027986
0.44622072
0.02989635
0.53280425
0.03406823
0.44622072
0.35446627
0.09525662
0.44622072
0.00823193
0.04850065
0.30138160
0.08758557
0.25930118
0.26310508
0.23416997
0.37762423
0.66406688
0.09719349
0.44622072
0.01871186
0.09570295
0.44622072
0.65062758
0.05270214
0.44622072
0.44622072
0.04006950
0.28269326
0.44622072
0.65247786
0.27275525
0.35138681
0.65927152
0.21931949
0.16799825
0.05464515
0.18396365
0.02186985
0.00448835
0.44622072
0.16163040
0.44622072
0.00955740
0.00760144
0.23735878
0.44622072
0.00321224
0.50503174
0.01817452
0.44622072
0.17485683
0.00617877
0.09510794
0.26658851
0.38708849
0.03818875
0.61383737
0.01362430
0.34506459
0.07043251
0.26896162
0.44622072
0.36230571
0.44885870
0.44622072
0.36828808
0.44622072
0.07847517
0.01755543
0.00382599
0.64246832
0.49392881
0.30716940
0.00338257
0.47036148
0.26421381
0.00091310
0.54197359
0.44622072
0.67088605
0.44622072
0.44622072
0.45548034
0.19468136
0.00881787
0.17278208
0.15321657
0.06464495
0.14752050
0.44622072
0.01880201
0.01738010
0.25009285
0.01764335
0.17645344
0.54994784
0.01962092
0.44622072
0.12355561
0.11430347
0.44622072
0.01089400
0.16481265
0.02632977
0.00741656
0.00778829
0.01524810
0.44622072
0.40184863
0.14941727
0.18060690
0.19484139
0.16290288
0.35446627
0.42018917
0.52289147
0.35538954
0.44622072
0.63847314
0.69237310
0.37364794
0.22571088
0.10199100
0.35984829
0.44622072
0.04161902
0.25914260
0.13399362
0.00054098
0.44622072
0.00011513
0.26041105
0.29071615
0.00055919
0.04575843
0.01677195
0.21660163
0.44622072
0.44622072
0.08307575
0.14688869
0.52484343
0.01338719
0.17980792
0.20396343
0.21660163
0.67399071
0.44622072
0.01703154
0.27243927
0.23656176
0.69237310
0.32617583
0.14799450
0.66128157
0.05218744
0.45066515
0.44622072
0.08264202
0.00210044
0.44622072
0.11830042
0.17405874
0.10516106
0.20684386
0.10410254
0.44622072
0.02561598
0.14752050
0.36506813
0.15876955
0.06821305
0.00681475
0.34707056
0.62146985
0.02196557
0.68270067
0.02026716
0.03645277
0.14704662
0.06601151
0.27275525
0.13383711
0.25787373
0.44622072
0.20268316
0.52319175
0.44622072
0.23050052
0.11307770
0.02840809
0.44622072
0.00785101
0.40169674
0.44622072
0.69628199
0.00969459
0.13133579
0.17150581
0.02715424
0.04355164
0.44622072
0.20764391
0.08919760
0.44622072
0.10697978
0.44622072
0.20796393
0.12572815
0.35492794
0.26358029
0.11522408
0.23480789
0.44622072
0.03086722
0.46555372
0.37701278
0.26294666
0.22059820
0.44622072
0.29965880
0.15131600
0.51538589
0.44622072
0.35631254
0.16608651
0.00113387
0.17805055
0.00595436
0.20700387
0.17389913
0.00360116
0.08612534
0.05608267
0.66685471
0.19628164
0.61734634
0.56894104
0.22714815
0.35738905
0.44622072
0.47561790
0.34367508
0.62728137
0.05582052
0.11953415
0.64139221
0.68176626
0.64708422
0.18988124
0.44622072
0.44622072
0.11461022
0.23385098
0.27938390
0.22746750
0.24484439
0.04712348
0.07947657
0.40139294
0.44622072
0.40351908
0.32726276
0.54317677
0.42593454
0.31294623
0.18140598
0.45081567
0.21036385
0.09007938
0.01118475
0.71118114
0.44622072
0.65525530
0.69816003
0.18380377
0.00268684
0.50728242
0.29307197
0.46089421
0.54062020
0.14546798
0.01362430
0.00121252
0.44622072
0.00231245
0.43212657
0.24929805
0.01074983
0.33981211
0.13948341
0.18924134
0.14720456
0.48612577
0.00001593
0.11323082
0.02602298
0.69675139
0.00855531
0.44622072
0.23305343
0.06628570
0.31403791
0.44622072
0.01773145
0.06614857
0.17054887
0.26437217
0.01746768
0.03656766
0.21388301
0.44622072
0.32865967
0.29181575
0.65834424
0.35477406
0.30153817
0.15781665
0.44622072
0.44622072
0.65124422
0.46765736
0.47847061
0.00043787
0.33780146
0.09303096
0.01781972
0.44622072
0.05608267
0.44298467
0.11860869
0.01434581
0.33826557
0.44622072
0.47201371
0.00317029
0.00100840
0.14957543
0.19180113
0.15654672
0.01898281
0.11215968
0.04762288
0.32400080
0.02322421
0.06005534
0.20188297
0.64939466
0.12961926
0.44622072
0.65448354
0.18220515
0.44622072
0.16083540
0.00091310
0.29699438
0.44622072
0.44622072
0.48792662
0.00355694
0.31294623
0.23289391
0.44622072
0.01889233
0.29668077
0.38602116
0.57982177
0.32431161
0.22539145
0.09037369
0.01096638
0.11830042
0.05154613
0.50458161
0.52454311
0.25723913
0.41443720
0.44622072
0.00031693
0.00836063
0.34027592
0.19820207
0.46660559
0.44622072
0.01835295
0.13461984
0.39835371
0.65463788
0.65093588
0.44622072
0.00816790
0.36107723
0.04787318
0.44622072
0.69221685
0.31886777
0.04963625
0.16736088
0.00325444
0.24341190
0.01253249
0.66205502
0.45593162
0.04551157
0.44622072
0.06396445
0.69346708
0.05451499
0.69081094
0.32275723
0.35523568
0.46540345
0.31044949
0.44622072
0.33934823
0.13948341
0.00772579
0.26674676
0.44622072
0.14089865
0.16369847
0.21516245
0.01039296
0.06766096
0.09689504
0.05347692
0.02101556
0.14200035
0.28930181
0.33114150
0.02045329
0.03877331
0.17198436
0.05257333
0.31512920
0.66298341
0.04749788
0.44622072
0.20076270
0.62055311
0.44622072
0.44622072
0.50083063
0.37089248
0.44622072
0.45051463
0.13618677
0.15004997
0.07435771
0.59558102
0.08163189
0.02914884
0.03054238
0.44622072
0.47982173
0.71212453
0.21756097
0.00562467
0.44622072
0.21852021
0.41776812
0.35662015
0.06369278
0.16178943
0.13618677
0.03097576
0.44622072
0.44622072
0.48252369
0.25072859
0.44622072
0.44622072
0.19052118
0.44057337
0.09928731
0.04018802
0.02500992
0.23480789
0.44622072
0.00077870
0.08119981
0.33222666
0.06890474
0.02925522
0.05490573
0.69753389
0.18796165
0.01541453
0.47156312
0.20828394
0.25898402
0.66391207
0.40958799
0.08350997
0.23129843
0.44622072
0.44622072
0.01907347
0.44622072
0.68036519
0.02653502
0.01574958
0.14625711
0.00589883
0.13133579
0.03668268
0.57483200
0.09868825
0.11430347
0.17693252
0.18076670
0.11246556
0.11063220
0.44622072
0.00634949
0.36153796
0.22794650
0.52784696
0.59133278
0.02312646
0.07435771
0.00351297
0.02401178
0.44622072
0.03853914
0.67694308
0.44622072
0.03830543
0.61353240
0.01651396
0.44622072
0.10728339
0.34182145
0.44622072
0.02148856
0.44622072
0.21164365
0.19740188
0.28772959
0.44622072
0.02571751
0.00231245
0.06807492
0.44622072
0.05555872
0.44622072
0.16911392
0.10199100
0.23735878
0.03306317
0.33501532
0.27164920
0.00043787
0.64169964
0.20156290
0.44622072
0.10637297
0.03228864
0.44622072
0.44622072
0.03119325
0.14546798
0.21628183
0.04018802
0.44622072
