0.90081399
0.92346442
0.95984183
0.84980089
0.98580554
0.99504934
0.99571429
0.97143668
0.97942846
0.78116782
0.98692131
0.91441463
0.99605461
0.74010217
0.98781554
0.60695737
0.98384437
0.99950934
0.96871727
0.99954952
0.98536838
0.99984068
0.95592313
0.96028537
0.90210103
0.98453956
0.99942873
0.84790765
0.97582818
0.97372390
0.94930756
0.82214645
0.91293362
0.89037100
0.98321110
0.93048517
0.99891390
0.99517210
0.95956886
0.96130923
0.82978711
0.85264083
0.99202389
0.99770486
0.70235996
0.92648981
0.66605789
0.99920146
0.98503156
0.87676498
0.99338225
0.98350969
0.99278839
0.95813588
0.97621084
0.99931272
0.92831385
0.98997090
0.99987439
0.98743087
0.99067063
0.75208100
0.95564249
0.99771550
0.98640566
0.98921773
0.99966304
0.96816518
0.93273111
0.99968950
0.88881450
0.97710987
0.97177299
0.92744860
0.99557280
0.84286053
0.99929869
0.99542020
0.98978568
0.99932647
0.99937661
0.11879089
0.96583381
0.99980911
0.66078301
0.97334741
0.95873999
0.96414223
0.97116925
0.94533593
0.91579162
0.98917968
0.96017584
0.92744721
0.97650839
0.64293296
0.98004884
0.81604748
0.96719544
0.97246995
0.96062987
0.94688159
0.98896326
0.98824283
0.46863773
0.87584329
0.71759890
0.99313083
0.79804292
0.97590042
0.99052465
0.99959024
0.99894966
0.98944867
0.98958429
0.97576310
0.97084772
0.92899003
0.74531253
0.69223535
0.99466378
0.92728008
0.90779766
0.91727180
0.87458464
0.99451851
0.99671264
0.98699228
0.99417305
0.99391744
0.99533563
0.99566359
0.99948174
0.99815250
0.99258424
0.86928685
0.99909302
0.98258977
0.88147572
0.80998814
0.91168082
0.99980918
0.97217941
0.96400374
0.95728978
0.97221871
0.95331666
0.99824364
0.82360823
0.94990084
0.99929391
0.99915189
0.83057251
0.92053063
0.72604220
0.90408043
0.91459834
0.99988428
0.93826328
0.99856249
0.98650920
0.80585415
0.85849361
0.95904639
0.99301264
0.95559910
0.80329889
0.71590708
0.99976471
0.89916239
0.97496416
0.99875221
0.99996577
0.84687543
0.99758720
0.98559270
0.98146843
0.88931985
0.82641408
0.99604965
0.99352895
0.95994959
0.92848244
0.99716611
0.98698718
0.97692685
0.92278597
0.99851953
0.94573255
0.91326213
0.62130635
0.96256994
0.99400727
0.95606683
0.91882211
0.95280191
0.97557728
0.94217054
0.94891681
0.97350104
0.96009133
0.85443417
0.86632337
0.99718754
0.99046010
0.96560010
0.99679476
0.99558165
0.99028292
0.98588425
0.87377889
0.95823433
0.99916143
0.95846873
0.94478913
0.79663773
0.84892298
0.84624935
0.99476746
0.99400573
0.93627908
0.99242824
0.92277295
0.99912063
0.84765049
0.98695570
0.99342259
0.92357838
0.87689241
0.99853041
0.50337267
0.99032864
0.49500069
0.99974334
0.94454025
0.99780103
0.98685949
0.92472653
0.99816873
0.37627782
0.99750111
0.84398455
0.99720563
0.98957794
0.98121308
0.87163584
0.98853001
0.91771707
0.97606160
0.97215132
0.83834047
0.97077244
0.90215134
0.99972995
0.97816781
0.96945236
0.98950541
0.99541368
0.95896995
0.92812232
0.98434720
0.96428756
0.97601295
0.97016448
0.99346387
0.99651418
0.99913545
0.99647125
0.93803062
0.46788589
0.96785474
0.99247019
0.98916792
0.96486413
0.99397706
0.98576782
0.95735281
0.98559334
0.97942136
0.95686017
0.97961026
0.87577031
0.99935298
0.97278558
0.99854575
0.92081664
0.94703700
0.87085442
0.49009026
0.93464783
0.97229589
0.93161471
0.96020671
0.92568741
0.98048673
0.99739400
0.98360000
0.97728865
0.62642928
0.90652681
0.86458674
0.61982694
0.99981460
0.91393921
0.92909027
0.98075438
0.89131182
0.87175034
0.87269667
0.99995995
0.95625773
0.99489431
0.92086839
0.99750843
0.97130228
0.87441018
0.75027390
0.90288724
0.95645660
0.96879835
0.99981043
0.99781184
0.90078210
0.97226566
0.89717974
0.98247274
0.99965733
0.90520219
0.89961479
0.97748106
0.95874547
0.99816599
0.96864562
0.93450170
0.93770400
0.98148126
0.96031269
0.98989115
0.97905270
0.94648300
0.95881864
0.95384212
0.84811719
0.97536403
0.97631661
0.99807435
0.99570476
0.98290089
0.97749106
0.73302490
0.99766824
0.99702344
0.96997660
0.97569369
0.98849515
0.83804699
0.20537324
0.96306211
0.97591453
0.99424848
0.86053681
0.98137833
0.73991202
0.95037870
0.95775773
0.99789081
0.99390718
0.99421373
0.99465652
0.54175419
0.90722693
0.97679438
0.98970415
0.99915868
0.81364382
0.99570595
0.88748228
0.99355210
0.99647318
0.99000266
0.98866115
0.88228304
0.92231434
0.98525934
0.73294735
0.99299942
0.94096842
0.98863256
0.95883396
0.98186556
0.97461896
0.99641523
0.94686293
0.83813460
0.99812089
0.99539782
0.76667677
0.99979514
0.94837219
0.68844161
0.94349314
0.76542057
0.99679928
0.99634735
0.99167299
0.80526709
0.99938112
0.98879194
0.98242871
0.96383839
0.99408053
0.98751642
0.69805915
0.99340015
0.47603012
0.97314576
0.98916080
0.97236892
0.93032040
0.80604738
0.99955877
0.98784322
0.82152512
0.99937036
0.99391815
0.99485396
0.93831655
0.94137535
0.96079366
0.88880266
0.97779145
0.79051366
0.99932715
0.95917090
0.65926407
0.92590825
0.95758940
0.96537609
0.96700600
0.99542701
0.94376288
0.99731654
0.61659922
0.98562959
0.99653970
0.99830585
0.99558532
0.99900745
0.80043648
0.90905634
0.84856624
0.94972155
0.99713812
0.95499335
0.95202217
0.99171542
0.92772665
0.86804249
0.99990027
0.98752813
0.99699669
0.95369000
0.98719001
0.99009030
0.97561071
0.99986623
0.99868496
0.90744305
0.98283435
0.98947113
0.99896601
0.80507243
0.99431406
0.99106788
0.96473641
0.99738741
0.99083103
0.90385126
0.99351353
0.91410197
0.96294869
0.99025235
0.99764767
0.98100141
0.96790971
0.98797322
0.93699556
0.83251987
0.99439709
0.99897040
0.99243867
0.99556478
0.79918795
0.99105752
0.95037195
0.93706044
0.93820570
0.98538097
0.97476393
0.99779542
0.99989531
0.95985220
0.96156629
0.96586514
0.84748405
0.90685545
0.99829065
0.91704513
0.98898292
0.61898415
0.98841657
0.96362771
0.99977313
0.99919965
0.99988626
0.77770804
0.96792222
0.99960244
0.96933306
0.99577272
0.94240881
0.94041031
0.78801789
0.98340515
0.81713760
0.88970473
0.92144113
0.96103607
0.99859363
0.99171086
0.98398542
0.93686489
0.86047159
0.78205395
0.98926893
0.99963749
0.97527104
0.92435085
0.93079108
0.97828304
0.76749404
0.99652494
0.97241735
0.96106106
0.46952022
0.89196364
0.99655455
0.83273733
0.97144288
0.85544670
0.99375934
0.96854412
0.99057286
0.79831280
0.90461997
0.98712068
0.98162803
0.99696065
0.46979000
0.97370967
0.96363417
0.89557045
0.99943865
0.99987676
0.61057623
0.95811027
0.99576436
0.99798886
0.85970209
0.71749197
0.99818452
0.99963159
0.90470510
0.85656775
0.97438992
0.83352659
0.97045845
0.89762340
0.91068803
0.94758589
0.93478864
0.97865536
0.96837889
0.99302026
0.82881866
0.99485383
0.99960367
0.94643866
0.98459680
0.62182564
0.83375631
0.90967272
0.95152010
0.96742483
0.81488618
0.95727282
0.56077083
0.96028476
0.96910345
0.95254672
0.86840423
0.95542437
0.99974843
0.99928432
0.64558272
0.49784200
0.95447970
0.99073012
0.98457618
0.92696613
0.65536551
0.98456682
0.99763037
0.98940132
0.99732283
0.81794108
0.94523665
0.94474497
0.98266448
0.99701214
0.98476388
0.77932105
0.99388736
0.99321057
0.98802304
0.80139459
0.98168556
0.84513100
0.98166671
0.98737332
0.60929681
0.96993327
0.99230728
0.95042626
0.91426231
0.97497232
0.94168766
0.99940560
0.53246553
0.99749221
0.94683103
0.97521070
0.92536960
0.99860957
0.54596044
0.88838847
0.99942192
0.99264901
0.99196717
0.98185240
0.99222231
0.97755568
0.43700146
0.99036355
0.99604106
0.99246842
0.99456139
0.96727180
0.88683381
0.98231808
0.79407721
0.95407535
0.99795004
0.58091872
0.77471540
0.98596428
0.99707329
0.99514749
0.32741266
0.99892305
0.88063046
0.95827760
0.99544839
0.90335910
0.83459422
0.93249889
0.98670301
0.83141278
0.95543459
0.96355384
0.95685562
0.73260098
0.94681928
0.95899095
0.99700827
0.99871043
0.99974366
0.89847744
0.94157067
0.99127015
0.99751179
0.99328446
0.96309892
0.87743702
0.87833013
0.94656373
0.74965496
0.97613127
0.99489428
0.97827152
0.98144892
0.42654477
0.99245345
0.98288982
0.93826370
0.99701096
0.97218435
0.92012841
0.99561836
0.92723089
0.96618081
0.95806709
0.99675278
0.86603985
0.99352113
0.94599280
0.98947577
0.99940913
0.96850719
0.99172382
0.93462859
0.99509123
0.99604353
0.75936904
0.95599779
0.98118627
0.96502955
0.94869856
0.82193044
0.97042793
0.38245295
0.96287914
0.89374273
0.84240894
0.98986450
0.96729301
0.99826227
0.98305753
0.99308997
0.99803290
0.64774369
0.70593464
0.93867578
0.95353030
0.95624076
0.98773851
0.55771519
0.98780672
0.72895767
0.97784020
0.92049013
0.91510143
0.75451380
0.98519854
0.94623152
0.99422833
0.88809821
0.75510098
0.81946916
0.98639149
0.99423712
0.98553812
0.99780053
0.95981956
0.99289101
0.99162615
0.87575103
0.91814099
0.99481866
0.94979954
0.97128560
0.43209231
0.99895651
0.97434420
0.99064593
0.99051398
0.98261428
0.36126756
0.99797875
0.98011239
0.99812353
0.82983655
0.97549836
0.98855300
0.99955693
0.99597580
0.98574306
0.91009887
0.98372778
0.92986638
0.91956263
0.98493166
0.98292711
0.84689103
0.97689128
0.99706401
0.99958389
0.98760191
0.31911279
0.91710942
0.93350245
0.95930952
0.72570982
0.94821561
0.99666232
0.92319494
0.79282988
0.95169027
0.96787573
0.99009871
0.97559917
0.98783137
0.90786193
0.95424486
0.98086828
0.95141450
0.92434947
0.99973027
0.91596569
0.99690309
0.96827096
0.99319991
0.99873654
0.85289795
0.99366092
0.97218080
0.95356776
0.87094099
0.95168090
0.59254160
0.99582020
0.99679583
0.99533169
0.98058309
0.79999401
0.99535574
0.93490236
0.99985076
0.96567348
0.99797098
0.95126290
0.66467757
0.98424024
0.93022440
0.88674475
0.79580393
0.97365457
0.88935624
0.97307810
0.89658366
0.96231717
0.99301588
0.69731153
0.92476828
0.99425084
0.98547622
0.99280682
0.84207015
0.94093500
0.90888718
0.97908831
0.80385705
0.86205734
0.57129795
0.96886622
0.99716542
0.97263016
0.53536337
0.67233830
0.50061726
0.98902969
0.80657763
0.80540301
0.99875482
0.70752946
0.96683024
0.74467995
0.98645746
0.93939893
0.95290249
0.98385598
0.89277795
0.96011150
0.93025250
0.95212150
0.96901869
0.98998258
0.99539724
0.95288827
0.97711582
0.99883325
0.96089288
0.88869613
0.98771063
0.99183760
0.99899500
0.98139788
0.99038561
0.94613204
0.99702729
0.97598427
0.99086435
0.97487272
0.93836663
0.97590386
0.92708158
0.98413861
0.99754079
0.94863569
0.99865818
0.99699528
0.98658999
0.93794584
0.82724531
0.95247804
0.99877153
0.95300315
0.96801388
0.94910154
0.94850933
0.99121752
0.99958875
0.98181772
0.97154142
0.97985533
0.93172079
0.98286867
0.77612516
0.97063374
0.99254769
0.96825811
0.98260638
0.96613064
0.99187383
0.96566819
0.99300740
0.93228729
0.93426368
0.99170035
0.97160881
0.97954064
0.96182137
0.98696706
0.99170439
0.97842860
0.97571247
0.99273944
0.97397792
0.99555698
0.99560326
0.98461496
0.91146032
0.99769842
0.91402331
0.99885854
0.90730053
0.91552599
0.70352765
0.84679027
0.96774168
0.97149112
0.96960248
0.91350685
0.97592839
0.99987689
0.99103652
0.86003765
0.98293031
0.92987342
0.91287135
0.87686404
0.99336394
0.96308983
0.98321421
0.99643555
0.94532679
0.94216350
0.97071753
0.98423052
0.91154374
0.42590988
0.99443359
0.97126346
0.89213269
0.91032754
0.95589565
0.99801724
0.97225743
0.99826412
0.98286652
0.99832911
0.95781159
0.99628329
0.99594344
0.94687686
0.99992871
0.97186950
0.99685630
0.99623830
0.98284907
