0.21468799
0.53704535
0.25364046
0.46392535
0.09826836
0.10565969
0.56599044
0.11686375
0.29476107
0.25646054
0.13422889
0.15531508
0.15124495
0.63048137
0.28387466
0.19944925
0.56500402
0.35975087
0.23265578
0.19293008
0.49372879
0.55190195
0.25416655
0.15429763
0.07581246
0.53390576
0.52340563
0.61843344
0.38519059
0.48797444
0.19832591
0.15608351
0.28831997
0.59271359
0.29562203
0.43190015
0.37607343
0.16501936
0.60241770
0.66112454
0.36130754
0.16384653
0.24759486
0.22554236
0.16275102
0.17633276
0.34309693
0.19370644
0.26992233
0.38285456
0.32307863
0.29514650
0.22458188
0.65664076
0.20670315
0.24140386
0.21659662
0.22637088
0.74806781
0.25092702
0.17621181
0.08257180
0.14198566
0.29366041
0.07360303
0.49552304
0.21656867
0.16610227
0.23034801
0.16203890
0.25472305
0.17458545
0.24358344
0.22369901
0.23879983
0.28437030
0.31403056
0.49326457
0.23429939
0.32621847
0.33452659
0.26749605
0.13211950
0.54380247
0.18918894
0.20368588
0.17106607
0.04114491
0.16681484
0.35709677
0.70207241
0.21705157
0.15219042
0.33489163
0.20289869
0.25956703
0.41505875
0.39954209
0.13219880
0.22395240
0.16879201
0.17219364
0.61235707
0.14180505
0.14761322
0.29827128
0.67773953
0.11412741
0.17530197
0.13481684
0.35603413
0.65811956
0.24871487
0.20618542
0.27390824
0.48682271
0.11236664
0.46190389
0.27792443
0.24475467
0.36842008
0.30433177
0.28587428
0.23564513
0.16563057
0.11946516
0.34355846
0.27589414
0.45187169
0.20919659
0.44725175
0.21730631
0.18015386
0.31910013
0.10993599
0.42777097
0.19486009
0.43073944
0.12973583
0.23665586
0.25083566
0.22266151
0.17109053
0.17681476
0.69270159
0.28655998
0.19498491
0.21826035
0.17170440
0.16084975
0.63858620
0.39627551
0.68496043
0.20828850
0.16961638
0.24240204
0.23431726
0.44251763
0.48587610
0.44125218
0.44114355
0.18642868
0.08438336
0.69186890
0.16449291
0.32937630
0.31915970
0.16182157
0.44631667
0.09607284
0.19468587
0.75481832
0.11415554
0.18140551
0.16646071
0.22383965
0.39274916
0.62513360
0.12690888
0.53115592
0.56687997
0.18012642
0.15515690
0.33162293
0.27514806
0.12124002
0.09484587
0.16474425
0.23279413
0.18901021
0.19870685
0.29969097
0.08386374
0.11246506
0.15596433
0.31622148
0.13431380
0.12231561
0.18372388
0.74480604
0.63183577
0.47255847
0.16676984
0.15293339
0.30600418
0.25166057
0.38649848
0.13589596
0.23113835
0.16517887
0.16464501
0.37637638
0.61076304
0.27386809
0.17653211
0.17294141
0.31102109
0.22309706
0.14402990
0.31423629
0.57285991
0.25830797
0.16037377
0.19673697
0.23088206
0.19586344
0.09526256
0.75409371
0.43678330
0.25913026
0.25661309
0.23188143
0.74930333
0.20556384
0.68326689
0.34705104
0.35106709
0.43078154
0.15111216
0.21851622
0.15494443
0.28981014
0.23379038
0.14197220
0.11625944
0.18895681
0.06449340
0.49349463
0.30909805
0.15810610
0.37042775
0.35276668
0.61227731
0.41971268
0.37656012
0.63484178
0.18543159
0.67198523
0.23014698
0.27977454
0.17545253
0.18432360
0.14991231
0.36064199
0.07775716
0.35056413
0.60375422
0.49269443
0.57579288
0.20332156
0.24058591
0.18644368
0.36357543
0.22528256
0.25101482
0.17276273
0.39190496
0.31479508
0.22418899
0.21153550
0.11120978
0.21719999
0.11661568
0.58887020
0.42503435
0.11853179
0.24113413
0.22445608
0.10636997
0.20709102
0.38675394
0.12594737
0.09968060
0.27544287
0.32450287
0.13608816
0.19324872
0.14478820
0.17869930
0.15571253
0.14814285
0.15178528
0.10859085
0.26138531
0.37442980
0.68057453
0.16203959
0.19152535
0.17283175
0.49987737
0.68455457
0.23047610
0.17816201
0.51725983
0.50872212
0.32786854
0.26403265
0.11713634
0.16751123
0.14808782
0.50406145
0.15259308
0.19731543
0.35846377
0.25204168
0.12513039
0.10570462
0.16691644
0.29347911
0.64594259
0.09235586
0.44839671
0.15802726
0.08524305
0.23006130
0.30029624
0.28107777
0.30725855
0.55926068
0.24392293
0.49152824
0.21536073
0.14690319
0.19821619
0.14740899
0.45052139
0.18155170
0.26605095
0.32152854
0.25600885
0.39554713
0.18533478
0.15271206
0.25832294
0.17126787
0.12767699
0.20445954
0.26601472
0.16696448
0.19797965
0.26110306
0.36760146
0.53728885
0.16703083
0.24968267
0.50200116
0.67667730
0.25325777
0.06581483
0.15580955
0.22690228
0.29083161
0.19549363
0.27455956
0.13542462
0.15173128
0.58599626
0.40484047
0.72935127
0.32986809
0.21851369
0.37477415
0.32595500
0.41323282
0.30426337
0.21991584
0.44822407
0.42157197
0.46178112
0.20438356
0.18589500
0.09696410
0.47374413
0.35576633
0.59033994
0.19390699
0.22873676
0.40237883
0.22272945
0.43487045
0.13855305
0.12283468
0.30661034
0.13997728
0.67914888
0.63579653
0.40712509
0.57810469
0.55715414
0.23818743
0.12445471
0.43534250
0.19633348
0.13891475
0.26044431
0.17379026
0.32794757
0.33894030
0.33993440
0.27684655
0.44474043
0.14785507
0.10806381
0.16747421
0.15635665
0.19486500
0.22258472
0.14229728
0.60889160
0.38789122
0.22965081
0.33606743
0.17796141
0.27672054
0.57600540
0.20349688
0.38586403
0.19479369
0.33100354
0.27653338
0.62899481
0.18128732
0.16162404
0.26202449
0.66645405
0.10766522
0.21576004
0.18887948
0.26273333
0.14987397
0.49580999
0.30038324
0.45774822
0.62156198
0.15166518
0.14781484
0.38437507
0.23276062
0.14027863
0.19563762
0.15006174
0.12291507
0.28886366
0.21196871
0.18006564
0.10828830
0.19072069
0.68630980
0.16341719
0.36931879
0.14232210
0.17966825
0.32156153
0.58420858
0.14421577
0.13016035
0.31869941
0.15708188
0.34314397
0.20682579
0.08398876
0.64318720
0.51599990
0.16721944
0.24411786
0.14556371
0.22112666
0.64352487
0.66092180
0.26309483
0.52822578
0.16591303
0.18037654
0.62482542
0.14711864
0.30881974
0.52002335
0.17309727
0.15971440
0.26416174
0.18102295
0.17978232
0.39793673
0.37120819
0.09794880
0.31854874
0.17820304
0.69522507
0.27521830
0.50429351
0.11348055
0.67675105
0.24004122
0.25129769
0.19237362
0.07656023
0.63537504
0.20528960
0.10573199
0.13969005
0.20526998
0.18551017
0.31724214
0.27263584
0.46728492
0.25854993
0.26845944
0.16159600
0.24948925
0.15058511
0.10102323
0.53442051
0.43662709
0.36970197
0.41412317
0.33266775
0.23794222
0.24950352
0.07827255
0.29607669
0.18883527
0.56543043
0.31207400
0.11488787
0.31651307
0.08370474
0.16922545
0.47129273
0.16118666
0.20445285
0.14193317
0.41181881
0.25570807
0.12600970
0.47333680
0.25121714
0.57216385
0.26207627
0.25015058
0.52780658
0.37611784
0.18173183
0.27285099
0.28407538
0.40203535
0.47148950
0.33656446
0.15707484
0.15259771
0.27396773
0.33199206
0.16053392
0.17317486
0.58057007
0.46781803
0.18295016
0.49548794
0.62180047
0.26811857
0.20521734
0.24404674
0.70417332
0.35330282
0.39363872
0.16391299
0.14248665
0.26005421
0.70770406
0.36982007
0.19946809
0.12696072
0.56889135
0.70146816
0.12591203
0.26432688
0.14059550
0.23882517
0.53237604
0.26776997
0.25298199
0.52294135
0.29705042
0.21944829
0.18821563
0.37734474
0.14254564
0.22785389
0.23439667
0.17333639
0.13158665
0.37062561
0.25892723
0.10568312
0.27660039
0.18511773
0.27739602
0.38982447
0.10541819
0.32285975
0.35169095
0.23624458
0.50552436
0.27809433
0.56444459
0.16493531
0.08458492
0.21843344
0.22960655
0.23411821
0.25839660
0.12429336
0.59501699
0.22782245
0.57985522
0.21161857
0.48578782
0.34129694
0.58709016
0.68680287
0.09600407
0.21213478
0.29095343
0.38265320
0.06915509
0.55321979
0.24200470
0.53590461
0.52428022
0.41972526
0.19809745
0.29826555
0.66523617
0.61531227
0.28025171
0.18401819
0.33566117
0.33522813
0.19678850
0.33505734
0.11223540
0.19089380
0.10352370
0.22987339
0.57594774
0.36373608
0.21993213
0.22684734
0.59242882
0.58126756
0.29069871
0.24577165
0.35706355
0.21200744
0.43106107
0.73519239
0.16238989
0.27113057
0.45892458
0.24309668
0.22726746
0.26670775
0.46559725
0.32522363
0.34301590
0.42029722
0.16970312
0.13527111
0.46742180
0.24386004
0.17578432
0.16350566
0.33006941
0.28523575
0.39380462
0.57280125
0.16754950
0.58622849
0.21900166
0.55381596
0.44570141
0.11801944
0.25867780
0.09246045
0.16692457
0.27690927
0.44991319
0.21811386
0.20199854
0.15117966
0.66811390
0.14139806
0.13044174
0.57993718
0.23518966
0.06662193
0.15821668
0.22555691
0.08476423
0.65356554
0.38859022
0.32324016
0.27911325
0.12570308
0.26721911
0.63447830
0.11975523
0.22142544
0.20032187
0.61638743
0.27090114
0.13526412
0.37862064
0.13551895
0.20520608
0.34300102
0.19267403
0.19784303
0.10900752
0.44771529
0.25547667
0.20677083
0.17769618
0.50434804
0.18958308
0.19761434
0.18193736
0.20732639
0.28513408
0.10782370
0.11181129
0.28636703
0.12846548
0.20350872
0.13576482
0.12417798
0.32961865
0.13920240
0.36139856
0.32079960
0.72677135
0.50219989
0.20274709
0.21581478
0.17333718
0.51031227
0.15228010
0.41042555
0.48253532
0.61492173
0.20024308
0.61632920
0.29806702
0.32773602
0.27657557
0.63189924
0.57181950
0.28788195
0.10582613
0.22554383
0.17370749
0.14645534
0.38371141
0.35286677
0.38605828
0.68768461
0.69640600
0.07528688
0.18181732
0.34471996
0.10901243
0.40756700
0.28686366
0.66027775
0.37814378
0.21098435
0.21267671
0.49232974
0.24083773
0.29964559
0.33465170
0.47394480
0.14078205
0.16094822
0.17220490
0.20621011
0.55955202
0.06207645
0.39452840
0.44132869
0.04633568
0.12065546
0.19935061
0.44449378
0.09004291
0.10132042
0.32284920
0.14428080
0.45478770
0.30932803
0.26668047
0.44654013
0.24349563
0.14261576
0.15990736
0.30773818
0.65086406
0.17684206
0.70837414
0.42476578
0.19117460
0.25110598
0.21195126
0.38293171
0.39763925
0.35661867
0.13964456
0.18736687
0.20026132
0.44815078
0.51142940
0.66421091
0.33267740
0.13285744
0.46162370
0.17207115
0.51190573
0.23178892
0.22939629
0.72980360
0.21553058
0.20174792
0.16509224
0.16330109
0.59519710
0.18934575
0.19959998
0.12314731
0.59713231
0.15354666
0.17809002
0.20709889
0.40271070
0.17425614
0.19138183
0.43426855
0.17459363
0.20107045
0.44572948
0.21699822
0.26049717
0.46934551
0.32962995
0.37769000
0.34673623
0.47181326
0.44557331
0.19019720
0.18269621
0.18515752
0.10132012
0.42051649
0.15928512
0.13618213
0.37490812
0.61600667
0.38438729
0.28753644
0.28803521
0.16332686
0.70948296
0.08621790
0.17355650
0.22042587
0.09479153
0.17444976
0.51567146
0.16046662
0.08125810
0.43890177
0.37508327
0.51293492
0.28859363
0.18026853
0.29601027
0.18336550
0.59870900
0.28615900
0.63440931
0.24658644
0.19291708
0.22036235
0.29771493
0.29011317
0.23465909
0.11518733
0.30519587
0.26574441
0.20632649
0.75145136
0.15848459
0.46314320
0.18803562
0.33019319
0.14882718
0.11532725
0.29603721
0.34677713
0.24167052
0.40544851
0.31364844
0.18078581
0.10366572
0.17147268
0.65371433
0.65184928
0.34684220
0.11657902
0.47720243
0.54400705
0.21610174
0.29033224
0.11853876
0.61328486
0.25444438
0.40739481
0.55503068
0.18155567
0.66609379
0.18636501
0.29341638
0.21750116
0.45362882
0.39282125
0.19182145
0.09667152
0.07505682
0.22149025
0.16890048
0.10207928
0.17129005
0.21703403
0.14416663
0.32301731
0.05491049
0.28535695
0.26975184
0.18975982
0.27118456
0.69318404
0.17517976
0.14072096
0.23571040
0.20645267
0.16655541
0.63839201
0.22267833
0.26569938
0.30416950
0.64550247
0.12231222
0.15713078
0.20442930
0.32795021
0.63701309
0.14693207
0.24957356
0.14454213
0.14103807
0.14838467
0.26504838
0.20110643
0.22597825
0.14483251
0.30385482
0.17336126
0.13385666
0.26861040
0.16129569
0.12261957
0.32726821
