0.09549497
0.34970652
0.45353274
0.56364120
0.80589906
0.21212769
0.66661713
0.70850107
0.24976078
0.22215340
0.74707161
0.65461471
0.88280256
0.46033288
0.54480157
0.90944638
0.91559700
0.81662914
0.30488009
0.10423261
0.75370359
0.90399958
0.59491908
0.53601071
0.53312994
0.72865207
0.53679035
0.33938351
0.90588914
0.48770364
0.38970915
0.33582610
0.47388283
0.33892754
0.85880611
0.79686610
0.64085580
0.60203129
0.79481893
0.48560073
0.45970663
0.18633005
0.58206498
0.74711834
0.79880205
0.76633942
0.58673573
0.77241332
0.32133688
0.69130577
0.86399511
0.64340787
0.40812540
0.30388334
0.89853067
0.78355039
0.45357182
0.80127782
0.87002111
0.32227266
0.89827918
0.84522852
0.80601339
0.73103163
0.78796414
0.77058738
0.49024832
0.79744171
0.49901285
0.25158546
0.37511754
0.84433171
0.64166918
0.53019844
0.85029435
0.37499346
0.86445264
0.46030262
0.31794813
0.47080266
0.95407289
0.35779280
0.81198078
0.32085215
0.89253964
0.36994877
0.88261032
0.88334678
0.81215894
0.52528359
0.48911896
0.38546695
0.59151978
0.84008667
0.71516273
0.77838459
0.53615261
0.60660013
0.72890875
0.50785836
0.66496579
0.56164381
0.56601167
0.67283757
0.88835226
0.58060076
0.33896742
0.69688237
0.86130974
0.05546684
0.31567714
0.73660293
0.85986277
0.84621411
0.89201301
0.52278432
0.65437416
0.88279442
0.65107495
0.87788448
0.87439414
0.36729262
0.57831390
0.62565055
0.60307372
0.45314958
0.39308341
0.36352013
0.65961449
0.57601800
0.68339442
0.82744621
0.60335519
0.59821018
0.63237098
0.73401335
0.87415584
0.56741817
0.50536951
0.59732445
0.41518988
0.72038339
0.32618121
0.37905854
0.69627739
0.73891064
0.81271749
0.57857042
0.67170989
0.87752657
0.68382677
0.52850399
0.56282524
0.67848740
0.52392060
0.68444325
0.83665217
0.49054702
0.83435806
0.69435218
0.57886985
0.90928154
0.60953048
0.52256689
0.61301326
0.75898674
0.29094569
0.73610140
0.79623166
0.87760570
0.43305852
0.88643762
0.77382459
0.66520056
0.75365421
0.40042811
0.57081209
0.84111260
0.33597529
0.61070062
0.76575300
0.60307264
0.89183745
0.82118764
0.77521859
0.89577057
0.38345502
0.72825956
0.47991522
0.67711308
0.50665967
0.73434092
0.94181867
0.07516783
0.61124673
0.40348658
0.90317180
0.90864804
0.73566042
0.89576364
0.57597411
0.85712791
0.80816373
0.41613103
0.73500095
0.65445517
0.87461723
0.81857712
0.27041964
0.62361715
0.61662209
0.73225296
0.69640613
0.72339975
0.58982761
0.70873920
0.69826767
0.90854947
0.67814825
0.84823267
0.62220349
0.87055434
0.79199429
0.84090116
0.28817810
0.53135982
0.44573154
0.62991757
0.79450464
0.70809119
0.48611658
0.35394709
0.88213861
0.36196213
0.79322717
0.85010996
0.71866792
0.87438187
0.83932995
0.85382270
0.56124306
0.91832167
0.74311715
0.32946382
0.54136201
0.54563092
0.37749966
0.38680643
0.86705445
0.74764851
0.48062123
0.90482054
0.50176512
0.74060327
0.92969763
0.58934396
0.54301468
0.78884772
0.81793010
0.10159685
0.92175259
0.67892882
0.56810723
0.85637288
0.78006285
0.25933769
0.74851362
0.75142209
0.78426626
0.21298317
0.96575362
0.54540065
0.88753690
0.79274163
0.76762482
0.31892159
0.77306827
0.54542698
0.96059098
0.45413449
0.65905960
0.50106161
0.68556209
0.64281811
0.63988292
0.90360909
0.88118346
0.60048580
0.81973291
0.85472875
0.77487765
0.88551240
0.86821031
0.85517753
0.79928901
0.84285034
0.56457431
0.49011319
0.65664396
0.33862039
0.13615258
0.89012242
0.63427530
0.63021335
0.63128507
0.74027713
0.15963662
0.54152934
0.56266304
0.50450002
0.72151520
0.63708119
0.61856163
0.56924648
0.53850779
0.72097417
0.65091395
0.96888544
0.83228526
0.46166079
0.56751701
0.48891972
0.23563681
0.60196820
0.54584210
0.86656080
0.73307605
0.58606613
0.62478527
0.63376519
0.29469129
0.81974621
0.73197753
0.60864109
0.67574321
0.59407626
0.49807064
0.58609426
0.74368815
0.52650565
0.81734200
0.77123332
0.95551456
0.86370163
0.53886514
0.76200976
0.29070514
0.65117922
0.71438094
0.62025960
0.42972944
0.80268393
0.79987997
0.59269473
0.56178002
0.87231315
0.85266504
0.52246409
0.56175216
0.23657681
0.89285091
0.74311959
0.79970251
0.75184814
0.21706515
0.33282577
0.91772866
0.83207128
0.32956951
0.30424846
0.89461594
0.87148538
0.76159835
0.80799162
0.81090610
0.78199466
0.80901773
0.83553904
0.70327495
0.62797371
0.66630018
0.82202789
0.81791530
0.66710347
0.74309782
0.84749383
0.43772619
0.66130818
0.60402339
0.34754832
0.80572727
0.55049112
0.64170022
0.71495234
0.68964932
0.51698096
0.83541107
0.75365343
0.45281347
0.86157112
0.45584152
0.50077441
0.59510888
0.76783087
0.53997965
0.40504792
0.55768199
0.66202012
0.78426612
0.33349052
0.81120030
0.45228482
0.60255265
0.42208928
0.57683893
0.54327378
0.27338688
0.86764517
0.47639741
0.88331195
0.42739498
0.90783024
0.68669667
0.61584980
0.82410577
0.54606776
0.93237602
0.48713720
0.87713635
0.85277391
0.39250025
0.71447609
0.92755694
0.55488060
0.66567241
0.63129704
0.88137971
0.85224672
0.39446840
0.89362428
0.74068017
0.46098529
0.54366273
0.31259326
0.70405037
0.68241656
0.77561178
0.82235941
0.62412267
0.79112762
0.73722156
0.84639368
0.66039001
0.74672268
0.58763185
0.64022968
0.30153326
0.93991889
0.61240792
0.78693938
0.83912490
0.55104356
0.90268832
0.96143365
0.27924144
0.51124082
0.76030676
0.79751572
0.62333745
0.76433608
0.70620897
0.76093223
0.66917887
0.80994811
0.18084632
0.22732306
0.12588512
0.53021242
0.90506581
0.75741029
0.65364627
0.69961766
0.79851827
0.58336286
0.56605335
0.90696074
0.70794336
0.56548334
0.26534566
0.38396316
0.72174233
0.55879012
0.37594287
0.83322741
0.76158805
0.41567661
0.89148107
0.61518409
0.30533220
0.83556930
0.37684570
0.77448359
0.21957079
0.65994625
0.74636885
0.88453749
0.63804971
0.49952563
0.65300374
0.87026105
0.61052083
0.61792977
0.51238197
0.71566904
0.88260715
0.26401612
0.42997154
0.64163014
0.69860124
0.80854956
0.30849898
0.81342918
0.89856097
0.83576149
0.85822053
0.78719186
0.72011477
0.64994171
0.68597800
0.84670657
0.29320450
0.67149645
0.84369565
0.78734558
0.86371741
0.66316717
0.91034893
0.43641320
0.88492182
0.91450615
0.53101665
0.49312233
0.57759390
0.68132684
0.32235138
0.87592358
0.57604665
0.68719878
0.71201550
0.74086641
0.70157688
0.73543391
0.75690781
0.46796381
0.83956331
0.36597395
0.55358815
0.59009536
0.73866745
0.55916632
0.60901303
0.87819069
0.51660028
0.78885776
0.67015392
0.73325636
0.79538911
0.40367141
0.74463316
0.59235433
0.42822672
0.59347041
0.48275835
0.53190370
0.87417487
0.49814761
0.74627343
0.22845299
0.77285773
0.82106673
0.82030797
0.68513510
0.65834147
0.52225824
0.90944038
0.81127624
0.43114140
0.59098727
0.32439692
0.78385951
0.48021572
0.65971358
0.20315034
0.69412373
0.33986556
0.75193968
0.67441365
0.50894296
0.75796467
0.73307143
0.62278646
0.94314915
0.68338894
0.72907575
0.68433688
0.12762052
0.79047863
0.79448334
0.67882447
0.77590835
0.54095703
0.66506630
0.64732076
0.83358162
0.78172178
0.67476835
0.37259283
0.74195047
0.75472815
0.34799229
0.29207226
0.69680423
0.55167214
0.91192847
0.80879480
0.87325890
0.67944222
0.22238535
0.90952567
0.74169127
0.88699534
0.65246757
0.76605769
0.74788562
0.76576481
0.77044818
0.24989326
0.60197586
0.74682821
0.66264877
0.67088174
0.58204678
0.69059978
0.70256170
0.08720994
0.87345633
0.72715610
0.70845135
0.51212392
0.64893708
0.11552142
0.69413352
0.44796560
0.56141279
0.86793999
0.80902598
0.72036211
0.78964240
0.60942955
0.94520939
0.34431021
0.69080260
0.90012160
0.72904380
0.56665426
0.33770934
0.21350729
0.84014421
0.71635959
0.35070031
0.92431998
0.82162020
0.36339346
0.67982384
0.54410902
0.62651602
0.87188873
0.79628428
0.61165528
0.64673552
0.92112953
0.78081363
0.64484480
0.63535093
0.90325425
0.89119281
0.60001245
0.55776407
0.37491334
0.71125925
0.79427755
0.78024230
0.58173132
0.71033611
0.67039185
0.67015403
0.78915117
0.79142086
0.32326449
0.72244164
0.94968759
0.92255743
0.44049135
0.86579511
0.82564129
0.90035469
0.83286216
0.70374551
0.65455256
0.59892142
0.89301001
0.38522832
0.42248899
0.59841185
0.55010430
0.78907188
0.83320909
0.83603100
0.69074965
0.93760505
0.36805588
0.77407915
0.41084147
0.88457979
0.23800110
0.70064815
0.58859323
0.49246332
0.94926318
0.76264882
0.73296808
0.55940488
0.61369922
0.89266167
0.72805415
0.56079563
0.82943311
0.51012428
0.88779751
0.65193420
0.47768164
0.97114237
0.93512746
0.52471474
0.66680187
0.61781005
0.36074354
0.54688323
0.37364267
0.89152837
0.21781086
0.93095840
0.23339526
0.47762264
0.73252871
0.66958743
0.75557503
0.65690305
0.30547441
0.83787822
0.71319472
0.74615264
0.20149559
0.85122606
0.40873865
0.82699216
0.38210339
0.49620053
0.62095019
0.40022710
0.66475333
0.66271371
0.89500761
0.83177826
0.66023951
0.89467443
0.86452008
0.49453432
0.67867084
0.66311020
0.78397351
0.61077379
0.75532395
0.45732701
0.49625951
0.96442716
0.84496141
0.69011736
0.72867648
0.74055626
0.34971177
0.44924687
0.75173823
0.64385254
0.79162757
0.74448453
0.87410513
0.68613181
0.46949525
0.46452209
0.61822095
0.72944698
0.69765315
0.54837847
0.43242320
0.92660654
0.77648733
0.74841510
0.48760081
0.93202154
0.75532104
0.70049591
0.50237463
0.87404562
0.06633242
0.82814780
0.40185667
0.58532415
0.44439953
0.47305611
0.71595379
0.76992582
0.88113096
0.85217510
0.68697551
0.91618264
0.66876939
0.87073457
0.51296499
0.65515432
0.80481326
0.96249285
0.90383044
0.46005139
0.54653411
0.59836382
0.59014295
0.95112772
0.90969390
0.38606852
0.77394497
0.46304216
0.68560965
0.30753475
0.92976937
0.89945693
0.61819433
0.62736967
0.87969181
0.84945979
0.83395484
0.88166647
0.81706416
0.44338634
0.92598261
0.33804688
0.70721750
0.40899289
0.65966303
0.26781679
0.74807089
0.65563503
0.80910594
0.88118588
0.34739373
0.69071492
0.67891930
0.91759935
0.81396171
0.39454273
0.80100134
0.35062011
0.60112250
0.63977061
0.45977354
0.80955161
0.90338552
0.63331797
0.93266608
0.66428296
0.70875481
0.48546880
0.86263602
0.74634610
0.81850780
0.72579044
0.59572425
0.35874626
0.62255614
0.80663480
0.67026359
0.83294218
0.69717724
0.26838716
0.49727292
0.23574334
0.72825688
0.45753384
0.76191308
0.85140161
0.78981156
0.81969264
0.61435698
0.44928912
0.82127206
0.92821123
0.41084652
0.64551769
0.74635293
0.56998193
0.76235909
0.32352036
0.57272339
0.46757210
0.52959701
0.49506973
0.69173966
0.55963470
0.34239284
0.45443654
0.76683804
0.26201283
0.53204471
0.46743109
0.69540172
0.51539186
0.72877255
0.25972344
0.89107578
0.69555912
0.67915881
0.49218426
0.50179722
0.92126908
0.49008933
0.56381505
0.85073062
0.45780741
0.68265290
0.69319465
0.62120475
0.39435858
0.84682951
0.81939059
0.36849126
0.33814066
0.49298174
0.59611235
0.43439120
0.80919843
0.47912946
0.76550591
0.75212373
0.67998911
0.64244577
0.49486937
0.76041063
0.55112056
0.38253018
0.95062960
0.22312647
0.28061523
0.88990996
0.09502611
0.39295686
0.58414774
0.81558056
0.79494752
0.56209092
0.61335723
0.73530266
0.24418343
0.28534461
0.50334173
0.46964386
0.47983780
0.77741358
0.57063419
0.68714927
0.93458627
0.66448845
0.94248344
0.42400894
0.79333300
0.73999757
0.43266679
0.19486927
0.64154076
0.85703893
0.68486636
0.61035310
0.91631045
0.58356213
0.66616622
0.29696585
0.82808676
0.48159053
0.84978112
0.71166291
0.36057979
