0.31024643
0.46345772
0.28438271
0.33928632
0.21956076
0.42186025
0.29339337
0.34273575
0.22347213
0.25451205
0.43445903
0.39067073
0.22513727
0.21984299
0.18768966
0.10533002
0.29689313
0.49048025
0.18463457
0.21247777
0.51320995
0.30699694
0.28982001
0.18127491
0.33516112
0.23802955
0.07710365
0.18024216
0.49864523
0.38297682
0.43006754
0.60626158
0.34360805
0.32263393
0.24488973
0.25136390
0.29873400
0.12908823
0.39104659
0.21934098
0.14003102
0.51067162
0.19173478
0.12619459
0.29201291
0.24092134
0.31625760
0.33763011
0.13979595
0.36537808
0.34570148
0.55391030
0.12954404
0.27087098
0.17913806
0.30417546
0.20502630
0.14580004
0.09822199
0.15913512
0.12473530
0.17902457
0.16350994
0.15779664
0.14276729
0.37631712
0.28285203
0.50137712
0.36027476
0.35367049
0.16437133
0.22367350
0.35465154
0.17482594
0.37551223
0.32266398
0.20727597
0.24945816
0.20713821
0.41661516
0.19794383
0.35961501
0.29111894
0.30852514
0.11916942
0.20253194
0.46064493
0.51873530
0.20513656
0.23050406
0.19087962
0.31279551
0.44313451
0.14739062
0.18358348
0.14577056
0.19281997
0.47593994
0.31094548
0.13988149
0.13952725
0.33690607
0.30216962
0.49926257
0.34988040
0.37036965
0.09728503
0.52586767
0.22240280
0.29404765
0.44001177
0.22592704
0.35783652
0.13170911
0.28072755
0.19532173
0.18869165
0.16287894
0.33938148
0.21351945
0.52853114
0.32679261
0.20275389
0.29366473
0.21825676
0.12841637
0.25892222
0.21738623
0.25548797
0.41633489
0.34835941
0.26511091
0.36804572
0.47291967
0.42856431
0.17661041
0.27773915
0.25228635
0.11896028
0.09322878
0.33036182
0.29075415
0.24628192
0.34713158
0.14163658
0.16364710
0.36181364
0.32232354
0.20066974
0.19864048
0.44604172
0.19002332
0.15487454
0.28843089
0.42493632
0.21381321
0.40346757
0.51424651
0.13032563
0.21353467
0.41762041
0.17815813
0.13112633
0.29918914
0.32896478
0.33927711
0.18521508
0.32959399
0.35737085
0.40168343
0.35919260
0.19992832
0.32547720
0.14202727
0.30539229
0.18648520
0.18031745
0.54489393
0.17123026
0.50327901
0.16295753
0.15631430
0.32436178
0.32414548
0.25682308
0.33753136
0.36989505
0.31481320
0.23730331
0.64594797
0.30942408
0.54764050
0.20483313
0.42571263
0.34828462
0.19310087
0.56114357
0.11045856
0.46408615
0.28556652
0.18913871
0.21940325
0.24903758
0.09947560
0.26393052
0.34435879
0.39121796
0.51236034
0.35719672
0.48003755
0.42544474
0.22537615
0.21860323
0.38906117
0.42018109
0.43757241
0.23062916
0.43110091
0.33411581
0.37077209
0.11978153
0.41394912
0.52831590
0.33767349
0.63741345
0.24346691
0.24567036
0.18451664
0.15283685
0.29438189
0.14112349
0.21986887
0.29473361
0.40276077
0.39467223
0.51255833
0.28108535
0.39301224
0.38088851
0.22180666
0.35639845
0.46931849
0.26082066
0.27840659
0.30142343
0.33583371
0.50519989
0.22587395
0.39138167
0.27971884
0.24477164
0.33276532
0.31580142
0.17670130
0.17443881
0.37166628
0.17620278
0.25114643
0.40082783
0.40272823
0.17021419
0.37484109
0.30058045
0.20924320
0.33828069
0.37911924
0.33135898
0.11800210
0.44355456
0.20895542
0.14899807
0.25261225
0.22197080
0.29247036
0.18637791
0.45477422
0.14627553
0.38926153
0.28241669
0.33760176
0.12272348
0.14331000
0.32153386
0.21739319
0.53642038
0.10604298
0.32021014
0.24766778
0.12689497
0.24335946
0.36914980
0.39764111
0.12468495
0.26394364
0.35463759
0.13633970
0.40336395
0.47808067
0.26429994
0.44624306
0.31195807
0.28501941
0.22118501
0.23190009
0.14176746
0.06816552
0.26232434
0.16407093
0.49274851
0.35312582
0.26005648
0.46709898
0.13888694
0.33430402
0.40143756
0.47349000
0.32513555
0.44118365
0.24593766
0.42496678
0.20945657
0.21946368
0.09831568
0.41734485
0.56435268
0.23959615
0.47636698
0.23863308
0.58547909
0.19673840
0.45165130
0.15071754
0.18045683
0.42743255
0.32617434
0.39722317
0.43437325
0.39293093
0.14319193
0.21430105
0.27597825
0.24637699
0.40600093
0.26717347
0.15505240
0.13222995
0.34116552
0.49517491
0.44788710
0.48629633
0.42846621
0.15359440
0.35729609
0.30501492
0.35729090
0.41937205
0.54407383
0.33027636
0.27130496
0.24348356
0.11625456
0.18256968
0.09213394
0.19501026
0.34847597
0.26725791
0.24810601
0.23237504
0.33546069
0.39125814
0.22335129
0.25175386
0.13502934
0.37842637
0.42989558
0.14990248
0.40803250
0.12428101
0.18112144
0.58679353
0.54967960
0.24107182
0.36285124
0.27212721
0.17325230
0.41911234
0.12523122
0.26786058
0.39502503
0.26515845
0.21083055
0.40017143
0.12677168
0.31664693
0.21857432
0.42725511
0.29987200
0.12652462
0.57001602
0.45999823
0.40495571
0.46570092
0.07825963
0.20807047
0.25437957
0.36092303
0.20830972
0.28064022
0.16187679
0.25374723
0.43490709
0.37618226
0.14643512
0.39272120
0.17711813
0.21726031
0.16801046
0.20521397
0.40098995
0.26966401
0.27615989
0.41016984
0.38984460
0.10883061
0.58398567
0.22222270
0.18487100
0.25358006
0.15258192
0.42171034
0.11323944
0.07926611
0.46007967
0.16431464
0.15530113
0.49126662
0.48951596
0.45910937
0.43295594
0.38598670
0.31187815
0.11837779
0.33321723
0.18946487
0.32409754
0.22476913
0.28879816
0.29607878
0.10992325
0.57918329
0.14185762
0.32718304
0.26793313
0.56009480
0.30889763
0.49588233
0.37154467
0.42339227
0.10902477
0.28560279
0.15009530
0.32132068
0.29898765
0.58624719
0.37676175
0.29730272
0.27904904
0.19533311
0.22143181
0.22658489
0.19362432
0.37003244
0.43559243
0.09896850
0.16322757
0.49219365
0.20483037
0.15430223
0.45746638
0.13658948
0.13890493
0.54668792
0.46737180
0.15113370
0.33022569
0.46539751
0.32158456
0.18751370
0.18680530
0.46326189
0.12884807
0.49827854
0.33344049
0.33611198
0.17167968
0.22884338
0.42164868
0.39138049
0.31243197
0.20351798
0.23912115
0.54219450
0.28738638
0.21168810
0.32774039
0.21617753
0.30321428
0.30899467
0.46094290
0.39445834
0.15600219
0.30624139
0.43292557
0.57829502
0.17142106
0.19688859
0.33466369
0.25371927
0.38714430
0.23054934
0.14431280
0.39659758
0.17042206
0.15020082
0.22797341
0.15355095
0.14751192
0.16945863
0.23717699
0.52083529
0.15335855
0.17245315
0.27163240
0.26157815
0.22068052
0.30063053
0.17617647
0.15514104
0.62295518
0.19487336
0.08900930
0.36333888
0.22724168
0.47037782
0.55921851
0.28943221
0.17350853
0.17828495
0.26707121
0.22648604
0.33293987
0.19501632
0.32314396
0.11139685
0.49948191
0.19829718
0.36150074
0.49239704
0.44020873
0.56909626
0.17858895
0.16665722
0.18661468
0.16986822
0.53474603
0.16521834
0.28628388
0.43935187
0.26217722
0.32494753
0.23352108
0.18141959
0.12583171
0.34500111
0.29762869
0.52911961
0.56563249
0.20776557
0.45607589
0.46335540
0.21830907
0.33580815
0.22305976
0.38334461
0.19474718
0.17726103
0.42299780
0.24538766
0.10378389
0.38654441
0.33241664
0.49578941
0.47994166
0.36257827
0.42205689
0.24004521
0.32105465
0.33428811
0.13245732
0.20163393
0.29778794
0.18147093
0.50115033
0.26423062
0.39797427
0.34246207
0.30556335
0.25492721
0.54275978
0.40186356
0.16646829
0.23674007
0.50716635
0.36465002
0.32207290
0.39365627
0.39448028
0.33801435
0.31238154
0.21946493
0.19607475
0.31791187
0.12269467
0.30962274
0.48468559
0.16175202
0.34156799
0.28772305
0.43985005
0.15863282
0.36928689
0.27641709
0.20574093
0.35692119
0.09772214
0.20363712
0.38128441
0.21789561
0.20553196
0.12388821
0.38365565
0.13870203
0.25469190
0.20966883
0.36270631
0.09656040
0.42705326
0.32462296
0.40366337
0.48046078
0.27452897
0.26771181
0.12869370
0.33859158
0.27876758
0.44766798
0.27320881
0.18272106
0.41820328
0.53570936
0.20667060
0.21631840
0.16232425
0.26839257
0.27701718
0.12086424
0.27080721
0.40340526
0.14072475
0.16997201
0.14716843
0.17562435
0.22739054
0.50035538
0.29532765
0.29349553
0.51532411
0.20911470
0.12913488
0.18356297
0.12568962
0.41691715
0.37609371
0.22840840
0.55776463
0.11183024
0.10440039
0.36383490
0.15688640
0.26427901
0.27028128
0.07567809
0.12820501
0.38761915
0.28406325
0.36190160
0.19716719
0.46104066
0.25609856
0.35337085
0.15326835
0.13689066
0.09963468
0.11173281
0.21753949
0.40488831
0.33036155
0.10429617
0.38288190
0.17427406
0.15903827
0.07685444
0.12723709
0.26137937
0.19064613
0.32284651
0.08849423
0.23832004
0.26657519
0.26585451
0.41826418
0.17056019
0.19759352
0.53148644
0.15278897
0.15988767
0.10623706
0.18262297
0.35846156
0.13937767
0.35075162
0.26411504
0.40431775
0.24352182
0.23901086
0.31750363
0.18405840
0.21038676
0.41673654
0.23684627
0.36318182
0.19743485
0.49139009
0.20499362
0.44301912
0.31124063
0.23522470
0.29812146
0.31141954
0.38337783
0.41601022
0.25197445
0.17822258
0.15531548
0.40691600
0.32476611
0.16548390
0.24864256
0.37030833
0.08408601
0.20606989
0.33333705
0.19639100
0.33320807
0.32830671
0.23782666
0.27278214
0.17990562
0.39612837
0.24922135
0.18153942
0.22304261
0.37781576
0.12884360
0.42461350
0.25741091
0.36936794
0.21376276
0.26204374
0.28117925
0.34816307
0.36473590
0.25225782
0.44465807
0.58670411
0.44393003
0.30033676
0.21534840
0.42069097
0.09671859
0.22999976
0.45137655
0.20715106
0.18876288
0.50581055
0.21075824
0.18692751
0.25992679
0.44139509
0.10291894
0.36524991
0.52726713
0.25148518
0.28663711
0.17208838
0.47086763
0.20441040
0.15368660
0.21254399
0.50725060
0.12235216
0.25604417
0.28042404
0.19472770
0.51301794
0.18759164
0.30487795
0.61536857
0.11015265
0.22562243
0.46722003
0.44064768
0.37582758
0.44793321
0.22629913
0.28743727
0.40927149
0.33499640
0.21020440
0.24038229
0.30335226
0.24044609
0.51312374
0.28206300
0.34500122
0.46948724
0.12952424
0.10961189
0.29290908
0.16200091
0.29538338
0.20874015
0.34804631
0.29742410
0.23138945
0.33225152
0.15842556
0.11498634
0.48486724
0.26522388
0.22499929
0.38326966
0.20399514
0.48978383
0.28716722
0.25880875
0.26674678
0.47913356
0.53745610
0.41222237
0.58045902
0.26781674
0.30800283
0.38395261
0.39547905
0.39303385
0.45318406
0.37321509
0.27200431
0.14781534
0.24697735
0.26199278
0.27177145
0.50190159
0.15914338
0.07649596
0.24254554
0.37886818
0.11625954
0.17281040
0.38172586
0.17033398
0.54038721
0.10204731
0.18988629
0.36854107
0.14147730
0.44537933
0.27517208
0.09985496
0.16346039
0.24686072
0.18884790
0.31931798
0.22083181
0.24596058
0.21716704
0.47986691
0.15396561
0.37788594
0.38461968
0.49285370
0.44146734
0.20125481
0.26773165
0.27652772
0.19449739
0.25916867
0.30628280
0.28857021
0.39461622
0.47526411
0.25423239
0.27456029
0.28694568
0.21509414
0.37500174
0.36783681
0.18591875
0.12183383
0.39420076
0.29503022
0.25814261
0.22646824
0.17728247
0.33851920
0.17640585
0.24439404
0.15448268
0.32334027
0.23174715
0.51457983
0.15142284
0.44200750
0.26245194
0.24968644
0.28630910
0.17520830
0.22702367
0.30467592
0.22059779
0.46167492
0.20574253
0.41625955
0.14137750
0.12950319
0.22100737
0.23065772
0.31752010
0.36648394
0.32321614
0.24438528
0.20941944
0.36089614
0.17794737
0.28161447
0.20895990
0.15382470
0.15333543
0.60135172
0.37456348
0.26286721
0.17534594
0.23564142
0.24230204
0.47777560
0.11722393
0.18297210
0.44298521
0.17340287
0.13959613
0.15098480
0.14638582
0.33047707
0.08132044
0.27111734
0.51120819
0.09927532
0.34679097
0.20324038
0.35069676
0.13222399
0.23743404
0.32104822
0.34794471
0.26466094
0.21757055
0.33086552
0.45783064
0.22004861
0.36900673
0.23997138
0.40936949
0.07208341
0.12671039
0.21501086
0.27865525
0.32590294
0.45543415
0.14368812
