0.71448421
0.09674588
0.22283543
0.00075730
0.23767755
0.47321521
0.39257291
0.71448421
0.12200680
0.71448421
0.21388301
0.13587323
0.08949133
0.71448421
0.71448421
0.57846044
0.44900926
0.71448421
0.71448421
0.22730783
0.23193667
0.04988967
0.23656176
0.03011115
0.13681407
0.17757137
0.71448421
0.32617583
0.31746635
0.02581919
0.03877331
0.01442691
0.11599207
0.71448421
0.24564002
0.11476364
0.57543656
0.01291811
0.58845236
0.71448421
0.11922555
0.29746474
0.04514204
0.01642831
0.07520537
0.39105025
0.71448421
0.06821305
0.38312258
0.71448421
0.18492301
0.01711842
0.15258284
0.23560517
0.01634285
0.09719349
0.02401178
0.10319669
0.01808557
0.71448421
0.01952926
0.16004064
0.30012875
0.39926572
0.71448421
0.71448421
0.27528199
0.14152809
0.01703154
0.44177913
0.22938327
0.49152804
0.27717581
0.18620231
0.32244625
0.44946090
0.48822676
0.37884681
0.71448421
0.11629948
0.00077870
0.32368995
0.71448421
0.00050543
0.40534064
0.71448421
0.20652382
0.04270271
0.00468636
0.36491472
0.14326042
0.71448421
0.71448421
0.38586866
0.08005007
0.71448421
0.43559720
0.02342018
0.05832467
0.09111030
0.12650521
0.01659978
0.71448421
0.08641698
0.15686414
0.30560621
0.25406459
0.71448421
0.21692142
0.13164816
0.06437253
0.30466791
0.41640575
0.24516266
0.34444710
0.51658660
0.00284387
0.49752980
0.55250731
0.08554268
0.24627642
0.00723368
0.09007938
0.20428349
0.41807082
0.17677282
0.00103293
0.07861805
0.00146349
0.05001652
0.19996250
0.71448421
0.00895043
0.71448421
0.30482432
0.48252369
0.71448421
0.32602052
0.71448421
0.09510794
0.71448421
0.14815253
0.71448421
0.71448421
0.71448421
0.38586866
0.41988661
0.52874814
0.30325993
0.21372307
0.05687117
0.06301492
0.71448421
0.01467134
0.37257663
0.00245907
0.71448421
0.11845454
0.04197926
0.05555872
0.52048936
0.06126148
0.04489621
0.30670053
0.11017459
0.35138681
0.03065053
0.23416997
0.00002291
0.00054098
0.11999725
0.20732389
0.10485844
0.24993390
0.71448421
0.06478127
0.71448421
0.01111176
0.10138908
0.09377173
0.00047106
0.16115337
0.04976291
0.25612833
0.41504299
0.23050052
0.50518178
0.21324324
0.14720456
0.11017459
0.25406459
0.01103897
0.00797712
0.00245907
0.71448421
0.71448421
0.17278208
0.33903893
0.02490943
0.18060690
0.33965749
0.13305488
0.31902345
0.26880346
0.71448421
0.71448421
0.30044201
0.47261447
0.05386553
0.71448421
0.06505414
0.17868953
0.43001299
0.71448421
0.24643551
0.20092274
0.01170127
0.25819098
0.30857559
0.05542795
0.19500141
0.42351621
0.71448421
0.26880346
0.71448421
0.71448421
0.24261588
0.16147138
0.71448421
0.11860869
0.04102082
0.71448421
0.45728532
0.71448421
0.71448421
0.38769826
0.03576593
0.01617245
0.03273045
0.45322357
0.47141292
0.21500253
0.71448421
0.21276338
0.34228496
0.13665722
0.45608204
0.71448421
0.02008170
0.49782988
0.13995500
0.18556264
0.20828394
0.71448421
0.71448421
0.07933334
0.71448421
0.44072410
0.24341190
0.02036014
0.02777862
0.26041105
0.51373501
0.00276484
0.23974908
0.00220526
0.26864530
0.41337687
0.30419866
0.04875233
0.35431237
0.46089421
0.05270214
0.71448421
0.16624578
0.26152060
0.02946838
0.41928142
0.00567904
0.28001451
0.04137941
0.71448421
0.41140704
0.37181121
0.08627114
0.48387453
0.71448421
0.04501908
0.20140286
0.08875736
0.28111779
0.11522408
0.39789764
0.12324564
0.71448421
0.26643024
0.71448421
0.09243916
0.22155709
0.34321178
0.13712784
0.00735538
0.40260800
0.35954099
0.23624292
0.71448421
0.49692964
0.09928731
0.14657287
0.32384538
0.71448421
0.25342937
0.19596158
0.42381856
0.00699295
0.36230571
0.11814633
0.08220878
0.01508239
0.05965473
0.31107387
0.23034093
0.10819507
0.01207616
0.29008764
0.71448421
0.43348488
0.41064919
0.10274427
0.19004122
0.08861072
0.71448421
0.01634285
0.00369035
0.51298464
0.31824500
0.71448421
0.01147871
0.36015557
0.01046392
0.44343670
0.03273045
0.71448421
0.31917911
0.15876955
0.01862188
0.03173930
0.71448421
0.71448421
0.29385684
0.71448421
0.71448421
0.16194846
0.71448421
0.04209956
0.12076962
0.30012875
0.71448421
0.00264822
0.35446627
0.05700289
0.04318717
0.12915158
0.71448421
0.21692142
0.21580211
0.34845857
0.22954289
0.07266924
0.71448421
0.00317029
0.07126930
0.17342036
0.07140899
0.24388945
0.40852653
0.12355561
0.71448421
0.05912173
0.03818875
0.00962589
0.02450897
0.00623545
0.24977495
0.00519817
0.28442539
0.71448421
0.05859003
0.18524281
0.15543611
0.00346925
0.01642831
0.71448421
0.71448421
0.20524366
0.71448421
0.71448421
0.59284954
0.23911178
0.47817035
0.71448421
0.71448421
0.03795575
0.00816790
0.35585107
0.71448421
0.52769676
0.14137071
0.38724094
0.04563495
0.71448421
0.01330853
0.29934546
0.34182145
0.10093805
0.41549729
0.46375029
0.07704960
0.71448421
0.15289968
0.01566555
0.10470719
0.30466791
0.71448421
0.07976321
0.71448421
0.26152060
0.23448894
0.34768753
0.71448421
0.29824851
0.71448421
0.29652395
0.00164319
0.09273496
0.71448421
0.16815761
0.58860392
0.16656434
0.00338257
0.01418416
0.17150581
0.05978819
0.44313535
0.21212355
0.08510623
0.09719349
0.01354507
0.36660182
0.05218744
0.23273438
0.02254319
0.71448421
0.35738905
0.51733707
0.13650038
0.71448421
0.71448421
0.31185416
0.10078778
0.71448421
0.46630506
0.31668750
0.00333961
0.00003116
0.71448421
0.71448421
0.71448421
0.15829305
0.71448421
0.71448421
0.15924613
0.06410040
0.71448421
0.01608752
0.12092417
0.22171689
0.71448421
0.01140492
0.22347452
0.06220401
0.18172563
0.37899960
0.71448421
0.14609926
0.26278824
0.00928553
0.42850280
0.01880201
0.12510694
0.15876955
0.11953415
0.27496625
0.21596202
0.71448421
0.19308118
0.09779090
0.44313535
0.08773187
0.16720156
0.39333403
0.06642290
0.12278089
0.19612161
0.55356146
0.00010681
0.05832467
0.02746579
0.12603891
0.07947657
0.00003116
0.18524281
0.06450870
0.25279405
0.49933026
0.50338129
0.00969459
0.04612950
0.24404862
0.31466155
0.71448421
0.71448421
0.71448421
0.02054659
0.35077056
0.37594250
0.39789764
0.14483694
0.03576593
0.06711000
0.24532178
0.23799630
0.71448421
0.02421020
0.17373954
0.03542417
0.03000369
0.32602052
0.08670882
0.30763820
0.23576462
0.01089400
0.34691630
0.20972390
0.36644848
0.71448421
0.29809177
0.71448421
0.31029338
0.36322677
0.71448421
0.71448421
0.22954289
0.04477346
0.71448421
0.48027208
0.00009110
0.29511224
0.29636713
0.23385098
0.71448421
0.12993116
0.64400622
0.35800403
0.02254319
0.27828004
0.00217005
0.51613632
0.71448421
0.71448421
0.04477346
0.35092463
0.71448421
0.28300826
0.06862785
0.01362430
0.71448421
0.08978526
0.71448421
0.21116374
0.08934444
0.10652462
0.26896162
0.71448421
0.71448421
0.40017752
0.55280848
0.22363428
0.71448421
0.71448421
0.18860148
0.71448421
0.45623246
0.17565507
0.21548228
0.09125777
0.12821681
0.56833719
0.49963033
0.00086716
0.01394310
0.30716940
0.15972281
0.10033722
0.24134196
0.06904328
0.06573761
0.20524366
0.11124281
0.71448421
0.71448421
0.21276338
0.00699295
0.35154085
0.37854120
0.09052092
0.17326078
0.10713157
0.23353198
0.08831757
0.71448421
0.71448421
0.02215748
0.20060266
0.15607068
0.41367984
0.02177429
0.16529029
0.46600453
0.28505502
0.71448421
0.00210044
0.71448421
0.37685991
0.71448421
0.71448421
0.16004064
0.71448421
0.71448421
0.35246496
0.18588247
0.05885571
0.02302886
0.57377418
0.23448894
0.18492301
0.13571649
0.04501908
0.05753060
0.03599439
0.20348333
0.03959656
0.07085060
0.36291978
0.30216438
0.45201971
0.46915972
0.15861071
0.16147138
0.11583841
0.11017459
0.21708131
0.07001503
0.05595155
0.01370372
0.17118680
0.71448421
0.03691307
0.33021105
0.12837255
0.21276338
0.01338719
0.47591821
0.12154266
0.09362348
0.71448421
0.16544952
0.00227646
0.18108633
0.00063496
0.71448421
0.71448421
0.71448421
0.00143450
0.12293578
0.18972127
0.00017147
0.38937462
0.71448421
0.23321295
0.09853859
0.71448421
0.17693252
0.17868953
0.01755543
0.71448421
0.00042171
0.37854120
0.57634354
0.43439026
0.71448421
0.71448421
0.71448421
0.04875233
0.00075730
0.16465346
0.11629948
0.00164319
0.41140704
0.50338129
0.03000369
0.06669752
0.25088751
0.24134196
0.30012875
0.71448421
0.71448421
0.71448421
0.71448421
0.71448421
0.23512681
0.10229220
0.26152060
0.50008044
0.07990661
0.71448421
0.71448421
0.01450820
0.16194846
0.00473647
0.00113387
0.11507057
0.46765736
0.34892110
0.00766350
0.71448421
0.71448421
0.71448421
0.48447488
0.06072462
0.16672363
0.11583841
0.29746474
0.27354506
0.25247636
0.19852215
0.15670542
0.39744151
0.02872472
0.21244347
0.23034093
0.14389084
0.18124615
0.02663786
0.71448421
0.10865138
0.32446701
0.71448421
0.62360982
0.71448421
0.71448421
0.00009110
0.24341190
0.56004050
0.15020818
0.71448421
0.04749788
0.00113387
0.06233897
0.57649472
0.00073619
0.35615873
0.02612510
0.10804304
0.32974572
0.14878479
0.20620379
0.04774798
0.71448421
0.04137941
0.71448421
0.00942105
0.58981654
0.20412346
0.71448421
0.21596202
0.07112967
0.42170173
0.45818767
0.08743932
0.71448421
0.01011114
0.07393473
0.10637297
0.40807154
0.09140528
0.71448421
0.25009285
0.05360637
0.05477540
0.09096289
0.17677282
0.25009285
0.17054887
0.71448421
0.05296004
0.47862074
0.71448421
0.00419861
0.34491023
0.10470719
0.12977520
0.29228689
0.35030830
0.00855531
0.08336518
0.03119325
0.71448421
0.17757137
0.15289968
0.46420117
0.20892394
0.00253395
0.16131237
0.71448421
0.71448421
0.37089248
0.19308118
0.01989689
0.26864530
0.17693252
0.28363817
0.34135787
0.71448421
0.15353350
0.41807082
0.00199803
0.05296004
0.54799117
0.29244392
0.71448421
0.24197896
0.17629376
0.18332415
0.71448421
0.34491023
0.38174877
0.51478555
0.37150500
0.00005140
0.30623158
0.13555977
0.16194846
0.71448421
0.06505414
0.71448421
0.01703154
0.71448421
0.21836034
0.08773187
0.39089795
0.41822216
0.71448421
0.71448421
0.39120254
0.30138160
0.03900795
0.03725956
0.24134196
0.48177318
0.30122502
0.08963827
0.71448421
0.06738533
0.17533576
0.10003705
0.45623246
0.40124103
0.35477406
0.36245924
0.29511224
0.04938322
0.02861904
0.71448421
0.16019958
0.05103476
0.37502486
0.24500353
0.31216622
0.24420778
0.36000194
0.02480909
0.27496625
0.14042675
0.12619432
0.19500141
0.01625756
0.44720241
0.36706179
0.03273045
0.29605345
0.00180043
0.00888404
0.71448421
0.01862188
0.00629236
0.25168201
0.37441296
0.16353933
0.35107870
0.28080261
0.01053509
0.04477346
0.07112967
0.00115981
0.01558170
0.28521241
0.31357010
0.71448421
0.11522408
0.00333961
0.31481744
0.20412346
0.38510606
0.14404848
0.32477777
0.27828004
0.71448421
0.71448421
0.35631254
0.31247825
0.14941727
0.10078778
0.04030666
0.21612193
0.22986212
0.71448421
0.03075881
0.10093805
0.31169812
0.45728532
0.34984596
0.29369989
0.25072859
0.09585181
0.42003789
0.11737631
0.08612534
0.31357010
0.23656176
0.14263026
0.41701129
0.00875191
0.22091784
0.18892141
0.49047766
0.14404848
0.39485581
0.17437796
0.19868218
0.71448421
0.71448421
0.18380377
0.05660800
0.27433469
0.71448421
0.02302886
0.69596909
0.09629865
0.03119325
0.71448421
0.00020375
0.71448421
0.10093805
0.10153950
0.27622904
0.47261447
0.71448421
0.29150162
0.71448421
0.54317677
0.71448421
0.07085060
0.03152049
0.07648104
0.71448421
0.07224857
0.71448421
0.38739339
0.16194846
0.71448421
0.25628704
0.71448421
0.14752050
0.06437253
0.05464515
0.18060690
0.39744151
0.17725194
0.71448421
