0.38721708
0.38721708
0.33034088
0.99860679
0.38721708
0.38721708
0.11640500
0.38721708
0.98359047
0.24228842
0.25310907
0.99996904
0.88318389
0.99823547
0.39878600
0.64327218
0.38721708
1.00000000
0.30104979
0.38721708
0.34991603
0.87736595
0.38721708
0.38721708
0.38721708
0.90789627
0.38721708
0.51882734
0.84907849
0.38721708
0.95230572
0.99398366
0.14955721
0.15013641
0.49645349
0.51455467
0.96140035
0.51803239
0.38721708
0.38721708
0.38721708
0.38721708
0.38721708
0.52038745
0.99998765
0.15071727
0.42959129
0.27246110
0.38721708
0.38721708
0.99904348
0.55629679
0.50509044
0.98564673
0.15961854
0.93089011
0.38721708
0.38721708
0.72289944
0.38721708
0.38721708
0.38721708
0.21299990
0.52804359
0.99682429
0.48126101
0.38721708
0.99302567
0.10898830
0.56118590
0.38721708
0.99997073
0.99921304
0.51793610
0.50653328
0.22889275
0.38721708
0.97073824
0.38721708
0.38721708
0.38721708
0.26594011
0.16265897
0.50471472
0.38721708
0.48726439
0.96140035
0.78121101
0.38721708
0.55279410
0.96140035
0.38721708
0.40467639
0.58672943
0.32193439
0.24189482
0.99999065
0.99999999
0.38721708
0.99661007
0.38721708
0.91891667
0.95586659
0.80264007
0.38721708
0.38721708
0.38721708
0.38721708
0.99635239
0.99969635
0.52519050
0.38721708
0.99997462
0.26811078
0.38721708
0.99998341
0.22804119
0.38721708
0.38721708
0.38721708
0.38721708
0.98977312
0.38721708
0.21020815
0.99997606
0.99421895
0.38721708
0.74440050
0.38721708
0.38721708
0.38721708
0.38721708
0.51735413
0.12173027
0.20004042
0.49896741
0.34621935
0.38721708
0.99344158
0.99349227
0.38721708
0.38721708
0.99779453
0.38721708
0.45032058
0.45088184
0.38721708
0.99970138
0.38721708
0.36929920
0.38721708
0.52076125
0.99579405
0.33488871
0.97245631
0.38721708
0.38721708
0.95469996
0.98912893
0.50966120
0.38721708
0.38721708
0.38721708
0.91425896
0.38721708
0.16949467
0.38721708
0.51854592
0.38721708
0.83408250
0.22261495
0.38721708
0.38721708
0.98651834
0.29747426
0.34693693
0.54011453
0.38721708
0.38721708
0.38721708
0.38721708
0.19630203
0.38721708
0.99999332
0.99951990
0.40851898
0.18026786
0.38721708
0.64778220
0.99999099
0.38721708
0.30467119
0.89227661
0.38721708
0.18514247
0.50683609
0.86599885
0.56605756
0.50015336
0.45768810
0.51882734
0.95682338
0.31680615
0.85929160
0.38721708
0.86286647
0.35292487
0.99998443
0.38721708
0.17071847
0.36216574
0.48036675
0.86908862
0.38721708
0.48380205
0.44984969
0.38721708
0.39308345
0.38721708
0.99614986
0.32241443
0.38721708
0.38721708
0.15265541
0.38721708
0.64778220
0.24086991
0.74050390
0.38721708
0.16449957
0.94551660
0.99997312
0.38721708
0.38721708
0.51209917
0.38721708
0.93931990
0.38721708
0.21903709
0.38721708
0.96210108
0.50887079
0.38721708
0.38721708
0.99960667
0.38721708
0.99983454
0.38721708
0.38721708
0.26128959
0.97933681
1.00000000
0.91834339
0.10705255
0.86009068
0.38721708
0.38721708
0.38721708
0.55979078
0.51769778
0.38721708
0.38721708
0.89021791
0.80697487
0.12418079
0.38721708
0.93593433
0.38721708
0.99999985
0.38721708
0.49366043
0.49455942
0.38721708
0.38721708
0.23592030
0.38721708
0.99994640
0.90974322
0.99995730
0.64713936
0.38721708
0.38721708
0.63025815
0.53799096
0.38721708
0.99904348
0.21501498
0.92423627
0.97383423
0.38721708
0.38721708
0.38127249
0.38721708
0.38721708
0.38721708
0.38721708
0.38721708
0.57781373
0.38721708
0.38721708
0.38721708
0.38721708
0.38721708
0.20744647
0.34842634
0.46944071
0.99976941
0.38721708
0.40508622
0.98510508
0.38721708
0.38721708
0.93884352
0.38721708
0.38721708
0.99989147
0.18615633
0.95003885
0.12265884
0.38721708
0.38721708
0.38721708
0.10428214
0.38721708
0.70056506
0.94813222
0.92285851
0.38721708
0.11426016
0.38721708
0.92230299
0.38721708
0.38721708
0.71359507
0.39614690
0.38721708
0.77136874
0.55139062
0.99999988
0.99945176
0.99479929
0.50746685
0.99781722
0.45716551
0.38721708
0.42054176
0.38721708
0.48942018
0.28567363
0.43738032
0.19668979
0.50219771
0.37661377
0.38721708
0.21157616
0.12544959
0.38721708
0.38721708
0.50212522
0.35680746
0.97529444
0.78882034
0.49786055
0.99661007
0.38721708
0.38721708
0.98013102
0.14399773
0.51671371
0.59150259
0.34502234
0.59963893
0.38721708
0.50436862
0.38721708
0.38721708
0.38721708
0.38721708
0.38721708
0.38272589
0.99383918
0.38721708
0.42944631
0.38721708
0.98299562
0.98783394
0.15841220
0.38721708
0.38721708
0.72749637
0.15482837
0.38721708
0.38721708
0.89731971
0.99996729
0.85280312
0.38721708
0.38721708
0.38721708
0.38721708
0.38721708
0.38721708
0.38721708
0.86247193
0.38721708
0.38721708
0.38721708
0.20542330
0.93191865
0.38721708
0.38721708
0.38721708
0.38721708
0.38721708
0.85444122
0.38721708
0.38721708
0.10857368
0.49366043
0.38721708
0.34059833
0.68359593
0.38721708
0.38721708
0.38721708
0.85929160
0.38721708
0.71476611
0.38721708
0.93860442
0.83496128
0.34221341
0.99694210
0.38721708
0.38721708
0.99719532
0.09716253
0.86677529
0.54717204
0.26984299
0.38721708
0.33117178
0.99980406
0.09930376
0.39103847
0.96122382
0.32825586
0.99999928
0.99998393
0.38721708
0.99927404
0.38721708
0.24581360
0.87213580
0.99993187
0.45740101
0.38721708
0.38721708
0.38721708
0.49790749
0.38721708
0.38721708
0.99999999
0.42232829
0.50067475
0.48572824
0.38721708
0.38721708
0.38721708
0.18311568
0.39000966
0.45382054
0.99952705
0.38721708
0.38721708
0.38721708
0.99928385
0.32834826
0.38721708
0.97657233
0.30371397
0.38721708
0.38721708
0.51968812
0.38721708
0.24091224
0.38721708
0.33503311
0.88461186
0.38721708
0.38721708
0.99631919
0.38721708
0.19173593
0.34422206
0.52093018
0.99999976
0.38721708
0.65990297
0.38721708
0.38721708
0.52025648
0.99999965
0.38721708
0.38721708
0.83364211
0.20795198
0.50941580
0.38721708
0.99958137
0.31594535
0.38721708
0.99996051
0.38721708
0.99983454
0.50788269
0.44007388
0.95391094
0.38721708
0.38721708
0.99697104
0.79727093
0.67990489
0.38721708
0.47916283
0.38721708
0.97450511
0.38721708
1.00000000
0.99521581
0.38721708
0.38721708
0.18058438
0.36556255
0.18514247
0.47151456
0.78274428
0.52041444
0.38721708
0.51802469
0.99799252
0.31809409
0.99999065
0.97301329
0.38721708
0.19680927
0.09752984
0.49150165
0.38721708
0.38721708
0.38721708
0.52081575
0.38721708
0.85115438
0.38721708
0.38721708
0.14442180
0.38721708
0.38721708
0.38721708
0.38721708
0.99388762
0.23102663
0.28613250
0.46133445
0.98934679
0.38721708
0.38721708
0.38721708
0.50869181
0.38721708
0.38721708
0.96140035
0.38721708
0.38721708
0.55909269
0.15314278
0.26305073
0.99986122
0.13837211
0.38721708
0.94813222
0.38421758
0.99983135
1.00000000
0.99991058
0.52059374
0.26232927
0.38721708
0.99998493
0.99998923
0.99999897
0.44219786
0.40175017
0.38721708
0.52083490
0.78882034
0.38721708
0.38721708
0.32612210
0.41904014
0.38721708
0.38721708
0.57021909
0.94639785
0.45740101
0.38721708
0.38721708
0.37443701
0.82333122
0.38721708
0.14974425
0.80264007
0.38721708
0.99403126
0.38721708
0.38721708
0.10552302
0.51959290
0.38721708
0.50768592
0.10643134
0.99593915
0.38721708
0.48942018
0.40338054
0.52011158
0.38721708
0.38721708
0.38721708
0.36593765
0.09628710
0.63222219
0.38721708
0.38721708
0.16349731
0.38721708
0.91602477
0.10351820
0.11310618
0.38721708
0.32657985
0.99999996
0.44711531
0.32538030
0.38721708
0.38721708
0.38721708
0.38721708
0.92747882
0.14974425
0.42816200
0.38721708
0.38721708
0.40370520
0.38721708
0.25657093
0.99873150
0.99805547
0.38721708
0.38721708
0.99871639
0.38721708
0.73091962
0.38721708
0.38721708
0.38721708
0.97632049
0.96660845
0.38721708
0.28850489
0.38721708
0.38721708
0.19833074
0.90508210
0.96381540
0.51188307
0.98426582
0.38721708
0.25585286
0.51980837
0.38721708
0.99604554
0.99421895
0.38721708
0.38721708
0.96676805
0.38721708
0.38721708
0.51124833
0.38721708
0.99999783
0.38721708
0.95107786
0.38721708
0.38721708
0.94961921
0.99999999
0.91718919
0.38721708
0.38721708
0.38721708
0.38721708
0.39409962
0.44428725
0.38721708
0.38721708
0.45253258
0.38721708
0.38721708
0.38721708
0.51234594
0.41353751
0.36254502
0.15482837
0.09838301
0.19869773
0.09453133
0.83320107
0.38721708
0.42930636
0.51592857
0.23548819
0.38721708
0.38721708
0.38721708
0.50476075
0.17856156
0.99407860
0.35487191
0.38721708
0.13790959
0.51534490
0.85929160
0.99863879
0.38721708
0.69213363
0.38721708
0.38721708
0.66809220
0.38721708
0.38721708
0.28978923
0.99972557
0.38721708
0.91186859
0.48813472
0.38721708
0.38721708
0.26883501
0.38721708
0.99992354
0.48876479
0.38721708
0.47884615
0.98555743
0.89665584
0.38721708
0.49371302
0.31131348
0.51720176
0.97694662
0.99259097
0.49423644
0.38721708
0.38721708
0.39878600
0.38721708
0.23152336
0.38721708
0.50879372
0.30371397
0.38721708
0.38721708
0.38721708
0.46838156
0.38721708
0.38721708
0.38721708
0.38721708
0.38721708
0.38721708
0.38721708
0.92174494
0.47358796
0.38721708
0.38721708
0.63613771
0.50878145
0.11683198
0.49568689
0.85889107
0.51588559
0.99999913
0.38721708
0.99682429
0.38721708
0.38721708
0.49243733
0.43109370
0.38721708
0.63678867
0.98133573
0.38721708
0.27874371
0.82560236
0.38721708
0.80697487
0.60570196
0.41691824
0.38721708
0.94855998
0.95351305
0.94919725
0.95924616
0.38721708
0.38721708
0.32489676
0.38721708
0.38721708
0.38721708
0.47516349
0.38721708
0.95351305
0.91156690
0.87439325
0.38721708
0.38721708
1.00000000
0.38721708
0.81361338
0.49006853
0.38721708
0.50341974
0.76768574
0.93494513
0.97410402
0.39206307
0.38721708
0.90221528
0.38721708
0.38721708
0.97328887
0.42585091
0.52020973
0.38721708
0.38721708
0.99058896
0.31291894
0.11279801
0.38721708
0.38721708
0.38721708
0.38721708
0.47895029
0.17452352
0.38721708
0.38721708
0.38721708
0.51946044
0.99981466
0.78730990
0.38721708
0.12945844
0.99945176
0.38721708
0.36178601
0.45162271
0.98510508
0.38721708
0.94595840
0.38721708
0.38721708
0.41538856
0.10674040
0.38721708
0.99398366
0.98564673
0.18415506
0.26883501
0.93293732
0.38721708
0.38721708
0.10271042
0.40883615
0.38721708
0.38721708
0.51716297
0.99996255
0.82560236
0.38721708
0.38721708
0.38721708
0.99836660
0.99999099
0.38721708
0.38721708
0.51677127
0.38721708
0.96398391
0.91573207
0.66620999
0.31723590
0.38721708
0.13976577
0.38721708
0.99670315
0.40788323
0.98112059
0.38721708
0.29747426
0.41538856
0.38721708
0.10324542
0.38721708
0.97719383
0.77136874
0.38721708
0.99868576
0.99895550
0.38721708
0.97160615
0.90539739
0.94395171
0.41904014
0.51848991
0.79381368
0.93931990
0.24581360
0.88743604
0.49197146
0.40687323
0.38721708
0.38721708
0.38721708
0.38721708
0.38721708
0.87810248
0.47275412
0.38721708
0.64520794
0.50628850
0.38721708
0.38721708
0.37589005
0.44583675
0.99997675
0.38721708
0.45252253
0.92062124
0.19021386
0.39167448
0.89397408
0.38721708
0.38721708
0.99403126
0.93836472
0.15013641
0.38721708
0.38721708
0.38721708
0.97383423
0.93931990
0.98510508
0.38721708
0.51956726
0.38721708
0.38721708
0.95107786
0.38721708
0.45382054
0.70295425
0.38721708
0.86947185
0.97396936
0.99999984
0.46358666
0.83583741
0.30149486
0.38721708
0.50182276
0.38721708
0.39018335
0.38721708
0.38721708
0.48646441
0.38721708
0.38721708
0.16499215
0.38721708
0.97956594
0.30614595
0.17654113
0.51300182
0.99586707
0.38721708
0.81501931
0.82964895
0.38721708
0.99999429
