0.16238189
0.29706976
0.17068381
0.28028061
0.37202318
0.16018427
0.17288087
0.37852042
0.26590520
0.20814680
0.18662134
0.13306600
0.10578356
0.19998202
0.26562836
0.00026744
0.11025428
0.28129980
0.18376616
0.37929695
0.20355731
0.17845961
0.24062729
0.94573796
0.79477570
0.34664186
0.13305272
0.28382127
0.34170192
0.10026897
0.13734646
0.06745706
0.34545852
0.77548609
0.49564174
0.12522399
0.07177909
0.08218549
0.30357538
0.14680721
0.10008062
0.26014531
0.06126164
0.16500326
0.43361456
0.03076997
0.20020060
0.35816036
0.25093243
0.16233631
0.18218052
0.30837868
0.17894331
0.15304339
0.45447537
0.24127840
0.17961591
0.68596017
0.11852940
0.20680871
0.45463516
0.34751014
0.14001261
0.36343518
0.16463323
0.16476329
0.14254082
0.22421383
0.47612360
0.02188217
0.13969755
0.33822730
0.19544262
0.34246717
0.17688955
0.11000422
0.15276516
0.12530728
0.17942113
0.16443321
0.16284901
0.34883126
0.76183145
0.15774565
0.14392564
0.16082713
0.14906402
0.23014570
0.16674333
0.54588238
0.61512672
0.22040557
0.59065835
0.73454382
0.70919850
0.00114755
0.34797400
0.22938972
0.16162017
0.18961181
0.95684273
0.77283101
0.39262902
0.27685838
0.16568587
0.54829134
0.20947263
0.35168719
0.20155446
0.19709454
0.40034048
0.16906574
0.20335322
0.00513863
0.34586483
0.18381664
0.25925339
0.11788191
0.08267287
0.01805601
0.08148952
0.54970104
0.27654267
0.13732697
0.14962629
0.00735205
0.16686686
0.99772207
0.47735050
0.61356894
0.20768530
0.12446092
0.58160785
0.17498532
0.27196663
0.02728023
0.25835611
0.16311473
0.20429838
0.21845103
0.19170635
0.20396326
0.29170744
0.38009103
0.40928251
0.04384821
0.10899736
0.10875533
0.19441678
0.29821414
0.17602325
0.24533650
0.15919801
0.00319442
0.20942207
0.38546136
0.31819286
0.29073782
0.41742019
0.11200077
0.27471173
0.23484081
0.78169274
0.39465739
0.50646418
0.09380505
0.09251019
0.28046893
0.25696265
0.61224965
0.14140466
0.42453116
0.17377173
0.09165151
0.33393762
0.20902887
0.17275872
0.24665520
0.14626225
0.14519539
0.14823526
0.00082768
0.14676939
0.34463844
0.22427540
0.14504272
0.16104993
0.23640218
0.00126533
0.04099273
0.23129190
0.29987200
0.28045013
0.16025450
0.16432256
0.13787181
0.16544407
0.18953710
0.51028772
0.00006153
0.15708024
0.37161089
0.00108050
0.20063917
0.25570048
0.20249461
0.25794568
0.29301644
0.33220487
0.14088491
0.24731136
0.47915148
0.18535804
0.13415756
0.08973809
0.33445104
0.34281012
0.24020102
0.19256996
0.43624571
0.95023025
0.38512281
0.66773599
0.40430329
0.69343563
0.17712012
0.23079046
0.26183860
0.00720277
0.23493110
0.06763174
0.24859276
0.25706235
0.30335243
0.26801075
0.74667617
0.22248672
0.41027326
0.26137689
0.19596722
0.31819485
0.99350896
0.14993857
0.12973692
0.35218016
0.06499509
0.29709196
0.28774111
0.36836117
0.00059016
0.34335176
0.10912747
0.16089076
0.17518666
0.07973125
0.92517951
0.31594582
0.26636646
0.25262395
0.12925980
0.11641560
0.24379666
0.60664720
0.09867649
0.27229942
0.33061633
0.31740542
0.02922932
0.24506478
0.16996684
0.00464036
0.16378315
0.50242801
0.33752328
0.17739178
0.16897189
0.67589178
0.07841155
0.18666411
0.19889497
0.15267810
0.76184238
0.51479316
0.65816916
0.19561530
0.54147283
0.08663816
0.40474237
0.73648655
0.33933707
0.06400598
0.11412540
0.16085256
0.20271221
0.34360365
0.23537231
0.24220529
0.22485759
0.09370241
0.63925336
0.19578528
0.20469576
0.53821766
0.23355785
0.40329923
0.21281034
0.03042217
0.35027382
0.19617884
0.18366585
0.83128723
0.43632204
0.25393086
0.15212505
0.75552134
0.86562228
0.71699446
0.13708388
0.09579764
0.18917323
0.33823442
0.47030976
0.43701907
0.21736523
0.27641937
0.11339014
0.38061835
0.15313358
0.20008371
0.37509550
0.13303089
0.29495027
0.52618548
0.09056493
0.19246531
0.22005511
0.75233322
0.36273672
0.26293764
0.25573153
0.03792184
0.73031790
0.21118632
0.16988688
0.92103699
0.18482094
0.19841398
0.12333194
0.23120811
0.53121971
0.19904737
0.23833309
0.94992521
0.56549112
0.11789814
0.36594324
0.18371047
0.65170416
0.74405058
0.16864077
0.26887302
0.01506400
0.93157327
0.74066865
0.22482237
0.88315921
0.15381710
0.37537730
0.84976611
0.55099643
0.53945988
0.76578829
0.13981279
0.13236542
0.17088607
0.23650554
0.11589566
0.17686170
0.28565091
0.26029582
0.27951899
0.17514266
0.47830690
0.14012519
0.23354838
0.11485730
0.16101032
0.23842714
0.84940942
0.27689960
0.18879261
0.29808161
0.10895521
0.37289491
0.14409808
0.30359811
0.16726228
0.15327012
0.39267235
0.28722341
0.00947511
0.46622580
0.80622565
0.20126742
0.10289705
0.18843186
0.28938188
0.22267626
0.16912718
0.13590067
0.16392366
0.19752286
0.28615283
0.13935468
0.22973936
0.31655640
0.21820770
0.27650547
0.06715027
0.10685875
0.19079724
0.23273901
0.74348831
0.12312477
0.16099273
0.40441636
0.31463090
0.41974957
0.28790452
0.36279704
0.09166534
0.27047597
0.23969220
0.10826111
0.15821313
0.17366999
0.21094054
0.17967335
0.02270152
0.12159073
0.32439762
0.13926900
0.10279158
0.08331627
0.16594120
0.11331777
0.16098762
0.30439413
0.15951028
0.31732841
0.16184111
0.23132433
0.24677822
0.28752260
0.09144813
0.31026267
0.15664641
0.93713768
0.79294348
0.33631821
0.14689270
0.40979785
0.27249391
0.15561424
0.00035161
0.13834613
0.26395795
0.99883180
0.13347909
0.20864158
0.18788906
0.23120210
0.30627343
0.20002400
0.24044311
0.31137119
0.12833678
0.08051161
0.23207806
0.30066004
0.49416030
0.20668885
0.12130757
0.26506014
0.15264579
0.11862366
0.25829090
0.29165275
0.22313529
0.23274849
0.24406765
0.34583387
0.12852826
0.38803195
0.34289132
0.08370087
0.34077727
0.21182048
0.37775071
0.99718486
0.25212228
0.30673799
0.15730180
0.33712459
0.30758133
0.01350332
0.22497531
0.20500052
0.18350481
0.16987436
0.47241823
0.28416001
0.13721985
0.19940260
0.97439717
0.45418148
0.63209706
0.31967525
0.33814962
0.17088873
0.16689286
0.94535210
0.27397301
0.48397912
0.27563683
0.19613022
0.07656209
0.15179286
0.26187977
0.17335729
0.25586549
0.23704784
0.27846642
0.08999000
0.13193076
0.00913505
0.63913378
0.33944834
0.18321694
0.01409047
0.94286664
0.10539523
0.23082157
0.19738012
0.19970379
0.34842978
0.11669060
0.04339910
0.48146384
0.95033144
0.34625685
0.02034655
0.20150324
0.32224646
0.31050771
0.14140349
0.28522986
0.44256768
0.24261172
0.18008335
0.28990444
0.98935928
0.13882681
0.13958595
0.31645886
0.03232471
0.30712770
0.42044010
0.42696221
0.23782581
0.00821074
0.00009789
0.35561434
0.14109559
0.19761066
0.35803477
0.19257466
0.14654965
0.79445184
0.00614942
0.21703893
0.26845534
0.13660699
0.18682449
0.28406166
0.52112445
0.15751535
0.21528609
0.11872641
0.20199514
0.48312241
0.90300295
0.19640876
0.12201423
0.32993140
0.15431803
0.37920925
0.75707505
0.09777495
0.13478104
0.01455173
0.14603563
0.50673571
0.51796788
0.54314260
0.15657624
0.30778800
0.51424553
0.24363292
0.19467828
0.23608948
0.22510388
0.05081923
0.03825960
0.21444367
0.17540968
0.17549876
0.20339957
0.12671784
0.14213829
0.13895723
0.18102015
0.09556021
0.14736780
0.14458301
0.27539120
0.43184910
0.23998069
0.16883828
0.26989386
0.12625048
0.14245394
0.21790803
0.25686810
0.30826799
0.35652059
0.12505967
0.17015787
0.14393285
0.13354659
0.18985367
0.50653163
0.22117764
0.11184316
0.18778549
0.19735442
0.55774405
0.12885779
0.14196955
0.25729845
0.13970210
0.49631738
0.24523189
0.17722006
0.33870020
0.22734356
0.91691780
0.40004807
0.16612487
0.23202823
0.18395173
0.09445778
0.85136439
0.17405249
0.24956836
0.19962047
0.61270938
0.12475302
0.61360540
0.44260705
0.07218442
0.16443572
0.28659248
0.26261033
0.21541372
0.12214670
0.33568583
0.24821979
0.07656367
0.15221390
0.41822921
0.13151983
0.35532424
0.21360391
0.19488729
0.22116648
0.33132935
0.32794000
0.52592135
0.24895438
0.13108607
0.24579917
0.23984633
0.13553019
0.68875447
0.23500775
0.20557619
0.32173217
0.09255781
0.22828962
0.37976039
0.19754712
0.00193811
0.13197506
0.10619019
0.11059964
0.15436934
0.21948886
0.19073455
0.22080902
0.87808767
0.11716190
0.27710798
0.26518175
0.15788979
0.17870299
0.34181720
0.22414835
0.16417297
0.27250846
0.52151835
0.16690347
0.11512599
0.40508751
0.15063518
0.19524385
0.00349497
0.14033683
0.62152030
0.15569806
0.18489540
0.34673994
0.47714739
0.69110930
0.20731861
0.18688955
0.47779099
0.21685575
0.35328452
0.35578522
0.41483717
0.29446985
0.15118117
0.08485605
0.34208508
0.17461113
0.27505465
0.28921665
0.16472072
0.13261185
0.46394536
0.21757814
0.47156599
0.39938398
0.16292094
0.50345915
0.27575796
0.11641296
0.20569675
0.99207214
0.14150340
0.14882063
0.16910424
0.11085133
0.73930903
0.39856093
0.29566733
0.12536562
0.17271943
0.96782182
0.20808824
0.22723399
0.40887597
0.14122323
0.67848576
0.19469223
0.49600782
0.42398707
0.14493675
0.25281324
0.11140303
0.09903609
0.23083128
0.12052738
0.17945454
0.17091597
0.40182178
0.20868922
0.17395257
0.16562530
0.22302670
0.22567860
0.99900706
0.27620063
0.08978871
0.29274199
0.14517885
0.16519682
0.08674083
0.13936252
0.00460942
0.13735598
0.22264551
0.74021921
0.18178451
0.22597493
0.32885163
0.13290311
0.65395958
0.04593100
0.15875868
0.17126313
0.20305611
0.20527571
0.49082914
0.15009429
0.11949150
0.22263933
0.21155231
0.22928498
0.19793644
0.34115833
0.25301235
0.18968862
0.21793757
0.19133922
0.27306091
0.24616130
0.16173177
0.54699011
0.16441002
0.21926376
0.43914355
0.11323790
0.23218758
0.11744734
0.22900181
0.01802916
0.00267067
0.14217641
0.19351730
0.14759776
0.29617128
0.10542160
0.34167971
0.18959650
0.11908020
0.99886290
0.37453551
0.18399170
0.20395793
0.29768845
0.41985721
0.08439852
0.26286305
0.03212485
0.25412124
0.18550417
0.29273730
0.31776734
0.18458578
0.14018307
0.22806510
0.27165518
0.96296528
0.15385035
0.10384157
0.23673063
0.20632066
0.11899416
0.17264080
0.90991076
0.20670548
0.25179121
0.18642733
0.42300013
0.38508887
0.23009564
0.19834519
0.34127136
0.25870760
0.23476071
0.17777297
0.25321515
0.16628127
0.00478312
0.18343576
0.26840679
0.31777791
0.12925528
0.33028755
0.23544297
0.20947244
0.68121362
0.50134060
0.42401066
0.17867981
0.03366219
0.24383874
0.44983822
0.35921163
0.17636086
0.17285075
0.51782604
0.99984990
0.23428595
0.23526146
0.19630638
0.00298895
0.15760892
0.24006051
0.21866976
0.00344322
0.18727150
0.09697060
0.29407898
0.28396573
0.38516898
0.18882887
0.27201880
0.41836846
0.19354438
0.25329523
0.15875845
0.77667630
0.41564052
0.21051073
0.12717320
0.22130359
0.17378761
0.58329561
0.14006983
0.19434310
0.68648568
0.26713071
0.09571990
0.13957079
0.23315231
0.01810755
0.17407038
0.79865029
0.24954406
0.11159058
0.35336403
0.12254658
0.14711883
0.11968775
0.19392225
0.15314655
0.24440268
0.28921445
0.36886248
0.14933255
0.16800762
0.52546429
0.12187732
0.27238829
0.16637365
0.17025912
0.19261120
0.24446971
0.19868797
0.54577856
0.12912227
0.16474790
0.77334166
0.30521469
0.41344400
0.54349592
0.14047590
0.29773362
0.28909453
0.50027911
0.14843914
0.53074802
0.26776134
0.17235603
0.27426249
0.23498517
0.26320663
0.37778238
0.11397662
0.34564577
0.09165613
0.32310169
0.19454761
0.06150656
0.23564613
0.16473488
0.12492324
0.23376212
0.19688236
0.19310401
0.22496005
0.24106296
0.42756064
0.75417822
0.41662852
0.42454977
0.27443817
