0.46530605
0.03399299
0.02779626
0.16590043
0.43765204
0.18377178
0.43076211
0.04449184
0.20302192
0.52100468
0.04644251
0.01009661
0.24745452
0.47367939
0.32045967
0.05713800
0.47265429
0.19216014
0.10968370
0.44562852
0.46252662
0.42942882
0.47525739
0.00132979
0.34388111
0.39467364
0.01366651
0.34032742
0.44961813
0.17341649
0.09147775
0.35436152
0.07534443
0.29589009
0.14940917
0.39792447
0.51331411
0.46260790
0.35980347
0.15832452
0.34900078
0.31866716
0.30263238
0.28611973
0.50767536
0.16472805
0.37521902
0.39160017
0.47902927
0.00240973
0.47787697
0.00160473
0.23763066
0.32547156
0.46154519
0.21468146
0.41063588
0.43193151
0.42877836
0.36506015
0.00915385
0.46947527
0.12465127
0.39043207
0.34943653
0.20371276
0.32095687
0.29394583
0.35710557
0.40648752
0.24905776
0.16616366
0.49508555
0.25843447
0.15559465
0.50672280
0.34994656
0.17572524
0.53513342
0.47223776
0.25614135
0.28466381
0.01916162
0.33493341
0.43047846
0.22733491
0.43797830
0.24864725
0.02127287
0.27710407
0.45863586
0.05777689
0.18799818
0.05161603
0.33959581
0.28773190
0.33191463
0.00049219
0.00042925
0.14781556
0.44787143
0.50588767
0.42474420
0.35538732
0.28803252
0.32575427
0.29923158
0.00505875
0.38948615
0.09872769
0.01951457
0.44193949
0.36205080
0.30461970
0.03268366
0.34645370
0.06592352
0.06918916
0.19289656
0.45293014
0.49124892
0.47630090
0.00196937
0.49572171
0.36927238
0.34998710
0.43273780
0.19598400
0.54586351
0.47526780
0.37216407
0.29291001
0.37150716
0.28617980
0.00197042
0.30158264
0.09460813
0.04525644
0.08438049
0.11988986
0.39328626
0.20616180
0.43042351
0.22524816
0.09207295
0.08525193
0.03902836
0.44022633
0.32946031
0.07713350
0.30138679
0.40512811
0.05479988
0.41788206
0.23199649
0.41575656
0.09829840
0.18917355
0.29474401
0.16651132
0.40778996
0.34816918
0.00075782
0.48376131
0.50464280
0.01055546
0.02524025
0.29313519
0.22795035
0.46346855
0.00010651
0.07955819
0.12187931
0.40064056
0.48385327
0.15205701
0.16264554
0.01927168
0.00008477
0.39716843
0.24929213
0.16524947
0.29182948
0.01471589
0.28729954
0.29964374
0.51026939
0.31528745
0.24183969
0.07030098
0.24191951
0.23602456
0.44177573
0.45116525
0.41205116
0.38790937
0.07065401
0.36404311
0.34777909
0.03439584
0.45800929
0.36277161
0.12764383
0.02654736
0.20286664
0.46862573
0.35573829
0.42735627
0.08036584
0.28547017
0.13955623
0.35425895
0.01374056
0.31811829
0.00000793
0.08151352
0.30170986
0.37970191
0.37880579
0.35052347
0.00007961
0.28877109
0.42567689
0.39983371
0.10007052
0.32079400
0.03553747
0.36946306
0.20766201
0.17505894
0.39099740
0.02440022
0.44879908
0.02711987
0.00237339
0.17193625
0.38346298
0.13440990
0.24689815
0.38236103
0.14170195
0.40605073
0.40136038
0.30352414
0.04843571
0.40832845
0.37582574
0.21518444
0.12770460
0.31712314
0.00029192
0.05210011
0.46180478
0.42933318
0.11573279
0.19098930
0.30807628
0.36406191
0.26510320
0.07729311
0.09677435
0.34099440
0.35044850
0.43869373
0.51315827
0.46106300
0.39725204
0.19726297
0.17637786
0.29228893
0.37078014
0.50951156
0.44036166
0.34484372
0.11087440
0.02969739
0.45957753
0.43514092
0.43630626
0.21579684
0.45632108
0.23079853
0.43917106
0.31564961
0.13641743
0.41713350
0.48982257
0.03882174
0.01762968
0.38892784
0.50240427
0.46765852
0.08812687
0.34392119
0.54385080
0.14910833
0.37052660
0.37376373
0.00792840
0.06103152
0.42608926
0.43318001
0.37326272
0.33279152
0.27705512
0.27905499
0.35562940
0.04323909
0.45647074
0.15222700
0.09242839
0.18455274
0.39473259
0.01045424
0.17151727
0.16498799
0.35199576
0.01294614
0.43718671
0.18464246
0.11289716
0.04311263
0.21254240
0.30807213
0.27635033
0.33354761
0.15463555
0.01012000
0.06307479
0.17863975
0.44600730
0.05272030
0.34539385
0.39113701
0.35236507
0.41391640
0.10397178
0.40284664
0.24885059
0.00156709
0.18568918
0.32889209
0.00099632
0.36691260
0.06763543
0.30634209
0.25194878
0.25611919
0.27929975
0.38628632
0.39828007
0.06274684
0.31835013
0.26603657
0.15300702
0.21147246
0.45377340
0.48801938
0.52583435
0.07979039
0.09807493
0.05193744
0.07991194
0.46492718
0.44298001
0.28246690
0.45594723
0.45275868
0.22995237
0.03937921
0.12798437
0.00828656
0.04547787
0.17518024
0.40119530
0.21351466
0.29988986
0.46599298
0.39551783
0.46833197
0.05714659
0.44270795
0.40629269
0.30749239
0.00007209
0.35008638
0.38893243
0.09620744
0.43248565
0.16736993
0.37689049
0.00000035
0.13982984
0.03779737
0.04491739
0.20990248
0.37023254
0.14139287
0.44012318
0.15607844
0.22833672
0.05355593
0.43136912
0.11484832
0.43273678
0.28051380
0.00881669
0.45265003
0.16169268
0.43417693
0.00270848
0.43659238
0.25466096
0.40991426
0.28948625
0.41042577
0.43108540
0.29148917
0.42238701
0.20141218
0.26061556
0.36888598
0.50509956
0.34989945
0.46107624
0.41013668
0.44658987
0.38297823
0.00077289
0.00189013
0.35535743
0.02246473
0.06846634
0.37924063
0.39252735
0.28581497
0.19906059
0.14072610
0.47745529
0.49161052
0.21889778
0.41521569
0.16619931
0.34877091
0.41302925
0.28256641
0.27863948
0.04624278
0.08903173
0.52986934
0.00522232
0.41263512
0.36402257
0.00000069
0.26280181
0.38767375
0.05976541
0.49547724
0.52144788
0.35860234
0.36032566
0.33533029
0.17875019
0.00162758
0.03404832
0.36290253
0.20158064
0.01268916
0.38476639
0.33626049
0.50421631
0.15899226
0.42328333
0.32307004
0.30393391
0.39472292
0.08384951
0.28379041
0.02500470
0.32795664
0.00013237
0.24610412
0.17387269
0.41148346
0.31722282
0.24867795
0.05624280
0.13653540
0.43400503
0.31267207
0.38696906
0.14329303
0.04140637
0.31894126
0.40927023
0.45166118
0.20487736
0.23841822
0.35070069
0.48967722
0.12699653
0.00001570
0.35412898
0.36963049
0.05199193
0.24179386
0.34199294
0.24182064
0.33006106
0.01677189
0.02659973
0.33276432
0.24040751
0.16426543
0.44636227
0.29243716
0.03176727
0.00052929
0.39070492
0.00087405
0.47810626
0.12241801
0.24218242
0.29226080
0.45301237
0.09961881
0.10993974
0.03107749
0.35264825
0.39924644
0.12166031
0.35580564
0.13930429
0.26711502
0.33710756
0.29899590
0.38658797
0.29901613
0.44173363
0.32017561
0.00012196
0.20895346
0.11367249
0.17779913
0.48052147
0.00205697
0.35568988
0.41638703
0.36772263
0.00360355
0.38472676
0.20194916
0.48517677
0.06457569
0.46602553
0.24198409
0.11459621
0.53554194
0.44550512
0.37186294
0.24763929
0.30601236
0.19391363
0.38676979
0.17124333
0.36492481
0.40439966
0.44534689
0.15372242
0.40441360
0.00844042
0.48915552
0.00213895
0.29876471
0.37931415
0.33919387
0.51932221
0.52850615
0.45419114
0.09563804
0.06974840
0.53112286
0.18832489
0.18762204
0.03547376
0.02779706
0.16716456
0.37290891
0.27033542
0.35876615
0.41533531
0.00105831
0.26159562
0.38396227
0.12227838
0.05129965
0.20624562
0.00473834
0.03105188
0.00385439
0.42691932
0.40762716
0.15879202
0.12243027
0.39517541
0.56555445
0.20730527
0.38065565
0.03817005
0.31580236
0.18320842
0.13202415
0.21288239
0.30989813
0.11516092
0.36997690
0.05414104
0.11498213
0.01868471
0.30725895
0.06278685
0.45646604
0.46926116
0.11012400
0.40568315
0.04616452
0.25114276
0.26120359
0.30107691
0.31745376
0.02285919
0.05229817
0.48406058
0.00766797
0.00852049
0.22721070
0.32648011
0.19107968
0.27207326
0.41282269
0.39625404
0.33362134
0.53394444
0.31684532
0.00312782
0.00072586
0.43660874
0.42851826
0.30218865
0.09389075
0.15208350
0.21902814
0.20762476
0.35056027
0.49961172
0.04774567
0.00335502
0.28303759
0.43709745
0.33595172
0.09758105
0.29069411
0.43053730
0.39485170
0.40904995
0.35531002
0.16869908
0.12891100
0.07876255
0.30286954
0.02827963
0.33688932
0.33099315
0.09800790
0.07385448
0.00293846
0.44673950
0.44422242
0.04576034
0.47886406
0.34750551
0.32642221
0.47157817
0.25142285
0.42988922
0.35848613
0.17985883
0.18822447
0.43097288
0.33154626
0.35149385
0.30357780
0.43434417
0.19312997
0.33958096
0.28406234
0.41142909
0.28745946
0.49455825
0.42402927
0.13586066
0.47895883
0.19621764
0.42142456
0.03647962
0.21262086
0.49650743
0.50329578
0.39686883
0.10556564
0.11525164
0.37928822
0.12480575
0.50596459
0.42887651
0.09774257
0.01603191
0.39609645
0.28756077
0.38524049
0.15292125
0.21883229
0.31696138
0.37327743
0.00381519
0.31472248
0.44140869
0.04416725
0.42473861
0.26046408
0.34302768
0.15109400
0.41359022
0.41498868
0.08549540
0.46306781
0.02358702
0.02519975
0.22759331
0.38385904
0.35839597
0.42687065
0.37749627
0.00010074
0.35706756
0.43026874
0.37575680
0.48253620
0.48825464
0.18420523
0.47196548
0.48224613
0.33382792
0.16798981
0.48249965
0.03219513
0.31865265
0.39350099
0.35299994
0.42638454
0.11336649
0.38486191
0.46985683
0.31773018
0.35470146
0.44596581
0.53511943
0.02898883
0.06605751
0.00311805
0.42828836
0.53591045
0.42026484
0.02030055
0.13069141
0.36121139
0.09596951
0.39295659
0.28737109
0.46067918
0.21935621
0.45526996
0.39832825
0.47404554
0.04586285
0.13330752
0.29878877
0.00185716
0.35238697
0.15484038
0.20036970
0.37032770
0.41060942
0.38594184
0.29919532
0.54645715
0.27764216
0.45833043
0.43673590
0.24229969
0.32203417
0.37160094
0.36581195
0.02741703
0.24337410
0.45795662
0.15478904
0.01176081
0.44255491
0.30354591
0.39598350
0.01716693
0.20706085
0.49961157
0.04456435
0.01781659
0.43400714
0.42384300
0.13407423
0.44670374
0.10836333
0.17407760
0.28993972
0.36477393
0.43144127
0.49082890
0.37784299
0.39869511
0.44150072
0.47311585
0.50266227
0.19223774
0.57493024
0.41229869
0.27367782
0.40277777
0.15130852
0.39335102
0.04831272
0.25302174
0.23601500
0.33473862
0.40990553
0.34758396
0.40265827
0.32225440
0.38724763
0.19261031
0.00628713
0.24815541
0.07229896
0.20001919
0.27370740
0.00081891
0.31321827
0.41896532
0.34848725
0.09628195
0.46685090
0.28048229
0.17967378
0.05201089
0.04434712
0.25865112
0.42361305
0.03887779
0.03594389
0.10026957
0.30129504
0.04043758
0.39799922
0.03072175
0.00020912
0.08998464
0.36220106
0.15552243
0.51475702
0.08516850
0.04597540
0.44460631
0.36739759
0.34176581
0.50216236
0.15804320
0.35196877
0.05850530
0.29909742
0.31222290
0.50027179
0.00043615
0.15981150
0.12486481
0.01292143
0.34512295
0.00061072
0.27437365
0.17168581
0.25587072
0.01100894
0.12589816
0.30193878
0.36766421
0.00038025
0.41112499
0.45669400
0.09025256
0.45682297
0.02586228
0.57335696
0.00320411
0.00289904
0.39492202
0.47922024
0.44647468
0.37041220
0.29639453
0.00483959
0.13619832
0.21034314
0.11644749
0.41963477
0.43835772
0.20176309
0.39856934
0.06843058
0.00090451
0.15409648
0.17314910
0.27069178
0.36763885
0.27835232
0.07884451
0.35518188
0.44433881
0.16876102
0.22010681
0.02195534
0.00312107
0.15163813
0.54746386
0.07029798
0.40126666
0.43331680
0.25007194
0.41900170
0.43331297
0.02732738
0.50202238
0.44413309
0.35928183
0.49545056
0.40246468
0.39134002
0.47562574
0.10761863
0.34609217
0.04338411
0.12294159
0.24422095
0.37030289
0.05742822
0.00454921
0.16865654
0.14796611
0.20872644
0.41567288
0.39531931
0.34903342
0.08785510
0.31538181
0.14694257
0.33831438
0.40037339
0.00002514
0.29354786
0.48711175
0.00448444
0.00069210
0.32136473
0.18317407
0.31887605
0.33640038
0.04730470
0.39525495
0.40801095
0.01310721
0.50053577
0.11688991
0.22352301
0.05694364
0.24550204
0.22932116
0.48335351
0.32411293
0.11249065
0.18322452
0.35752948
0.41172834
0.48410097
0.00507307
