0.99998711
0.99999941
0.99999997
0.99987192
0.99997801
0.99999998
0.99999994
0.99998747
0.99974940
0.99994826
0.99999480
0.99952759
0.99999821
0.99997814
0.99999988
0.99995349
0.99999493
0.99992966
0.99995042
0.99999714
0.99999934
0.99999964
0.99883445
0.99997196
0.99997089
0.99992394
0.99999954
0.99999604
0.99999920
0.99999673
0.99999971
0.99715051
0.99999965
0.99417251
0.99994200
0.99995555
0.99999896
0.99873437
0.99999949
0.99997011
0.99998471
0.99999704
0.99656487
0.99938959
0.99897698
0.99582402
0.99991340
0.99999950
0.99948056
0.99999891
0.99999789
0.99324098
0.99998129
0.99986698
0.99735978
0.99999705
0.99999716
0.99979125
0.99995247
0.99997962
0.99998410
0.96426864
0.99999494
0.99999971
0.99983589
0.99999990
0.99550859
0.99997673
0.99965776
0.99999737
0.99997505
0.99974933
0.99997512
0.99999247
0.99996035
0.99999835
0.99999952
0.99999687
0.99999739
0.99772686
0.99899637
0.99350092
0.99993690
0.99999997
0.99999904
0.99998172
0.99995203
0.99497697
0.99992638
0.99999906
0.99989314
0.99999886
0.99999047
0.99627721
0.99999861
0.99999140
0.98885827
0.99999992
0.99789357
0.99997153
0.99999410
1.00000000
0.99992726
0.99995123
0.99999943
0.99999998
0.99966255
0.99724071
0.99999977
0.99999586
0.99962314
0.99994947
0.99983623
0.99993237
0.99999945
0.99999764
0.99840015
0.99996865
0.99998686
0.99999980
0.99859320
0.99997866
0.99818418
0.99981140
0.99999951
0.99947501
0.99921420
0.99983465
0.99948379
0.99999917
0.99998990
0.99971076
0.99999994
0.99999841
0.99989818
0.99999932
0.99999921
0.98810972
0.99999979
0.99991482
0.99998230
0.99999940
0.99997542
0.99714206
0.99999963
0.99975506
0.99999725
0.99991873
0.99779234
0.98277061
0.99999992
0.99999452
0.99994247
0.99990599
0.99993326
0.99999995
0.99999913
0.99935841
0.98010181
0.99997652
0.99997650
0.99989089
0.99999991
0.99995533
0.99937890
0.99999538
0.99999504
0.99933811
0.99993138
0.99993258
0.99993623
0.99999824
0.99999524
0.99997174
0.99999998
0.99708383
0.99992162
0.99998985
0.99999609
0.99999817
0.99999048
0.99999908
0.99999092
0.99991138
0.99989182
0.98085059
0.99975435
0.99999962
0.99986613
0.99991147
0.99999954
0.99938859
0.99995425
0.99999916
0.99123259
0.99999720
0.99941863
0.99999942
0.99999936
0.99980513
0.99745465
0.99954920
0.99998408
0.99989845
0.99999559
0.99999648
0.99999952
0.99988248
0.99995699
0.99985806
0.99999891
0.99998282
0.99999984
0.99994067
0.99999383
0.99997967
0.99999824
0.99620212
0.99998024
0.99999574
0.99766279
0.99987680
0.99996301
0.99999990
0.99999479
0.99997833
0.99993631
0.99989178
0.99998663
0.99996219
0.99791226
0.99998802
0.99999965
0.99976714
0.99864021
0.99998440
0.99982603
0.99994093
0.99359180
0.99889977
0.99977334
0.99999962
0.99999988
0.99989464
0.99998479
0.99999995
0.99987953
0.99999967
0.99999069
0.99942701
0.99999645
0.99989024
0.99865549
0.99847072
0.99998678
0.99986728
0.99976488
0.99999962
0.99971360
0.99999910
0.99999873
0.99999969
0.99999859
0.99998593
0.98812592
0.99997472
0.99958745
0.99996595
0.99999800
0.99928002
0.99999760
0.99998229
0.99999605
0.99988270
0.99999647
0.99999943
0.99999757
0.99869675
0.95961572
0.99785021
0.99999993
0.99999902
0.99929978
0.98263490
0.99999809
0.99999997
0.99993905
0.99161311
0.99997019
0.99307041
0.99956621
0.99974123
0.99998390
0.99995722
0.99999690
0.99999804
0.99947626
0.99866584
0.94588266
0.99906899
0.99945258
0.99998461
0.99999798
0.99999990
0.99999956
0.99996697
0.99830491
0.99999906
0.99646339
0.99999971
0.99998674
0.99999681
0.99882975
0.99946453
0.99993372
0.99999991
0.99991286
0.99999931
0.99998053
0.99999948
0.99999962
0.99961998
0.99967948
0.99997803
0.99999453
0.99998624
0.99998980
0.99891853
0.99660199
0.99999814
0.99999997
0.99890350
0.99997812
0.99999034
0.99966874
0.99996505
0.99999293
0.99999655
0.99999961
0.99996705
0.99988470
0.99998432
0.99971865
0.99999991
0.99999994
0.99999254
0.99999892
0.99999897
0.99998985
0.99999889
0.98923097
0.99999872
0.99999996
0.99932143
0.99998401
0.99999867
0.99999825
0.99999958
0.99998573
0.99724856
0.99925782
0.99823748
0.99979831
0.99935778
0.99999617
0.99427675
0.99999989
0.99999291
0.99999726
0.99999999
0.99999826
0.99950637
0.99999866
0.99951521
0.99999995
0.99988442
0.99999987
0.99991621
0.99951976
0.99957867
0.99999969
0.99977271
0.99995666
0.99999389
0.99999219
0.99999999
0.99945178
0.99983417
0.99999999
0.99996716
0.99997889
0.94956699
0.99936485
0.99876784
0.99604875
0.99992166
0.99998500
0.99999338
0.99999999
0.99577100
0.99997064
0.99955498
0.99664741
0.99999836
0.99999838
0.99998673
0.98726167
0.99992715
0.99915596
0.99999436
0.99990767
0.99559762
0.99999997
0.99999950
0.99982337
0.99268210
0.98468695
0.99967102
0.99999999
0.99999658
0.99964555
0.99995203
0.99798197
0.99999844
0.92543801
0.99998233
0.99999891
0.99999998
0.99998459
0.99737151
0.99961230
0.99990557
0.99992365
0.99862853
0.99977881
0.99998423
0.99964129
0.99887106
0.99987834
0.99998236
0.99699216
0.99997336
0.99999997
0.99999983
0.99999388
0.99999811
0.99620498
0.99996563
0.99999955
0.99999009
0.99999653
0.99999398
0.99999898
0.99992008
0.99999882
0.99998502
0.99974708
0.99698308
0.99999995
0.99947140
0.99999551
0.99999997
0.99999582
0.99728305
0.99998846
0.99975530
0.99999049
0.99999709
0.99997903
0.99999999
0.99739868
0.99525793
0.99926780
0.99971337
0.99904051
0.99999951
0.99999816
0.98256076
0.99999751
0.99998496
0.99894928
0.99291099
0.99978818
0.99999995
0.99974274
0.99999650
0.99998825
0.99986186
0.99999968
0.99998977
0.99997080
0.99699089
0.99985659
0.99864480
0.99909003
1.00000000
0.99999968
0.99999973
0.99999528
0.99999880
0.99993307
0.99999997
0.99915684
0.84692300
0.99995835
0.99999989
0.99980938
0.99995627
0.99671566
0.99977267
0.99996806
0.99999568
0.99999954
0.99998251
0.99999037
0.99960463
0.99999894
0.99988414
0.99978042
0.99999994
0.99985792
0.99999310
0.99875055
0.99999448
0.99929720
0.99998123
0.99999734
0.99999973
0.99999919
0.99999271
0.99960937
0.99961491
0.99996547
0.99999818
0.99698168
0.99953546
0.99999924
0.99861487
0.99998505
0.99940296
0.99895363
0.99981184
0.99900684
0.99999689
0.99982635
0.99998730
0.99999890
0.99999117
0.99933785
0.99874045
0.99999032
0.99995583
0.99994700
0.99999999
0.99714675
0.99736089
0.99993465
0.99999971
0.99998986
0.99995311
0.99999983
0.99920534
0.99992336
0.99999702
0.99999882
0.99999997
0.99866420
0.99987887
0.99978425
0.99999778
0.99999990
0.99997541
0.99999710
0.99999991
0.99999501
0.99999775
0.99999968
0.99999010
0.99996902
0.99997714
0.99999813
0.99986179
0.98496129
0.99989234
0.99994839
0.99999684
0.99975350
0.99999914
0.99974599
0.99999992
0.99996548
0.99996824
0.99991904
0.99996440
0.99993910
0.99966566
0.99991196
0.99999988
0.99999455
0.99999633
0.99975028
0.99999984
0.99995965
0.99988818
0.99999443
0.99999258
0.99996365
0.99943878
0.99979161
0.99998008
0.99999989
0.99999931
0.99993815
0.99999993
0.99996698
0.99999962
0.99975475
0.99999370
0.99984204
0.99991129
0.99999983
0.99999966
1.00000000
0.99999919
0.99999976
0.99997819
0.99998752
0.99766919
0.99999903
0.99919379
0.99999828
0.99969155
0.99999857
0.99911242
0.99999489
0.99999926
0.99886201
0.99999991
0.99557273
0.99999949
0.99992371
0.99962839
0.99976313
0.99887910
0.99997924
0.99988352
0.99415596
0.99999923
0.99818800
0.99999948
0.99999763
0.99959225
0.99730415
0.99992836
0.99995070
0.99993428
0.99992990
0.99854415
0.99999997
0.99945353
0.99999916
1.00000000
0.99999793
0.99999677
0.99998306
0.99999956
0.99964944
0.99979070
0.99996291
0.99993857
0.99999425
0.99999296
0.99997609
0.99983971
0.99746700
0.99650304
0.99998833
0.99118171
0.99999601
0.99996239
0.99960595
0.99997826
0.99941374
0.99977264
0.99998124
0.98656745
0.99999961
0.99999821
0.99821507
0.99999692
0.99526019
0.99636384
0.99998831
0.99948826
0.99999901
0.99903686
0.99999839
0.99999840
0.99999924
0.99999029
0.99992651
0.99999964
0.99996457
0.99999998
0.99999498
0.99999240
0.99963934
0.99999914
0.99999770
0.98140076
0.99999977
0.99996336
0.99929268
0.99999994
0.99999780
0.99988378
0.99759724
0.99999820
0.99995131
0.99988985
0.99994517
0.99631486
0.99997408
0.99999301
0.99999979
0.99846026
0.99995972
0.99777879
0.99999421
0.99997877
0.99998669
0.99902445
0.99999827
0.99980500
0.99990713
0.99997791
0.99998975
0.99999476
0.99998879
0.99998239
0.99985685
0.99980290
0.99999990
0.99961169
0.99998359
0.99998498
0.99739921
0.99992104
0.99975123
0.99638735
0.99997586
0.99990995
0.99975507
0.99999984
0.98844631
0.99975516
0.99999966
0.99968662
0.99999996
0.99999569
0.99965938
0.99999999
0.99999999
0.99902462
0.99999875
0.99999872
0.99999991
0.99994697
0.99999238
0.99999950
0.99966520
0.99995479
0.99997164
0.99999313
0.95231313
0.99900608
0.99981099
0.99989456
0.99999675
0.99991991
0.99999975
0.99903288
0.99990622
0.99999987
0.99307477
0.99957461
0.99999772
0.99995889
0.99999042
0.99999061
0.99999627
0.99993283
0.99993281
0.99905640
0.99538690
0.99999948
0.99999841
0.99998458
0.99574984
0.99917640
0.99986427
0.99999277
0.99969906
0.99990940
0.99975488
0.99982197
0.99983392
0.99998995
0.99979745
0.99999805
0.99868619
0.99998507
0.99999983
0.99999232
0.99999851
0.98584230
0.99999685
0.99865803
0.99999960
0.98302090
0.99999333
0.99986051
0.97963100
0.99999925
0.99999494
0.99961716
0.99999947
0.99993659
0.99995212
0.99999229
0.99997626
0.99966724
0.99999973
0.99995771
0.99963524
0.99997948
0.99665027
0.99891031
0.99999788
0.99999998
0.99999935
0.99979887
0.99999093
0.99999770
0.99999994
0.99997184
0.99999927
0.99998414
0.99979653
0.99988327
0.99956395
0.99855055
0.99999305
0.99999994
0.99985405
0.99998875
0.99967575
0.99999957
0.99622855
0.99999992
0.99999968
0.99999997
0.99888692
0.99993153
0.99999989
0.99916228
0.99998923
0.99999925
0.99999957
0.99989694
0.99999258
0.99999424
0.99999767
0.99944874
0.99999168
0.99999036
0.99999711
0.97846740
0.99519929
0.99997540
0.99987938
0.99895459
0.99999459
0.99999808
0.99999615
0.99980415
0.99999905
0.99998845
0.99999976
0.99999305
0.99999009
0.99999998
0.99978441
0.99998491
0.99999276
0.99999920
0.99999991
0.99999946
0.99997718
0.99986116
0.99740256
0.99328123
0.99955367
0.99996565
0.99987106
0.99979650
0.96762300
0.99996619
0.99984788
0.99989523
0.99997536
0.99998953
0.99979583
0.99999992
0.99994304
0.99978555
0.99914596
0.99626886
0.99975196
0.99995741
0.99652424
0.99999911
0.99999981
0.97554115
0.99282214
0.99997344
0.99977976
0.99999689
0.99997864
0.99999831
0.99999904
0.99999952
0.94342473
0.99996046
0.99889998
0.99999651
0.99999999
0.99999395
0.99988492
0.99998207
0.99998571
0.99986622
0.99949030
0.99995835
0.99999787
0.99133144
0.99986731
0.99004188
0.99995937
0.99992332
0.99997750
0.99987709
0.99924502
0.99999121
0.99999879
0.99862101
0.99994301
0.99532012
0.99999978
0.99920795
0.99982216
0.99934772
0.99999120
0.99998744
0.98718220
0.99985573
0.99837906
0.99915976
0.99999565
0.99999982
0.99779264
0.99997726
0.98762571
0.99849703
0.99995635
0.99984001
0.99999134
0.99998329
0.99975265
0.99998824
0.99997407
0.99999955
0.99982416
0.99998791
0.99999127
0.99998256
0.99607774
0.99999964
0.99936284
0.99999818
0.99959523
0.99999579
0.99998033
0.99999996
0.99944001
0.99999204
0.99986368
0.99999934
0.99800711
0.99993501
