0.94653021
0.75604518
0.48992712
0.37065829
0.88914149
0.80625054
0.85726207
0.25154085
0.82646516
0.85138652
0.82125146
0.37914936
0.65323453
0.29816981
0.69777477
0.34936111
0.85128186
0.28052135
0.80040161
0.30688859
0.78845126
0.12338616
0.31222508
0.92280221
0.61931049
0.33702323
0.27374593
0.67109195
0.84299932
0.83431962
0.91279832
0.29146178
0.49843965
0.50961377
0.54633860
0.90858412
0.87902745
0.88009768
0.87657185
0.74396591
0.86330845
0.57799990
0.92630820
0.40302279
0.90151480
0.21725391
0.83022891
0.90596669
0.32637320
0.43927876
0.85776255
0.53817735
0.76208494
0.95825536
0.80468033
0.86101680
0.57934718
0.86227855
0.59400261
0.96795941
0.21982532
0.53840926
0.17688183
0.41401129
0.60618743
0.73988347
0.91102202
0.33794043
0.37694967
0.71768524
0.82592587
0.87715452
0.91005057
0.93736352
0.89615852
0.87103963
0.44037417
0.78211581
0.40061902
0.78186032
0.39966086
0.48285368
0.55525228
0.34648056
0.19845466
0.73803357
0.37867644
0.66397667
0.34163756
0.85246320
0.67422275
0.30411579
0.35849648
0.32722699
0.88055969
0.75339299
0.87074031
0.96974890
0.76889640
0.23419139
0.63675683
0.82615612
0.67380336
0.87788978
0.56450759
0.33459887
0.56062112
0.54667375
0.27863768
0.88995080
0.68023266
0.49090297
0.24503116
0.46487208
0.86269510
0.68070770
0.86615826
0.65845101
0.43817668
0.86011941
0.88578615
0.90816206
0.37327716
0.62497600
0.69460606
0.28404629
0.87638073
0.86351672
0.65345926
0.58161061
0.96904231
0.64236932
0.45904079
0.91570425
0.57810088
0.75946425
0.55062541
0.25877231
0.60703686
0.18718688
0.68897264
0.72006165
0.50277747
0.88048972
0.31864223
0.89233942
0.92969512
0.59175530
0.96153685
0.71730794
0.27092608
0.78212576
0.36832813
0.76639805
0.50852466
0.52288881
0.31283244
0.86678573
0.42795305
0.57516535
0.89009132
0.61946310
0.54460946
0.84372812
0.94965537
0.28109419
0.65788614
0.89018484
0.71075887
0.79716611
0.52967887
0.68565210
0.28114599
0.74190951
0.89263276
0.95531513
0.54588822
0.92462066
0.87998097
0.64009667
0.40542287
0.73057631
0.40097087
0.74649746
0.75662679
0.43286437
0.89464344
0.73963578
0.39565014
0.54634263
0.80345023
0.50023130
0.50243912
0.38909735
0.68661248
0.54077320
0.90064293
0.19622245
0.74233647
0.36297078
0.80855694
0.33224931
0.26596674
0.93493196
0.30559894
0.42824946
0.77426019
0.93228729
0.41325866
0.90903682
0.45613046
0.74118974
0.55742517
0.78728209
0.85276329
0.75121833
0.78632352
0.72294099
0.90221106
0.96201822
0.32659931
0.86594824
0.73125474
0.18218273
0.89933724
0.34653760
0.84031485
0.72806206
0.55091890
0.89217400
0.47358999
0.84621795
0.64786184
0.70097774
0.16579530
0.58957456
0.17420268
0.92105028
0.59731835
0.94011116
0.21962929
0.30260212
0.86251895
0.63259810
0.94434947
0.86388287
0.67413689
0.90285283
0.82716326
0.14401569
0.47904394
0.42815409
0.81122744
0.22043030
0.50678872
0.36078505
0.30742547
0.29431277
0.53787422
0.77264608
0.76775054
0.74725357
0.24861285
0.80045629
0.35371582
0.54776553
0.57370893
0.88925183
0.64418166
0.65161847
0.15208366
0.94669072
0.79645150
0.04763763
0.42678413
0.77448208
0.41459924
0.83181101
0.39722411
0.86406522
0.91158082
0.85593289
0.94515349
0.75154651
0.79748309
0.77803704
0.92445132
0.17071334
0.67057275
0.72778625
0.69043901
0.66785159
0.43758507
0.58547855
0.45386113
0.63763006
0.40341620
0.59513703
0.48854667
0.63306736
0.73757788
0.92385050
0.89809316
0.37345320
0.87475647
0.62153582
0.37878562
0.28331355
0.90457479
0.78228881
0.55892482
0.57391450
0.90129208
0.53564219
0.85592269
0.45108113
0.59662929
0.52250191
0.37919081
0.60128886
0.52586210
0.31133744
0.45296440
0.92602153
0.18819923
0.59469887
0.82765158
0.69390394
0.39542239
0.65329055
0.89513366
0.75776460
0.12890472
0.54689663
0.68233059
0.85917089
0.42629028
0.28319179
0.53043685
0.29531323
0.83712881
0.95368820
0.49681543
0.75760676
0.58620987
0.52449663
0.76945481
0.77945982
0.42502038
0.29356962
0.46042942
0.78416361
0.69829328
0.48395692
0.29368104
0.34149641
0.83826489
0.55687916
0.49318357
0.69858437
0.68406566
0.40328292
0.41421230
0.83793359
0.61770454
0.57538818
0.60460285
0.32611674
0.24888728
0.44504603
0.74623319
0.84979209
0.26255342
0.17815043
0.46707440
0.21428884
0.64951111
0.29475067
0.67348502
0.44370467
0.18591939
0.37822435
0.59807683
0.54002727
0.79441839
0.53830541
0.91372623
0.40227752
0.68232876
0.92457166
0.21277921
0.63586009
0.67682206
0.77657145
0.32628427
0.44732285
0.62362309
0.16522278
0.81352440
0.77701736
0.67020990
0.03387896
0.41893177
0.93539005
0.87678644
0.53648455
0.15569197
0.31772499
0.59205634
0.56232722
0.29582420
0.79607114
0.65097967
0.29804676
0.24659171
0.84023987
0.53002770
0.37865799
0.85182922
0.69375947
0.49737738
0.58563308
0.89541034
0.37252724
0.31333541
0.64985051
0.48556817
0.92314102
0.91353972
0.73796926
0.77998671
0.73037171
0.74982049
0.79245636
0.43701249
0.83111262
0.75314287
0.89275344
0.83640011
0.60104938
0.55311484
0.29154732
0.81757634
0.08979557
0.91053880
0.66788153
0.39003896
0.83825440
0.68797385
0.63151759
0.75178890
0.95445872
0.31005843
0.74724274
0.81745247
0.76155466
0.94119666
0.83088525
0.62252036
0.95458578
0.49771904
0.95238339
0.73426337
0.84058513
0.26832508
0.34628129
0.63075972
0.40706407
0.76099790
0.46819018
0.77631549
0.92272341
0.59589890
0.76421859
0.27380949
0.40414738
0.64406646
0.64483828
0.75820186
0.75598008
0.70068786
0.90668265
0.77018299
0.53738710
0.67789906
0.30453048
0.65139072
0.41751784
0.45951675
0.70078737
0.81655962
0.67935897
0.75390235
0.92507806
0.76286041
0.66594165
0.51626436
0.49767457
0.74952689
0.70980312
0.90771023
0.44520451
0.70476381
0.70893619
0.42682475
0.07260024
0.94002685
0.71783685
0.73323551
0.40757208
0.63709733
0.84274984
0.64828881
0.18337782
0.23325037
0.32488779
0.85577517
0.59965513
0.12775487
0.57530866
0.43991990
0.90931803
0.22941290
0.55233370
0.88076448
0.59912562
0.49253903
0.16336317
0.90314062
0.85591871
0.44657529
0.89066073
0.71809963
0.91903395
0.78207095
0.70348615
0.77641162
0.50160561
0.93402994
0.58768830
0.29723484
0.19529426
0.88258492
0.48406662
0.70651359
0.62854057
0.89165577
0.75543784
0.71989161
0.64872298
0.75275227
0.91423710
0.62129750
0.78520094
0.86173067
0.51815767
0.51375482
0.84087703
0.61139649
0.65543781
0.47050216
0.50735548
0.85870256
0.22827126
0.53112474
0.78425191
0.51898530
0.85240061
0.77293710
0.52794181
0.20722126
0.49630588
0.45258609
0.55927049
0.54577114
0.80187725
0.59109290
0.74177016
0.58761112
0.61125790
0.50830737
0.85730042
0.77400018
0.57073261
0.29777621
0.94345818
0.43089073
0.58056677
0.80086568
0.72176719
0.65417052
0.49128125
0.30480822
0.78705818
0.18926666
0.63322754
0.64761419
0.83832236
0.23924968
0.20856794
0.75205966
0.79269075
0.47148880
0.69164743
0.80027301
0.78608149
0.85422486
0.80732820
0.35525900
0.74691262
0.33137730
0.53436276
0.75705527
0.79314419
0.70333986
0.51185285
0.59813075
0.74565513
0.07549308
0.47010676
0.94955607
0.79724028
0.63470472
0.88244812
0.74933722
0.45947279
0.78224504
0.53203730
0.85108585
0.85914228
0.66769659
0.82793606
0.51459287
0.74593977
0.75056775
0.84898860
0.14852012
0.23368073
0.95191076
0.75953384
0.82334769
0.84855670
0.73611150
0.67905013
0.54746133
0.83676634
0.61248294
0.88002663
0.71059684
0.74287079
0.22040651
0.30100040
0.39019062
0.64881208
0.84606039
0.54250231
0.86932973
0.39267024
0.80598083
0.72180154
0.69325923
0.46121393
0.24106032
0.91822001
0.64741774
0.51171263
0.47292479
0.54577454
0.57534663
0.27254145
0.69093080
0.58211920
0.24843383
0.65411317
0.29072096
0.60561733
0.57139082
0.59474570
0.42117490
0.56296585
0.87468695
0.88390624
0.50657898
0.81992512
0.55758782
0.23679370
0.60894834
0.65601585
0.77344371
0.66215894
0.21348541
0.41817949
0.93926822
0.42365927
0.74133232
0.34185663
0.19068068
0.79796337
0.65849497
0.40580450
0.09562463
0.78221143
0.62304837
0.11401379
0.37973611
0.82792686
0.94687215
0.72488931
0.64266167
0.65004893
0.14548072
0.91243836
0.89837926
0.69195470
0.45272574
0.87344870
0.62012112
0.42229670
0.72240117
0.52274456
0.24643486
0.35129002
0.70299473
0.35969311
0.22146207
0.81930443
0.75136580
0.28743275
0.91755859
0.79052460
0.41863677
0.24366495
0.83680773
0.84751480
0.34330554
0.47831363
0.44496148
0.57567890
0.66639427
0.37140354
0.92223087
0.56447378
0.75538294
0.47480211
0.57656632
0.55291950
0.33583314
0.75119841
0.93341425
0.45319837
0.23532412
0.65315377
0.84455426
0.33088836
0.94419301
0.67534198
0.63300031
0.50127978
0.26192200
0.85387870
0.30126314
0.72025403
0.46104317
0.91330602
0.19708116
0.57998037
0.79001193
0.35427332
0.92241097
0.43721067
0.89351812
0.86706578
0.48025094
0.56877031
0.35757480
0.85135086
0.93751216
0.68046144
0.71766373
0.29733171
0.76689163
0.87793591
0.92471817
0.80858760
0.28417993
0.56995603
0.94991496
0.30453727
0.51641861
0.21438434
0.60397919
0.81526385
0.91138892
0.90059252
0.58880865
0.30692331
0.92667402
0.90697664
0.41617821
0.95516969
0.34040642
0.68880440
0.62634330
0.71330740
0.63255135
0.66479927
0.26086805
0.35147677
0.97688539
0.47753896
0.88692940
0.84487872
0.93092671
0.89578273
0.57837804
0.19301803
0.53069377
0.37521090
0.36935648
0.39858995
0.02796357
0.52565360
0.42435242
0.21292204
0.22639073
0.62278836
0.64968087
0.68532127
0.66803169
0.85697219
0.72087223
0.88980496
0.16728016
0.76475907
0.70113877
0.64240517
0.43972487
0.67158859
0.37581621
0.56266382
0.39000827
0.88848203
0.29228707
0.76901013
0.78266086
0.95123236
0.65695088
0.26491544
0.22629379
0.60370877
0.23379968
0.72988668
0.89019756
0.34348945
0.58314690
0.82396572
0.36866399
0.75695850
0.71929723
0.56805657
0.23591139
0.55086068
0.77237498
0.71612178
0.39174776
0.58133702
0.37103211
0.24143515
0.14031637
0.78598392
0.69212793
0.66572051
0.83770192
0.85967171
0.07633561
0.48457058
0.81994463
0.80453340
0.77609337
0.51382832
0.30789974
0.43187286
0.72249893
0.39221307
0.80246718
0.70300408
0.72132086
0.76988976
0.71062238
0.62616631
0.69304315
0.76960543
0.69088421
0.57524533
0.54086479
0.68346582
0.43450078
0.46301713
0.27311392
0.76878141
0.39013155
0.43618294
0.67592633
0.66286497
0.56889518
0.97576818
0.62283346
0.87094477
0.48162199
0.82921921
0.07154292
0.14484450
0.23925260
0.15580013
0.68878960
0.93506434
0.83605069
0.53212252
0.92025973
0.56049140
0.77845904
0.46347559
0.74385021
0.32005185
0.94987546
0.79977821
0.64063516
0.40180798
0.69474345
0.60801117
0.55851370
0.19156491
0.88314536
0.48614632
0.90323271
0.85648282
0.22075774
0.59656256
0.83884230
0.90937707
0.63300896
0.88825672
0.45045313
0.74864314
0.55104367
0.37875635
0.13385812
0.28435019
0.35106585
0.81377135
0.26810527
0.83986054
0.84623698
0.72203837
0.20896721
0.27556780
0.85478833
0.74739099
0.48570517
0.65791494
0.93871607
0.40081340
0.44728050
0.90811984
0.16669312
0.80116672
0.87743335
0.75561486
0.39831396
0.65870565
0.71343871
0.25049928
0.36581102
0.90340955
0.88619955
0.87715522
0.58195687
0.31775525
0.64990797
0.54892513
0.83912365
0.61809500
0.34515704
0.73973172
0.65137461
0.74721079
0.91051705
0.70196796
0.79845643
0.64532606
0.50564282
0.94533928
0.75391336
0.61569367
0.11587069
0.72459786
0.64654321
0.32068843
0.94139047
0.41933086
