0.00466440
0.32092560
0.05821458
0.29851061
0.28405094
0.11949516
0.09714842
0.35969418
0.20776205
0.16721577
0.21174890
0.37436811
0.34499189
0.30759407
0.13280363
0.32898416
0.11944657
0.41494999
0.21499687
0.10403062
0.33270097
0.33964618
0.07350415
0.39758353
0.26093951
0.42618200
0.28425429
0.22204901
0.34714323
0.35235797
0.22412103
0.04110603
0.24013144
0.15518070
0.36634964
0.47158635
0.41974222
0.23454894
0.43498107
0.25102778
0.33245212
0.00723423
0.03058857
0.29040786
0.31792704
0.38753910
0.24084108
0.44145505
0.30295652
0.03315297
0.27772045
0.36115051
0.16031039
0.06293456
0.33445404
0.35661479
0.36890939
0.23684704
0.35548267
0.10999337
0.33014934
0.16083580
0.31823352
0.28856330
0.35188398
0.34653789
0.23484834
0.40706191
0.16603195
0.22218959
0.27473831
0.46326578
0.36762268
0.22153466
0.27343155
0.33350346
0.44513104
0.37748010
0.12139014
0.34321527
0.31823924
0.16044987
0.20244380
0.14377635
0.31325307
0.19087816
0.33408277
0.27242374
0.22821569
0.14921884
0.34494967
0.08062682
0.12202691
0.32664457
0.46876267
0.30945682
0.31301318
0.47461209
0.34963661
0.15617258
0.44278769
0.11815555
0.15117342
0.20420396
0.12611569
0.42098332
0.19919637
0.40367484
0.31764922
0.04423732
0.18660162
0.40585770
0.42937684
0.12822632
0.43781699
0.40273332
0.35491540
0.26564772
0.28457141
0.25301101
0.40208061
0.20020903
0.40414804
0.22735941
0.08014834
0.31142729
0.24517485
0.22227365
0.13564750
0.11607898
0.42123433
0.24505360
0.28815233
0.29902956
0.40337756
0.49286818
0.31200019
0.27353085
0.43827818
0.15098181
0.33183197
0.25421808
0.24622686
0.36944119
0.34979418
0.20170672
0.24423033
0.14478153
0.26846879
0.43729450
0.24826325
0.20362338
0.31314335
0.29908007
0.27899034
0.24103116
0.31227898
0.20159817
0.41806352
0.35310415
0.40200824
0.30831440
0.03268745
0.25033606
0.20612380
0.21365551
0.06059807
0.04932997
0.47079612
0.37284381
0.16461066
0.33836115
0.42181984
0.26249115
0.34643362
0.33556349
0.41494609
0.40356449
0.17547842
0.38957264
0.26963731
0.37885521
0.29384944
0.40020090
0.15640138
0.41554182
0.21678121
0.22671011
0.29971459
0.29023914
0.21998285
0.38388905
0.35956743
0.00964951
0.31894145
0.03681296
0.40224131
0.09984164
0.17325570
0.12749351
0.38761852
0.17340708
0.26600551
0.34822019
0.42398445
0.27147866
0.39881132
0.32463769
0.15131016
0.22113474
0.31178041
0.44921402
0.38179694
0.31612569
0.31188190
0.27038580
0.16149838
0.31140679
0.17587070
0.45311600
0.17637040
0.08539936
0.43508581
0.31547206
0.08219900
0.19681877
0.12199424
0.43563421
0.20809327
0.25850096
0.22256081
0.21626852
0.17950074
0.22093377
0.45384800
0.13948044
0.20468985
0.37360538
0.34551628
0.37850143
0.21252930
0.29357589
0.09548425
0.31015401
0.38433039
0.15722814
0.36451647
0.34059434
0.06855625
0.16864473
0.29758481
0.38306131
0.10293433
0.41385141
0.26741235
0.24682569
0.20089466
0.24101640
0.37379347
0.00041764
0.16123250
0.43601980
0.09883393
0.30616693
0.36376164
0.16000261
0.37368635
0.24246510
0.52153864
0.04574210
0.32091520
0.28276921
0.31591875
0.24905122
0.41546885
0.23129919
0.18952899
0.34348949
0.29731388
0.25042732
0.32358410
0.12692105
0.45380066
0.17219449
0.30718239
0.43499291
0.31849684
0.22337755
0.17285500
0.39114113
0.27561419
0.41807558
0.42465798
0.35929571
0.12594721
0.39689468
0.29294093
0.44421071
0.28811474
0.29002748
0.12395920
0.34784004
0.20874240
0.22405372
0.06343055
0.35328319
0.14735003
0.15866857
0.24798224
0.07586110
0.44101831
0.34142553
0.38502018
0.29959670
0.16751245
0.31400739
0.04011822
0.28196788
0.37550776
0.35141602
0.17556725
0.15019101
0.01009128
0.14862565
0.10057565
0.37490610
0.49391624
0.26732636
0.51179894
0.29130930
0.16535607
0.49372649
0.24563242
0.33024828
0.38809437
0.35660990
0.09418292
0.07228479
0.29052760
0.40595336
0.32450460
0.37135904
0.29370942
0.38559418
0.21805859
0.13327656
0.18247930
0.43500845
0.38005431
0.26508090
0.13270835
0.42247036
0.36779102
0.02891630
0.33316023
0.38161200
0.18461416
0.17162397
0.12208421
0.17191587
0.37298913
0.08788989
0.27871427
0.30622213
0.16403614
0.07150032
0.28344419
0.33677774
0.00569599
0.17039590
0.34277761
0.39992588
0.08319715
0.13374705
0.44852113
0.23770758
0.29445814
0.28228692
0.12701590
0.15283205
0.26292794
0.27176376
0.15792833
0.26884766
0.31170566
0.37668348
0.07987786
0.43413243
0.37756476
0.08010008
0.40391428
0.17118731
0.35405333
0.28028128
0.19506953
0.16496700
0.43029488
0.39978602
0.15694200
0.23231810
0.16864487
0.33838393
0.37828997
0.23475453
0.37072882
0.07878446
0.38013424
0.36905247
0.26876873
0.23304293
0.16889586
0.20364076
0.28525341
0.16732745
0.39761969
0.19372841
0.02780880
0.37637672
0.31208057
0.27158142
0.07154520
0.27386545
0.26365312
0.20318992
0.26630332
0.19679165
0.31945669
0.21700601
0.36715805
0.37749295
0.30818844
0.46193445
0.38996318
0.09024969
0.23076476
0.40420250
0.35503310
0.47701320
0.29536650
0.31085216
0.27037353
0.28814266
0.05822443
0.06180794
0.27482396
0.12896600
0.38816610
0.36542744
0.28034028
0.24634558
0.36121704
0.41758207
0.43841733
0.23029287
0.41149948
0.29019779
0.09623817
0.35392035
0.36550297
0.51272490
0.37049262
0.20440066
0.29236767
0.28848037
0.04965086
0.17100367
0.37166426
0.43942035
0.32324096
0.16505455
0.21709497
0.11497932
0.29054537
0.23808627
0.17613308
0.18138795
0.07159418
0.26900881
0.39489337
0.48044731
0.17690121
0.17488409
0.34682792
0.04880696
0.34342904
0.34708447
0.13050632
0.24913673
0.18985686
0.20106889
0.15051474
0.38456922
0.37256974
0.14171041
0.13869443
0.29138316
0.23132224
0.33263319
0.19781616
0.35293710
0.18228037
0.37640343
0.01133255
0.22559186
0.11516094
0.33697823
0.18605059
0.29934342
0.40334189
0.31741543
0.13063546
0.03571951
0.12235986
0.49345250
0.24388560
0.13368657
0.16720591
0.35247491
0.45048999
0.31779430
0.15099434
0.28392897
0.36088242
0.30024539
0.42933191
0.11250196
0.40535998
0.37762249
0.39826602
0.40132432
0.22676137
0.04789209
0.25967131
0.32788315
0.45387554
0.18133089
0.35169515
0.30187717
0.25683153
0.35120738
0.21079522
0.26301695
0.39775059
0.55439639
0.22708876
0.40071341
0.20106148
0.17538102
0.19717201
0.35937807
0.31326776
0.30976106
0.30085674
0.14316613
0.31396771
0.20688921
0.23850434
0.41114197
0.17964867
0.36386261
0.36012645
0.36944968
0.09323876
0.46982766
0.38612071
0.37828801
0.33864618
0.10864161
0.38479750
0.45423530
0.07973949
0.31771005
0.02131228
0.19693103
0.38977640
0.24987272
0.26022719
0.06781041
0.28548770
0.44136224
0.31414357
0.29456207
0.42384033
0.14129709
0.40064037
0.23673997
0.31333847
0.32223420
0.09451828
0.19246571
0.28498448
0.46067234
0.18011417
0.20227447
0.27419624
0.14275257
0.36983216
0.09778010
0.49117527
0.42830612
0.44096252
0.30324283
0.17962217
0.32816428
0.46566268
0.05112160
0.28417502
0.39855881
0.39774091
0.34341455
0.21979475
0.12694502
0.47426652
0.36450203
0.16601654
0.22787150
0.13863769
0.26758724
0.49905166
0.33831355
0.01153101
0.10531478
0.30580901
0.27647748
0.16928667
0.15598767
0.28509776
0.13125996
0.26996822
0.32845590
0.44120327
0.30097010
0.16829817
0.38453627
0.32835924
0.37504723
0.08208736
0.07317522
0.32719878
0.06764084
0.41728993
0.29623168
0.38380411
0.29752185
0.07228211
0.21514421
0.14578322
0.22282973
0.17199531
0.41527382
0.00032343
0.34093852
0.20664397
0.08203457
0.09526256
0.37988110
0.31405731
0.36812366
0.22157815
0.35530476
0.05438882
0.35760113
0.30907716
0.46358953
0.32226653
0.21377113
0.20981435
0.34308955
0.49019002
0.20039186
0.27783126
0.41082582
0.27410923
0.20272579
0.04588831
0.36817944
0.33214213
0.17090072
0.40948106
0.36479710
0.16734243
0.30698518
0.26713936
0.18381388
0.25577430
0.42538076
0.22014864
0.16451461
0.15548859
0.46241163
0.26870133
0.32414756
0.34882871
0.11343379
0.31542558
0.15614892
0.34638760
0.17980295
0.19787307
0.32157768
0.32441196
0.32349310
0.31932420
0.44868023
0.41634785
0.19354045
0.41203286
0.36786173
0.23475498
0.34672994
0.12476985
0.10628390
0.05766245
0.33072855
0.26539155
0.24244038
0.32159430
0.25139448
0.45250739
0.33293696
0.21885888
0.19451065
0.33301927
0.33332547
0.02704287
0.38061580
0.05064238
0.28982719
0.27673198
0.37750149
0.39245684
0.18797110
0.25800224
0.28774831
0.29272712
0.03417535
0.30911531
0.27893069
0.29320135
0.24420949
0.29447332
0.26715627
0.29871264
0.03242618
0.42456760
0.29814473
0.00638297
0.14030261
0.19326753
0.32005856
0.15940639
0.33481995
0.01541093
0.08689454
0.14529792
0.05113961
0.31837459
0.37230957
0.16596167
0.25371341
0.49279777
0.09803213
0.02840339
0.24083106
0.06789355
0.36900039
0.10636092
0.34228972
0.43231564
0.32808312
0.30537472
0.33488692
0.44744939
0.10018118
0.06170627
0.36848088
0.21304693
0.25559410
0.37466425
0.41984504
0.42984494
0.18996231
0.28706408
0.22233656
0.13267730
0.28683382
0.24348136
0.46437799
0.43748958
0.25081241
0.32130028
0.33435707
0.27055853
0.15457036
0.34112857
0.36847888
0.12264299
0.29552246
0.27211993
0.07580003
0.34642944
0.46449245
0.18122671
0.26673424
0.25431520
0.24212972
0.21367003
0.44303740
0.30746076
0.37461028
0.35352372
0.43668066
0.45967413
0.40144372
0.04673974
0.24334681
0.06938918
0.20401655
0.30545935
0.23995681
0.04403872
0.24967364
0.12519493
0.31509950
0.18150407
0.23413388
0.06462495
0.28653520
0.24803789
0.16270148
0.20276013
0.27002875
0.36692713
0.25976569
0.11938124
0.38274752
0.11120528
0.24537635
0.30988365
0.11828413
0.54749508
0.29993223
0.17918312
0.11498638
0.30866895
0.43187013
0.14410850
0.28058391
0.40495878
0.44001440
0.21551226
0.31572258
0.12655024
0.39636365
0.24015751
0.31559846
0.38397998
0.18006655
0.37742091
0.10872501
0.49134052
0.44645759
0.39757770
0.26024163
0.01514342
0.42832271
0.13943679
0.39491830
0.12595148
0.10931626
0.07396749
0.23261953
0.18961042
0.49440351
0.26755502
0.24903029
0.28777178
0.24155346
0.36715110
0.39368583
0.52423919
0.42191911
0.31826214
0.32701696
0.31031525
0.42885974
0.10360195
0.07918044
0.39390061
0.31401013
0.26474062
0.34870627
0.31963260
0.19224405
0.08524036
0.00922168
0.38719573
0.15700381
0.28961875
0.12028971
0.48632600
0.39793558
0.33437482
0.31673101
0.47502455
0.29154356
0.17059026
0.33087194
0.23942542
0.32374425
0.26434869
0.13745981
0.14255627
0.27289880
0.24596314
0.13854015
0.36536787
0.19151975
0.32099307
0.14219123
0.41399809
0.06613623
0.15698069
0.04118094
0.26136756
0.35526653
0.27331743
0.24212756
0.37767738
0.43079644
0.27434635
0.10449460
0.29081814
0.20238268
0.11526677
0.25363889
0.30224628
0.36872692
0.37207373
0.30130480
0.24548051
0.37302075
0.34705391
0.30093036
0.19503676
0.24679344
0.18810789
0.12458137
0.11009994
0.46845807
0.22069856
0.08097778
0.39911794
0.31557495
0.03816123
0.17604990
0.27692992
0.22032092
0.14082536
0.34857760
0.18989242
0.21376186
0.35713187
0.00583905
0.28382921
0.14113921
0.21271580
0.41369770
0.40883052
0.32305102
0.41335983
0.02667865
0.05219898
0.10322080
0.29746766
0.34011453
0.51049586
0.31570738
0.37790115
0.32580519
0.49157785
0.33259168
0.41670648
0.23750939
0.41570130
0.13793994
0.00949079
0.22392281
0.40277041
0.21593622
0.02534298
0.35769373
0.46899203
0.30135273
0.06525781
0.30221262
0.17674821
0.18195854
0.14326422
0.23886469
