0.99977121
0.99998962
0.99997396
0.99999567
0.99999401
0.99995054
0.99994336
0.99928978
0.99982260
0.99968320
0.99994766
0.99998187
0.99999258
0.99734950
0.99998920
0.99999678
0.99990401
0.99993681
0.99984354
0.99957406
0.99999950
0.99993820
0.99991583
0.99974460
0.99979924
0.99998003
0.99989329
0.99972133
0.99999883
0.99954589
0.99955528
0.99917414
0.99946576
0.99997202
0.99999425
0.99998230
0.99990979
0.99981567
0.99996972
0.99553667
0.99999378
0.99991740
0.99995394
0.99995511
0.99994332
0.99918404
0.99999832
0.99994817
0.99998361
0.99994520
0.99967596
0.99995377
0.99949721
0.99994587
0.99999461
0.99997014
0.99931050
0.99912874
0.99952293
0.99974571
0.99996292
0.99775657
0.99987254
0.99999374
0.99929581
0.99999935
0.99994650
0.99999632
0.99979577
0.99964228
0.99489179
0.99962723
0.99995423
0.99975221
0.99998274
0.99995356
0.99998027
0.99991208
0.99975389
0.99552477
0.99935228
0.99999846
0.99998636
0.99999435
0.99998280
0.99995416
0.99992935
0.99993736
0.99999955
0.99983869
0.99986758
0.99999604
0.99997535
0.99987539
0.99999035
0.99917979
0.99999554
0.99985465
0.99912228
0.99998969
0.99989895
0.99991868
0.99457160
0.99997204
0.99995494
0.99992045
0.99976932
0.99979764
0.99985516
0.99997529
0.99915658
0.99999863
0.99741102
0.99978609
0.99998691
0.99841515
0.99993442
0.99995066
0.99984201
0.99998889
0.99674500
0.99999404
0.99959090
0.99990552
0.99857098
0.99992578
0.99999329
0.99750474
0.99997760
0.99999426
0.99998224
0.99988277
0.99668439
0.99841166
0.99984649
0.99995958
0.99999158
0.99999235
0.99997508
0.99992590
0.99999919
0.99962130
0.99991715
0.99971259
0.99985702
0.99975790
0.99999357
0.99999686
0.99999064
0.99983582
0.99997154
0.99993773
0.99926174
0.99939280
0.99959836
0.99768096
0.99995829
0.99988574
0.99999462
0.99988257
0.99986506
0.99999473
0.99867227
0.99992779
0.99459368
0.99998816
0.99999700
0.99999960
0.99998937
0.99999718
0.99999951
0.99973229
0.99998058
0.99979863
0.99993706
0.99932734
0.99915237
0.99999925
0.99966260
0.99996112
0.99996145
0.99997444
0.99997846
0.99968936
0.99995258
0.99986188
0.99999991
0.99997823
0.99992850
0.99994329
0.99918168
0.99991298
0.99999034
0.99995484
0.99995873
0.99963741
0.99999693
0.99999194
0.99683395
0.99993738
0.99984668
0.99994264
0.99945082
0.99999144
0.99783673
0.99992996
0.99933035
0.99997853
0.99914312
0.99961233
0.99999931
0.99987691
0.99996085
0.99999455
0.99998359
0.99991505
0.98432995
0.99999038
0.99996934
0.99987349
0.99953916
0.99981942
0.99999875
0.99968531
0.99999053
0.99997776
0.99999125
0.99998962
0.99991328
0.99997643
0.99582782
0.99981940
0.99761412
0.99991894
0.99999937
0.99920780
0.99992192
0.99998514
0.99984358
0.99897635
0.99999209
0.99966982
0.99993440
0.99999394
0.99826603
0.99953479
0.98864050
0.99993873
0.99844970
0.99985935
0.99999752
0.99534090
0.99998944
0.99940372
0.99795754
0.99677408
0.99965468
0.99956291
0.99999403
0.99965421
0.99994179
0.99794798
0.99974781
0.99996437
0.99962460
0.99992723
0.99996783
0.99999633
0.99996360
0.99999668
0.99579291
0.99964922
0.99992500
0.99999923
0.99999546
0.99959881
0.99987338
0.99961055
0.99996944
0.99998292
0.99998626
0.99998607
0.99995880
0.99999975
0.99999207
0.99978501
0.99998669
0.99991786
0.99999957
0.99977003
0.99984149
0.99869970
0.99998925
0.99868612
0.99991323
0.99906836
0.99961861
0.99923946
0.99863974
0.99400235
0.99993897
0.99691352
0.99999681
0.99998171
0.99979155
0.99946276
0.99982330
0.99999819
0.99997103
0.99993176
0.99986552
0.99995661
0.99999670
0.99999546
0.99999077
0.99979969
0.99997239
0.99999219
0.99999813
0.99991189
0.99994233
0.99991663
0.99980926
0.99995873
0.99957935
0.99996218
0.99999402
0.99996860
0.99997653
0.99997123
0.99998225
0.99718224
0.99995360
0.99998054
0.99985379
0.99999399
0.99981707
0.99999857
0.99996900
0.99999263
0.99992777
0.99997952
0.99880480
0.99997690
0.99999043
0.99999536
0.99999830
0.99976949
0.99662813
0.99838398
0.99998632
0.99999563
0.99948474
0.99998960
0.99996746
0.99927818
0.99999778
0.99671411
0.99999599
0.99979000
0.99999958
0.99999585
0.99979748
0.99916331
0.99998202
0.99870834
0.99965138
0.99755585
0.99557762
0.99987307
0.99880200
0.99712499
0.99193458
0.99991778
0.99999821
0.99998732
0.99999859
0.99988942
0.99999686
0.99949027
0.99974081
0.99984962
0.99997474
0.99997757
0.99985539
0.99979382
0.99405681
0.99997463
0.99998961
0.99836755
0.98941883
0.99875554
0.99977151
0.99985859
0.99991704
0.99732899
0.99992687
0.99974061
0.99998783
0.99999416
0.99995028
0.99991928
0.99996575
0.99999301
0.99999807
0.99999237
0.99920624
0.99995749
0.99921457
0.99936762
0.99995368
0.99989340
0.99994410
0.99999452
0.99993962
0.99996998
0.99967894
0.99975719
0.99880127
0.99995166
0.99929981
0.99974284
0.99972909
0.99654631
0.99396042
0.99999470
0.99994570
0.99996679
0.99997420
0.99995315
0.99999109
0.99953080
0.99915050
0.99993034
0.99999814
0.99999792
0.99999938
0.99945520
0.99998977
0.99794004
0.99983015
0.99952947
0.99993564
0.99999074
0.99998652
0.99991195
0.99999345
0.99976044
0.99994142
0.99995040
0.99983057
0.99999825
0.99885010
0.99994101
0.99989355
0.99999686
0.99999148
0.99950651
0.99686025
0.99726428
0.99996540
0.99915623
0.99992086
0.99983941
0.99974497
0.99975768
0.99978249
0.99962951
0.99999504
0.99998567
0.99721209
0.99995817
0.99995955
0.99998496
0.99990192
0.99999866
0.99987776
0.99975222
0.99960647
0.99996591
0.99995299
0.99938689
0.99438312
0.99984988
0.99944759
0.99973583
0.99999910
0.99963138
0.99997989
0.99979233
0.99999659
0.99999718
0.99988033
0.99988085
0.99783939
0.99977638
0.99999429
0.99982554
0.99980292
0.99976446
0.99997051
0.99999186
0.99835796
0.99958825
0.99975593
0.99996531
0.99999804
0.99994333
0.99998306
0.99992752
0.99978940
0.99294957
0.99970180
0.99998858
0.99999624
0.99998150
0.99997929
0.99954634
0.99997913
0.99977652
0.99997042
0.99943927
0.99835224
0.99966333
0.99372458
0.99903016
0.99999758
0.99986294
0.99896034
0.99998150
0.99951158
0.99990188
0.99999409
0.99952893
0.99944639
0.99999370
0.99999264
0.99988873
0.99998634
0.99984115
0.99995726
0.99985076
0.99998290
0.99999904
0.99950386
0.99988441
0.99999520
0.99999620
0.99965669
0.99997824
0.99878450
0.99999292
0.99984806
0.99995623
0.99916697
0.99989964
0.99998328
0.99997712
0.99868816
0.99994880
0.99997379
0.99948010
0.99992288
0.99999617
0.99993236
0.99999974
0.99968169
0.99999645
0.99981578
0.99999940
0.99989519
0.99949876
0.99962503
0.99954447
0.99965318
0.99986967
0.99974491
0.99910132
0.99951550
0.99999084
0.99997787
0.99976559
0.99990704
0.99998922
0.99999750
0.99999984
0.99990169
0.99995856
0.99996427
0.99997880
0.99890195
0.99954726
0.99994774
0.99990301
0.99986334
0.99959378
0.99997511
0.99994927
0.99993293
0.99998866
0.99989945
0.99999988
0.99946345
0.99359913
0.99991365
0.99818608
0.99996164
0.99921568
0.99928198
0.99989868
0.99997863
0.99999389
0.99971940
0.99976159
0.99950248
0.99998157
0.99937240
0.99963669
0.99994787
0.99972637
0.99911764
0.99999447
0.99940234
0.99834293
0.99996038
0.99974549
0.99469050
0.99953575
0.99996540
0.99394087
0.99990733
0.99997641
0.99999981
0.99993965
0.99999129
0.99964088
0.99539802
0.99996616
0.99602799
0.99999043
0.99998954
0.99998465
0.99991187
0.99996247
0.99952392
0.98241266
0.99975238
0.99997606
0.99998470
0.99890713
0.99999403
0.99991328
0.99992388
0.99996376
0.99999981
0.99973618
0.99909779
0.99801973
0.99895357
0.99958546
0.99993604
0.99570970
0.99999979
0.99995130
0.99995419
0.99999017
0.99997329
0.99996866
0.99990498
0.99294759
0.99999901
0.99996925
0.99999537
0.99995180
0.99969419
0.99999986
0.99999291
0.99998794
0.99999096
0.99976598
0.99869139
0.99982109
0.99999825
0.99999566
0.99989498
0.99943195
0.99500010
0.99989489
0.99976496
0.99995434
0.99991121
0.99998705
0.99980199
0.99998407
0.99999284
0.99998250
0.99999972
0.98980629
0.99990471
0.99996261
0.99999904
0.99962281
0.99998602
0.99997002
0.99915693
0.99900790
0.99999788
0.99089350
0.99989625
0.99954841
0.99998877
0.99977745
0.99927217
0.99931757
0.99990103
0.99995406
0.99905391
0.99996894
0.99999534
0.99999933
0.99994160
0.99751560
0.99992972
0.99981976
0.99990214
0.99988853
0.99995698
0.99833951
0.99971642
0.99999887
0.99978536
0.99879801
0.99979992
0.99871715
0.99993030
0.99994328
0.99875247
0.99952983
0.99960156
0.99997618
0.99921521
0.99997670
0.99998199
0.99971384
0.99996846
0.99979932
0.99998598
0.99965505
0.99990085
0.99874338
0.99992855
0.99999486
0.99999180
0.99999563
0.99999933
0.99997134
0.99999181
0.99997441
0.99988859
0.99955692
0.99998319
0.99999781
0.99933919
0.99999070
0.99969234
0.99995197
0.99953180
0.99945674
0.99999191
0.99927331
0.99998533
0.99999635
0.99999251
0.99999375
0.99898817
0.99537143
0.99996799
0.99721215
0.99991252
0.99996223
0.99922694
0.99882835
0.99993389
0.99937919
0.99975069
0.99926344
0.99962542
0.99989520
0.99872171
0.99818434
0.99692581
0.98129879
0.99995828
0.99987747
0.99999728
0.99917617
0.99969639
0.99874739
0.99983650
0.99997337
0.99998587
0.99993386
0.99991084
0.99999045
0.99997047
0.99999610
0.99999311
0.99998336
0.99948532
0.99996993
0.99905658
0.99995933
0.99995582
0.99999085
0.99997872
0.99985643
0.99975439
0.99993044
0.99995086
0.99800076
0.99979951
0.99950815
0.99797306
0.99945718
0.99999128
0.99997499
0.99957026
0.99004288
0.99999888
0.99989759
0.99968518
0.99999179
0.99999181
0.99998436
0.99993780
0.99867123
0.99999919
0.99986201
0.99998400
0.99999673
0.99991960
0.99998320
0.99997491
0.99548517
0.99991512
0.99980401
0.99998538
0.99995394
0.99978267
0.99999919
0.99996854
0.99999915
0.99999801
0.99997854
0.99918649
0.99986675
0.99984990
0.99989671
0.99999583
0.99979213
0.99954521
0.99993399
0.97511871
0.99999739
0.99959903
0.99991874
0.99994332
0.99999831
0.99993813
0.99998579
0.99990628
0.99978087
0.99288537
0.99999620
0.99999074
0.99703873
0.98229953
0.99999688
0.99972841
0.99825525
0.99998062
0.99482591
0.99889175
0.99999785
0.99999694
0.99662257
0.99999332
0.99999633
0.99970135
0.99999993
0.99913307
0.99830898
0.99999905
0.99987621
0.99996861
0.99999188
0.99991020
0.99980690
0.99788889
0.95441928
0.99995510
0.99958153
0.99999474
0.99999295
0.99999972
0.99988137
0.99999244
0.99986412
0.99996460
0.99999468
0.99986587
0.99994921
0.99975726
0.99986694
0.99993933
0.99572188
0.99985024
0.99997089
0.99997134
0.99990138
0.99984380
0.99999891
0.99985672
0.99995919
0.99999929
0.92944725
0.99968007
0.99999910
0.99994876
0.99999171
0.99999670
0.99939366
0.99955378
0.99444037
0.99999995
0.99935906
0.99878234
0.99999672
0.98551683
0.99936058
0.99946484
0.99772933
0.99836386
0.99845840
0.99970183
0.99998785
0.99990549
0.99934496
0.99993872
0.99982850
0.99958597
0.99990974
0.99875484
0.99886315
0.99999247
0.99772292
0.99992240
0.99998008
0.99636757
0.99999746
0.99938819
0.99996113
0.99998687
0.99799630
0.99860682
0.99998376
0.99999580
0.99995373
0.99993233
0.99981060
0.99998874
0.99897244
0.99976336
0.99999862
0.99999323
0.99999516
0.99999070
0.99963948
0.99999688
0.99992699
0.99993380
0.99997689
0.99974398
0.99974730
0.99990425
0.99997357
0.99999496
0.99998904
0.99910425
0.99941111
0.99997622
0.99983538
0.99999883
0.99955480
0.99997288
0.99998695
0.99984471
0.99996922
0.99745132
0.99853742
