0.15397168
0.50531153
0.26612279
0.50737071
0.21717530
0.22120476
0.88318190
0.17526755
0.19126750
0.22471407
0.31959396
0.10729401
0.40423431
0.52028886
0.18012864
0.62186013
0.19965028
0.37565757
0.49408767
0.20196741
0.41285109
0.42582832
0.10636549
0.21015510
0.18351390
0.57781459
0.12310164
0.33735371
0.45016660
0.11385909
0.28810305
0.15366951
0.38614343
0.09827727
0.14701774
0.27691593
0.20523496
0.94618474
0.21497329
0.17683170
0.21452887
0.32643816
0.15134431
0.12504664
0.73985568
0.14301027
0.13678175
0.18341930
0.68255624
0.31918153
0.30394657
0.21643709
0.18941121
0.12380913
0.25003121
0.10974711
0.06691415
0.35058866
0.20717642
0.34347100
0.47375162
0.18305608
0.31556054
0.16127154
0.16106553
0.38036771
0.19594078
0.16766759
0.28134417
0.21517872
0.26620143
0.24083870
0.40548761
0.35536161
0.17925509
0.16179842
0.35398514
0.26137594
0.14566056
0.78918049
0.26635675
0.11090848
0.17844930
0.36337680
0.00277541
0.11309035
0.41910457
0.16053015
0.28368976
0.23691832
0.04032195
0.52740268
0.43577211
0.23068388
0.13847794
0.00952733
0.26018635
0.30574586
0.31916995
0.17262954
0.60653635
0.93063418
0.19730202
0.14802021
0.23680954
0.48265781
0.14995204
0.13183994
0.06254040
0.13788516
0.28479840
0.59174629
0.24921915
0.11263060
0.01669458
0.16598399
0.14710330
0.30127282
0.21721254
0.52344616
0.23672512
0.24622069
0.13159233
0.17838177
0.19566566
0.01300868
0.29018907
0.08857560
0.21263426
0.21871297
0.95157722
0.44929910
0.75420213
0.17766582
0.34615520
0.52731056
0.29497725
0.80664600
0.91243104
0.11946264
0.58978571
0.34119515
0.23167338
0.11265813
0.38292217
0.31536677
0.29572385
0.66646108
0.25484364
0.18062116
0.28012911
0.11022219
0.25541471
0.12660375
0.11399883
0.34513249
0.20426462
0.92774668
0.17180865
0.96682112
0.16790302
0.16911256
0.52471457
0.65388598
0.26726303
0.33000727
0.00316827
0.22811850
0.15701380
0.15036713
0.17904478
0.24077145
0.12496277
0.28408661
0.44107612
0.22485427
0.22553797
0.22888346
0.20528967
0.67102930
0.16399636
0.14793715
0.14890964
0.32182061
0.14665830
0.17585850
0.24857848
0.73571065
0.43615339
0.08507369
0.12798383
0.09699869
0.73859660
0.19897839
0.13679514
0.36065392
0.46548736
0.27466937
0.11589113
0.17876602
0.32227772
0.22157947
0.26446323
0.27099518
0.40341309
0.09880196
0.31126275
0.90965086
0.24600719
0.37578681
0.30727827
0.11894461
0.28829871
0.43002905
0.23856571
0.30770038
0.22500576
0.16528905
0.22499954
0.32234927
0.24239012
0.17456876
0.09474186
0.28429453
0.59208994
0.16311480
0.20551440
0.08640498
0.12349610
0.38760440
0.09061353
0.35119537
0.19783410
0.19153042
0.46310334
0.51047461
0.20183407
0.53412326
0.28642496
0.33864933
0.39623348
0.32531451
0.37051204
0.45189173
0.14097952
0.07921338
0.22361457
0.20820566
0.17810418
0.70967788
0.29344060
0.44952359
0.42786570
0.20705492
0.42168814
0.34981465
0.72021393
0.38909956
0.58222173
0.36706946
0.20158837
0.20287140
0.10892846
0.36286974
0.16410133
0.12426608
0.23226395
0.57926635
0.17474572
0.41631336
0.32474834
0.22231810
0.26244469
0.14506751
0.15529947
0.13387087
0.33952761
0.11324567
0.38496417
0.13632085
0.27618907
0.09275968
0.13991212
0.53695372
0.27234567
0.26784648
0.33933141
0.39451494
0.07504114
0.24212800
0.19799969
0.67028897
0.29056178
0.28329876
0.35662767
0.69654362
0.18638695
0.18123533
0.07167214
0.44631455
0.29873395
0.35186868
0.88238175
0.19036618
0.36560225
0.28054116
0.17624747
0.18061807
0.16649870
0.31411049
0.37997225
0.88615716
0.00451165
0.34681544
0.30317350
0.51811689
0.25066651
0.42657757
0.26861637
0.13386963
0.17860983
0.48272943
0.43544852
0.18828567
0.23382257
0.21614799
0.58456345
0.30302687
0.26287915
0.29774974
0.29812047
0.18008491
0.83077685
0.40477094
0.51816011
0.29112343
0.62190684
0.15424640
0.24115538
0.22880628
0.12788560
0.14702462
0.10976678
0.14875150
0.28840000
0.34545163
0.14965557
0.15200245
0.28300144
0.12682684
0.22859607
0.50405921
0.30088837
0.79461972
0.61307125
0.14143194
0.11962082
0.13846250
0.11523224
0.44288669
0.15086780
0.17688767
0.02849750
0.21544686
0.42336638
0.16020961
0.27867622
0.20684128
0.53812231
0.21532406
0.17707522
0.14032030
0.15502805
0.18100127
0.00891903
0.34311256
0.46034063
0.39621238
0.12797775
0.21996572
0.21047819
0.15481417
0.17123055
0.32505405
0.11782725
0.24147683
0.55421120
0.16537647
0.16407771
0.30244583
0.27112092
0.95354675
0.27926052
0.22283056
0.99726065
0.40502112
0.21951885
0.31134155
0.20821081
0.15445663
0.25651579
0.11925830
0.17129018
0.11805158
0.00076127
0.30312476
0.17949368
0.47037938
0.95770482
0.20480818
0.17487052
0.14939541
0.13956851
0.60707238
0.00701015
0.26145650
0.79571386
0.20077635
0.30233294
0.16149427
0.61619961
0.60461261
0.04605526
0.20254239
0.28726785
0.70031683
0.17314573
0.14863483
0.95543470
0.15293181
0.13307808
0.16107985
0.06838168
0.22978593
0.18292883
0.39954838
0.15131346
0.49954786
0.47512148
0.24877470
0.14707867
0.14388377
0.11843324
0.21315311
0.17499200
0.12823858
0.68977888
0.00147184
0.13059304
0.09695169
0.14323095
0.07025169
0.27124639
0.59584272
0.00218605
0.97293048
0.46913522
0.21132281
0.24850730
0.56253753
0.00003399
0.31834203
0.26406466
0.14433331
0.13633180
0.36995595
0.21057529
0.46858543
0.18818862
0.26042706
0.10875344
0.28773097
0.15015496
0.69670043
0.23166877
0.15089211
0.17710836
0.14579644
0.12005523
0.14404121
0.19063585
0.34954357
0.15273124
0.09571472
0.34503322
0.18065372
0.16685230
0.17861140
0.85624453
0.13847529
0.29844964
0.31169537
0.24647178
0.70743015
0.23277464
0.13371562
0.58737100
0.20628530
0.02954710
0.21200934
0.20061508
0.24659843
0.25653277
0.12028430
0.08881305
0.26062298
0.15121160
0.18964632
0.26587493
0.20031045
0.27173527
0.13296258
0.16373223
0.27323363
0.12079672
0.39098842
0.27077098
0.50755509
0.33370232
0.18296653
0.40165797
0.26370763
0.11434664
0.28510886
0.11465281
0.44736013
0.18806151
0.12025535
0.78937850
0.23024611
0.09818204
0.35735215
0.13740202
0.22161478
0.20967305
0.21145041
0.22949098
0.37798631
0.49885394
0.55311565
0.19348539
0.41164332
0.15828766
0.19095397
0.21203657
0.29311661
0.15468992
0.44959596
0.20716304
0.35915938
0.36494428
0.15664520
0.52576608
0.24650187
0.12398059
0.10365607
0.24699796
0.14697873
0.14712181
0.28957033
0.14613579
0.33851389
0.11603743
0.11515644
0.35477133
0.24764052
0.15614590
0.33934885
0.23587673
0.16143671
0.27481812
0.40747399
0.30569402
0.41108280
0.40295451
0.11761162
0.22169603
0.11251162
0.50169962
0.27694251
0.22942583
0.14130664
0.28755303
0.23679907
0.36210953
0.25323368
0.25894130
0.44385708
0.16708878
0.05356634
0.27425370
0.11314654
0.17659283
0.21526530
0.29501255
0.14660865
0.10599548
0.25092429
0.20910900
0.90046264
0.54579713
0.24296679
0.24759202
0.65654743
0.53619624
0.14431183
0.26716565
0.60221064
0.95089152
0.13952541
0.00064626
0.28379554
0.09238749
0.56845530
0.17281549
0.18498628
0.01205660
0.23502209
0.07862505
0.06659212
0.56700316
0.23379387
0.50939205
0.29055721
0.30309154
0.24005657
0.19120467
0.08887229
0.25673389
0.20748627
0.14970720
0.12221733
0.81411854
0.32905605
0.19148277
0.48190506
0.26951814
0.17506150
0.21230967
0.35338236
0.37352135
0.17603285
0.22533607
0.18436083
0.09716205
0.16338719
0.02445676
0.24449690
0.62453004
0.13454822
0.68731095
0.79787526
0.02045029
0.89363108
0.10438034
0.18435971
0.22475082
0.33369882
0.13494010
0.36454002
0.15557772
0.18026357
0.17061562
0.04784516
0.21257645
0.11126350
0.19345659
0.38540000
0.05967716
0.30280430
0.18259774
0.29463890
0.20168741
0.17178076
0.00327968
0.01415892
0.13507615
0.54791392
0.40218323
0.16722572
0.27205144
0.36179285
0.47452351
0.42037350
0.28926343
0.55480586
0.34404311
0.25133945
0.21433601
0.46054227
0.16777106
0.09986282
0.17855571
0.14725122
0.20183667
0.23594274
0.29700818
0.03033554
0.28407341
0.28911341
0.36217646
0.08831929
0.13070195
0.21550564
0.18692613
0.33584816
0.22024651
0.16848847
0.09302410
0.47809705
0.42480753
0.12708482
0.45058351
0.14507860
0.12089977
0.18110197
0.09514738
0.60055612
0.51821644
0.43251262
0.39051689
0.39336583
0.45907809
0.22578390
0.16962843
0.13899277
0.37191689
0.24676176
0.16077717
0.44695568
0.15468580
0.15527895
0.22898932
0.16133391
0.35272014
0.23773591
0.23609781
0.16122394
0.89655313
0.23564263
0.08889776
0.42143410
0.89603481
0.91952143
0.18384514
0.15779526
0.12044697
0.33264433
0.16364257
0.30997971
0.24833515
0.41190976
0.19660717
0.25021061
0.12299598
0.32850788
0.22064260
0.40207217
0.57399815
0.09055698
0.10369952
0.26149579
0.14231900
0.32059473
0.21748404
0.12439373
0.00081156
0.16778966
0.12348237
0.25198593
0.28142413
0.71827418
0.19199475
0.27916686
0.17683692
0.18646068
0.34008844
0.44597477
0.56386349
0.80981904
0.14434914
0.45156001
0.58199873
0.25180285
0.14055856
0.12600655
0.27105894
0.33225019
0.13141389
0.15146742
0.31538331
0.38222579
0.93234283
0.27566907
0.17707106
0.15159721
0.15830549
0.20054331
0.10409526
0.02982447
0.57720971
0.12127006
0.12823940
0.70293913
0.54983646
0.28284753
0.36997470
0.27689735
0.35516652
0.15020005
0.25309641
0.21909257
0.13292253
0.16706340
0.10657846
0.14221191
0.16139950
0.12487081
0.14195024
0.24172740
0.22638960
0.06363658
0.10708638
0.19868722
0.22859447
0.26248799
0.57216165
0.43089388
0.14831273
0.07696069
0.16347822
0.14412648
0.03850532
0.47661765
0.28282211
0.25996680
0.12142044
0.27774884
0.51134628
0.24938787
0.31145501
0.23470953
0.19921384
0.18633309
0.16089926
0.15092995
0.44362188
0.12530363
0.17106948
0.18170719
0.15605957
0.10555312
0.38184073
0.30898172
0.20397727
0.29450324
0.26408956
0.27527538
0.40836237
0.36188043
0.27204622
0.22026520
0.29188473
0.32532846
0.19834962
0.12004184
0.16245741
0.23799703
0.43108782
0.22288258
0.16868550
0.86521371
0.33431579
0.13793492
0.08973329
0.17491269
0.79018562
0.15719954
0.00324257
0.21052096
0.11730420
0.36972236
0.20027822
0.13321989
0.29174795
0.00529340
0.36832848
0.33535487
0.14877091
0.03409145
0.27868902
0.29644176
0.19261543
0.14426450
0.31778889
0.17452179
0.22977515
0.16031238
0.10766554
0.98050391
0.20879744
0.19194918
0.30818324
0.67254426
0.18908143
0.61328875
0.30788197
0.61602446
0.27008023
0.24751245
0.85954350
0.12069857
0.58743561
0.68032801
0.30085231
0.18088472
0.31957609
0.32852070
0.26188774
0.22781368
0.00141572
0.20300752
0.21868150
0.41211092
0.25454746
0.29183672
0.28580235
0.12916404
0.16001798
0.21837483
0.18767911
0.43616789
0.15482969
0.31118661
0.25063784
0.32251425
0.26596479
0.64199451
0.19199118
0.44601003
0.14550787
0.32661327
0.12849348
0.13521477
0.34984885
0.40504705
0.27811479
0.69113461
0.21063884
0.55287707
0.30903881
0.03880907
0.87882277
0.78780440
0.24146538
0.12155522
0.36382197
0.18374920
0.16458290
0.10039207
0.25151863
0.13943326
0.22806450
0.38003306
0.69604697
0.33780437
0.20126339
0.18475694
0.13987751
0.13397270
0.39986734
0.63117309
0.34296321
0.17518728
0.24861593
0.20331167
0.28137388
0.21448027
0.74069986
0.51872558
0.10338517
0.95068551
0.49719706
0.16900601
0.28959861
0.89670769
0.45612234
0.38972926
0.23612693
0.35998226
0.46843277
0.16740321
0.29048365
0.18613797
0.15301904
0.24716637
0.00413440
0.12208512
0.18798110
0.27312180
