0.44441496
0.41258941
0.32423140
0.37004510
0.87625617
0.99906756
0.40856024
0.41258941
0.38966579
0.44697175
0.48551380
0.15854039
0.26016708
0.27641452
0.32313142
0.14611776
0.41258941
0.09642412
0.32749298
0.41258941
0.12795909
0.50118927
0.81873969
0.41258941
0.41258941
0.73375623
0.96740129
0.37388865
0.91514475
0.21914791
0.45211434
0.70888827
0.42079807
0.84146774
0.13252189
0.54505823
0.43980661
0.99738123
0.41258941
0.41258941
0.41258941
0.41258941
0.41258941
0.99141891
0.14399773
0.99990453
0.32673780
0.75753618
0.41258941
0.99910280
0.25165562
0.99999991
0.50003230
0.96724375
0.42399988
0.45989502
0.99999897
0.73826416
0.52093281
0.41258941
0.41258941
0.41258941
0.99954111
0.99259097
0.30282758
0.41268711
0.41258941
0.99549246
0.37689671
0.50895983
0.97979330
0.15755435
0.24434626
0.99990453
0.50124487
0.44352142
0.41258941
0.42350996
0.41258941
0.41258941
0.41258941
0.87551299
0.42494061
0.35658323
0.41258941
0.91276980
0.99190266
0.85848986
0.41258941
0.50787150
0.94529481
0.41258941
0.10226099
0.51203862
0.32502512
0.38943773
0.14023229
0.96580267
0.41258941
0.30592259
0.41258941
0.48145640
0.44762350
0.51710822
0.11039888
0.29216933
0.41258941
0.41258941
0.30943440
0.21249575
0.50404065
0.41258941
0.15509805
0.45340771
0.95371228
0.99999936
0.99999251
0.41258941
0.99951990
0.41258941
0.76022866
0.68787794
0.86599885
0.99998806
0.15411928
0.33241478
0.41258941
0.52078419
0.41258941
0.41258941
0.41258941
0.41258941
0.39447333
0.41081394
0.43578816
0.09453832
0.32307748
0.99608054
0.33897602
0.33856932
0.64327218
0.41258941
0.68298208
0.23874571
0.49190101
0.33133679
0.94143383
0.95430658
0.41258941
0.52376217
0.99968087
0.38057796
0.31637596
0.32385341
0.41994252
0.41258941
0.41258941
0.86088709
0.95682338
0.40190725
0.41258941
0.41258941
0.99799252
0.48433270
0.97000129
0.35543993
0.99781722
0.99925412
0.41258941
0.70414552
0.99999699
0.41258941
0.99202046
0.37841492
0.32798157
0.10489786
0.50615859
0.41258941
0.96465264
0.41258941
0.41258941
0.95942867
0.41258941
0.61439869
0.27536769
0.96415188
0.43019528
0.99999162
0.51779289
0.13976577
0.99999997
0.95469996
0.12551041
0.41258941
0.95625098
0.27536769
0.50482989
0.71359507
0.94683495
0.49320025
0.37388865
0.44634956
0.32556751
0.99533586
0.99999451
0.50573597
0.32273563
0.83143029
0.80457312
0.98660338
0.32241689
0.57643629
0.50389661
0.41258941
0.34337961
0.41621482
0.41258941
0.32279059
0.41258941
0.99488464
0.46611825
0.41258941
0.41258941
0.99135701
0.97245631
0.51779289
0.99964810
0.93593433
0.41258941
0.42550476
0.27391378
0.15607901
0.41258941
0.41258941
0.36367886
0.41258941
0.70592824
0.96740129
0.34271469
0.41258941
0.90974322
0.40244195
0.41258941
0.41258941
0.22054237
0.86443799
0.99242302
0.41258941
0.48186961
0.24513101
0.40305540
0.99604554
0.48182216
0.37792343
0.50650655
0.98727014
0.41258941
0.41258941
0.50878145
0.54082175
0.41258941
0.97792447
0.49631040
0.51659736
0.37020509
0.99123225
0.46880658
0.99992000
0.99479929
0.97315132
0.87326752
0.61838772
0.41258941
0.41258941
0.99661007
0.73432179
0.16899318
0.99995839
0.72000758
0.87439325
0.90633934
0.41258941
0.51639432
0.50586384
0.41258941
0.25165562
0.92774496
0.96347680
0.41691824
0.09491355
0.41258941
0.32236724
0.41258941
0.99579405
0.41258941
0.41258941
0.92721205
0.58741251
0.99998176
0.82150248
0.99993345
0.99999670
0.41258941
0.34546043
0.09538777
0.56605756
0.20441108
0.98289503
0.48346338
0.38410018
0.99934060
0.41258941
0.84907849
0.93642528
0.87175723
0.82469588
0.97328887
0.45478541
0.41118997
0.99999832
0.41258941
0.41258941
0.40239237
0.55279410
0.52054377
0.45692956
0.47884615
0.41258941
0.37435523
0.19137238
0.47922440
0.41258941
0.97756121
0.19203402
0.48170531
0.99901894
0.17769708
0.96771482
0.97117442
0.23152336
0.58330812
0.35897650
0.84740581
0.38123413
0.11990740
0.99964810
0.41258941
0.18285529
0.92747882
0.60905548
0.43485940
0.35458281
0.32229914
0.41258941
0.43893399
0.36971468
0.33800692
0.41258941
0.40616582
0.32257966
0.97437189
0.51848991
0.35146866
0.96104675
0.41258941
0.99364264
0.40076633
0.36318974
1.00000000
0.51257311
0.32314789
0.51345318
0.14725732
0.50091019
0.85929160
0.22470237
0.41258941
0.32093233
0.41258941
0.47901143
0.88883226
0.41258941
0.41630167
0.52447648
0.99492693
0.37261024
0.42362345
0.41258941
0.41258941
0.46797301
0.42249369
0.64456317
0.41258941
0.49320504
0.99998176
0.84275114
0.95832536
0.17387350
0.41258941
0.41258941
0.41258941
0.41258941
0.41258941
0.98927452
0.09469642
0.41258941
0.41258941
0.34595368
0.65800105
0.41258941
0.41258941
0.41258941
0.86638740
0.99648298
0.50798560
0.41258941
0.75265122
0.40481595
0.10045576
0.41258941
0.95210251
0.51992038
0.41258941
0.96644834
0.10617874
0.90696405
0.41258941
0.40657523
0.41258941
0.82514945
0.51226701
0.32332403
0.30104979
0.79480467
0.99971124
0.29702546
0.38508027
0.50459912
0.16083055
0.98743308
0.41258941
0.32415959
0.19985177
0.39886841
0.32269057
0.44007388
0.32441693
0.52447648
0.97852082
0.41258941
0.24140367
0.41258941
0.33689850
0.50293606
0.17401961
0.33317458
0.41258941
0.41258941
0.33651982
0.40795297
0.46797301
0.41258941
0.98359047
0.32559451
0.35344556
0.34434652
0.41258941
0.41258941
0.41258941
0.35167445
0.32264458
0.99979299
0.22654533
0.88813547
0.33875061
0.41258941
0.24091224
0.46744332
0.41258941
0.41041498
0.99676414
0.41258941
0.99740702
0.37609384
0.41258941
0.99922347
0.96818126
0.22470237
0.49854785
0.41258941
0.41258941
0.30987146
0.41258941
0.34940126
0.21638545
0.38249681
0.11067997
0.41258941
0.62763299
0.41258941
0.94726971
0.83187398
0.11243861
0.97203344
0.41258941
0.51251566
0.72520254
0.50168725
0.41258941
0.22254668
0.13408473
0.96547671
0.16299977
0.41258941
0.19528746
0.35936017
0.32875349
0.45013682
0.99750830
0.41258941
0.80745327
0.95887949
0.46430400
0.98660338
0.97203344
0.41258941
0.76503639
0.41258941
1.00000000
0.24370880
0.41258941
0.41258941
0.35235763
0.32234618
0.35113264
0.41434957
0.99999222
0.38777845
0.14897968
0.96628770
0.28198853
0.32542726
0.99997073
0.41873842
0.43109370
0.34810068
0.39720791
0.99999278
0.10310134
0.13461013
0.41258941
0.38101718
0.41258941
0.99492693
0.94834639
0.41258941
0.41910171
0.41258941
0.41258941
0.41258941
0.99865459
0.81125712
0.34001819
0.32965005
0.33439632
0.36518698
0.41258941
0.41258941
0.41258941
0.40255946
0.98426582
0.41258941
0.43980661
0.41258941
0.99995504
0.50869181
0.68113735
1.00000000
0.19072120
0.36506404
0.36631574
0.96676805
0.94834639
0.99998806
0.09917453
0.97423819
0.38696271
0.97945160
0.41258941
0.98101237
0.14210783
0.91514475
0.49044368
0.32334566
0.41258941
0.38119236
0.51013576
0.41258941
0.41258941
0.46694765
0.32514021
0.09451692
0.41258941
0.51008965
0.45880435
0.33317458
0.41258941
0.27246110
0.32228559
0.38048823
0.41258941
0.78172273
0.57229487
0.41258941
0.33406586
0.41258941
0.41258941
0.37878328
0.99484210
0.41258941
0.40319722
0.37826691
0.31465090
0.41258941
0.34631182
0.32347463
0.37745567
0.41258941
0.33503311
0.97423819
0.32233995
0.39763734
0.51656185
0.41258941
0.41258941
0.35717206
0.41258941
0.98660338
0.37999339
0.40706052
0.41258941
0.32457155
0.10464374
0.33037396
0.46678210
0.41258941
0.41258941
0.41258941
0.99259097
0.47555876
0.88496720
0.32649712
0.41258941
0.41258941
0.85848986
0.41258941
0.45056492
0.26272307
0.90476617
0.41258941
0.13200548
0.26320020
0.83275937
0.52094126
0.41258941
0.41258941
0.41258941
0.92423627
0.73319008
0.41258941
0.45830702
0.41258941
0.41258941
0.34771589
0.48942018
0.76076532
0.09671563
0.38724557
0.17578029
0.45038628
0.38977779
0.09483264
0.59557814
0.33241478
0.99989147
0.41258941
0.43100893
0.41258941
0.99983135
0.40074698
0.41258941
0.12460208
0.41258941
0.89261742
0.41258941
0.41258941
0.45526510
0.10168371
0.48254835
0.84614433
0.41258941
0.99974822
0.91747870
0.32284459
0.32969584
0.41258941
0.41258941
0.22192033
0.99941085
0.64520794
0.99949047
0.39986503
0.40583076
0.32240773
0.42249369
0.38384207
0.38496339
0.99999976
0.51259772
0.41258941
0.32668919
0.36863985
0.33905260
0.41258941
0.41258941
0.41258941
0.40486229
0.35290886
0.99999913
0.32265349
0.41258941
0.36522160
0.53089187
0.50672290
0.26558062
0.41258941
0.52026738
0.99005048
0.41258941
0.51912723
0.41258941
0.99811693
0.32909284
0.20946777
0.41258941
0.48572824
0.41108498
0.41258941
0.19137238
0.45358438
0.41258941
0.99978145
0.96498384
0.41258941
0.34105657
0.38233638
0.85239194
0.97410402
0.40944416
0.58672943
0.39469053
0.79480467
0.34542180
0.49931592
0.41258941
0.64262597
0.32313142
0.41258941
0.96563995
0.41258941
0.36022386
0.32714101
0.09452195
0.99903127
0.41258941
0.18220690
0.41258941
0.99999994
0.41258941
0.99178361
0.41258941
0.99838472
0.41258941
0.47960086
0.41404721
0.41258941
0.41258941
0.51688787
0.88102206
0.40874787
0.49954692
0.50683045
0.50266641
0.47821992
0.41258941
0.30282758
0.70533456
0.30393410
0.17450797
0.48840988
0.41258941
0.51694103
0.99986122
0.41258941
0.33082986
0.51392966
0.41258941
0.51659736
0.99407860
0.32486713
0.15129977
0.87773455
0.99999999
0.45574295
0.17260799
0.41258941
0.41258941
0.09628710
0.41258941
0.87476716
0.93419680
0.33946943
0.41258941
0.45063396
0.99915929
0.50219771
0.13619940
0.41258941
0.09938277
0.78121101
0.88354188
0.83408250
0.41258941
0.35553395
0.51995271
0.44515370
0.41630777
0.24228842
0.41258941
0.98319556
0.41258941
0.45474310
0.65354581
0.97979330
0.37781654
0.41258941
0.41258941
0.35834762
0.48624196
0.99849028
0.41258941
0.41258941
0.41258941
0.93764198
0.99999278
0.35402366
0.41258941
0.41258941
0.16697204
0.37545386
0.49496179
0.51861942
0.99998341
0.41382472
0.83801617
0.41258941
0.61705981
0.33153447
0.99593915
0.97804465
0.45926848
0.41258941
0.41258941
0.32467983
0.41550293
0.41258941
0.15721165
0.72635062
0.99942749
0.94281615
0.47131872
0.41258941
0.74771707
0.38051421
0.88425586
0.41258941
0.41258941
0.37062273
0.16200586
0.14163206
0.09451069
0.41258941
0.79776225
0.27313783
0.13976577
0.41258941
0.96925180
0.36996348
0.13673344
0.43574191
0.48344607
0.44293704
0.93618011
0.41258941
0.36459262
0.99323594
0.30459868
0.69996638
0.39778951
0.41258941
0.75265122
0.32467983
0.15661359
0.38016685
0.41258941
0.40883615
0.97719383
0.41258941
0.38272589
0.25504251
0.41258941
0.42173465
0.11270891
0.46133445
0.32514021
0.37314701
0.51803239
0.99799252
0.48478541
0.14274231
0.34776478
0.41493012
0.69394938
0.41258941
0.87773455
0.41258941
0.41258941
0.98388235
0.33848937
0.99963662
0.51760130
0.86716251
0.41258941
0.41258941
0.32229336
0.33006273
0.15363074
0.41258941
0.75591335
0.84824348
0.99999099
0.48081481
0.11769536
0.41258941
0.41258941
0.99956159
0.46666336
0.42098652
0.41258941
0.41258941
0.41258941
0.41691824
0.81501931
0.99988444
0.41258941
0.39040513
0.41258941
0.41258941
0.88848419
0.41258941
0.33213745
0.52060967
0.41258941
0.50377803
0.41661324
0.64003636
0.93764198
0.51209917
0.32743346
0.98783394
0.35429804
0.41258941
0.48051631
0.41258941
0.41258941
0.33875061
0.41258941
0.41258941
0.16759335
0.41258941
0.96708570
0.98510508
0.35346421
0.36473261
0.31551430
0.41258941
0.51554311
0.51323933
0.93884352
0.13424838
