0.20908318
0.20908318
0.04464918
0.11961924
0.20908318
0.20908318
0.08609161
0.20908318
0.29262645
0.21261066
0.02932406
0.02721109
0.50204133
0.13081003
0.06900216
0.49843278
0.20908318
0.00004885
0.03762257
0.20908318
0.30594852
0.50608309
0.20908318
0.20908318
0.20908318
0.47989361
0.20908318
0.18688203
0.52082174
0.20908318
0.40782147
0.20600814
0.12312339
0.12372704
0.14279646
0.22605753
0.38380930
0.18390127
0.20908318
0.20908318
0.20908318
0.20908318
0.20908318
0.19502537
0.01892763
0.12433147
0.08513185
0.23975089
0.20908318
0.20908318
0.10365132
0.45369936
0.42171341
0.27968384
0.13348506
0.44955869
0.20908318
0.20908318
0.52523332
0.20908318
0.20908318
0.20908318
0.02497463
0.43650220
0.16300406
0.24182152
0.20908318
0.21725819
0.02912676
0.45655539
0.20908318
0.02661774
0.09618744
0.18356687
0.42266350
0.20030616
0.20908318
0.35294143
0.20908318
0.20908318
0.20908318
0.23395056
0.13656949
0.15478428
0.20908318
0.13163551
0.38380930
0.53255860
0.20908318
0.45163086
0.38380930
0.20908318
0.07177719
0.47086168
0.04246036
0.02788219
0.01694823
0.00107135
0.20908318
0.16699572
0.20908318
0.46678806
0.39899562
0.53168952
0.20908318
0.20908318
0.20908318
0.20908318
0.17158089
0.06658634
0.43470250
0.20908318
0.02515960
0.23588528
0.20908318
0.02127182
0.02634388
0.20908318
0.20908318
0.20908318
0.20908318
0.24880955
0.20908318
0.18285846
0.02458651
0.20305751
0.20908318
0.52938238
0.20908318
0.20908318
0.20908318
0.20908318
0.22109349
0.09252901
0.17321094
0.23827385
0.04920058
0.20908318
0.21251476
0.21192246
0.20908318
0.20908318
0.14226648
0.20908318
0.38377026
0.09910807
0.20908318
0.06615571
0.20908318
0.32171544
0.20908318
0.19853914
0.18081930
0.04589539
0.34633646
0.20908318
0.20908318
0.40196223
0.25417023
0.23167253
0.20908318
0.20908318
0.20908318
0.47261497
0.20908318
0.02290444
0.20908318
0.21814677
0.20908318
0.52588859
0.19448236
0.20908318
0.20908318
0.27377131
0.03687456
0.30349590
0.44399065
0.20908318
0.20908318
0.20908318
0.20908318
0.02382927
0.20908318
0.01484106
0.07951919
0.07366031
0.15409108
0.20908318
0.50035995
0.01670781
0.20908318
0.26788567
0.49489780
0.20908318
0.02329709
0.23396471
0.51291826
0.45936450
0.14787737
0.38907742
0.18688203
0.39650501
0.04119541
0.51635400
0.20908318
0.51457487
0.05129865
0.02074027
0.20908318
0.14465628
0.05437508
0.24185441
0.51119132
0.20908318
0.12785053
0.23775081
0.20908318
0.06643790
0.20908318
0.17503510
0.28301793
0.20908318
0.20908318
0.02304208
0.20908318
0.50035995
0.21131537
0.52874570
0.20908318
0.13842735
0.42294194
0.02573851
0.20908318
0.20908318
0.16829456
0.20908318
0.43509559
0.20908318
0.02548646
0.20908318
0.38174176
0.23236719
0.20908318
0.20908318
0.07361748
0.20908318
0.05255979
0.20908318
0.20908318
0.03048952
0.31585240
0.00077330
0.46752951
0.02989228
0.51596640
0.20908318
0.20908318
0.20908318
0.45574415
0.22031761
0.20908318
0.20908318
0.49660884
0.53123184
0.02540770
0.20908318
0.44116773
0.20908318
0.00326604
0.20908318
0.13920753
0.14034177
0.20908318
0.20908318
0.20678163
0.20908318
0.03378159
0.47785736
0.03089044
0.50008793
0.20908318
0.20908318
0.49263306
0.44268820
0.20908318
0.10365132
0.02513980
0.45956103
0.34078157
0.20908318
0.20908318
0.06148202
0.20908318
0.20908318
0.20908318
0.20908318
0.20908318
0.46598857
0.20908318
0.20908318
0.20908318
0.20908318
0.20908318
0.02454907
0.30472307
0.11394351
0.05982525
0.20908318
0.34992329
0.28322318
0.20908318
0.20908318
0.43597284
0.20908318
0.20908318
0.04456596
0.02333725
0.41310348
0.09362282
0.20908318
0.20908318
0.20908318
0.06968632
0.20908318
0.51939625
0.41736005
0.46149477
0.20908318
0.02746909
0.20908318
0.46226193
0.20908318
0.20908318
0.52298020
0.34299052
0.20908318
0.53224625
0.45079686
0.00304794
0.08369980
0.19540959
0.15940114
0.14171537
0.10380860
0.20908318
0.07995367
0.20908318
0.13409726
0.03456131
0.08993010
0.17000593
0.15087348
0.05965035
0.20908318
0.18414788
0.02521136
0.20908318
0.20908318
0.23683802
0.05256439
0.33462080
0.53250342
0.14468138
0.16699572
0.20908318
0.20908318
0.31182175
0.02340623
0.17967747
0.47341555
0.04883743
0.47767803
0.20908318
0.42123710
0.20908318
0.20908318
0.20908318
0.20908318
0.20908318
0.33243893
0.20778069
0.20908318
0.23088289
0.20908318
0.29613796
0.26428175
0.13225569
0.20908318
0.20908318
0.52624770
0.12858350
0.20908318
0.20908318
0.49045833
0.02781016
0.51929412
0.20908318
0.20908318
0.20908318
0.20908318
0.20908318
0.20908318
0.20908318
0.51477698
0.20908318
0.20908318
0.20908318
0.02440495
0.44790769
0.20908318
0.20908318
0.20908318
0.20908318
0.20908318
0.51858595
0.20908318
0.20908318
0.07589866
0.13920753
0.20908318
0.04752431
0.51402827
0.20908318
0.20908318
0.20908318
0.51635400
0.20908318
0.52327816
0.20908318
0.43641024
0.52563678
0.04799844
0.16073208
0.20908318
0.20908318
0.15564527
0.03701513
0.51249310
0.44827239
0.03181365
0.20908318
0.04487354
0.05614623
0.06127991
0.06554637
0.38432466
0.04409261
0.00613988
0.02100529
0.20908318
0.09325359
0.20908318
0.02836584
0.50939447
0.03712288
0.10399068
0.20908318
0.20908318
0.20908318
0.23868464
0.20908318
0.20908318
0.00088679
0.08094427
0.14862757
0.12993171
0.20908318
0.20908318
0.20908318
0.02322192
0.06510328
0.10126926
0.07905940
0.20908318
0.20908318
0.20908318
0.09276758
0.28801991
0.20908318
0.32897682
0.03819463
0.20908318
0.20908318
0.19077206
0.20908318
0.02776429
0.20908318
0.29361935
0.50098842
0.20908318
0.20908318
0.17215570
0.20908318
0.02358791
0.04859652
0.20180049
0.00396391
0.20908318
0.50531911
0.20908318
0.20908318
0.19409190
0.00459501
0.20908318
0.20908318
0.52601277
0.02458599
0.42455354
0.20908318
0.07541578
0.04098815
0.20908318
0.02995161
0.20908318
0.05255979
0.16013535
0.09166949
0.40392638
0.20908318
0.20908318
0.16016514
0.53211951
0.51276147
0.20908318
0.24188136
0.20908318
0.33798759
0.20908318
0.00032122
0.18955318
0.20908318
0.20908318
0.02313776
0.05556256
0.02329709
0.24162856
0.53256885
0.21055920
0.20908318
0.21952880
0.13732603
0.04150822
0.01694823
0.34411989
0.20908318
0.02385804
0.05760314
0.13655866
0.20908318
0.20908318
0.20908318
0.19928909
0.20908318
0.51998433
0.20908318
0.20908318
0.11772715
0.20908318
0.20908318
0.20908318
0.20908318
0.20718966
0.02665291
0.03464692
0.10709956
0.25238375
0.20908318
0.20908318
0.20908318
0.23251833
0.20908318
0.20908318
0.38380930
0.20908318
0.20908318
0.45533709
0.02302826
0.23136914
0.04906852
0.02378156
0.20908318
0.41736005
0.33362004
0.05295363
0.00052312
0.04130672
0.20922912
0.23072348
0.20908318
0.02047676
0.01792554
0.00707196
0.37785015
0.07038211
0.20908318
0.19958764
0.53250342
0.20908318
0.20908318
0.28614682
0.07913260
0.20908318
0.20908318
0.46173463
0.42109335
0.10399068
0.20908318
0.20908318
0.05881710
0.52855038
0.20908318
0.02313869
0.53168952
0.20908318
0.20541764
0.20908318
0.20908318
0.03057873
0.19029127
0.20908318
0.23332850
0.03016144
0.17850169
0.20908318
0.13409726
0.07115530
0.19315165
0.20908318
0.20908318
0.20908318
0.05569563
0.05451003
0.49353056
0.20908318
0.20908318
0.02287873
0.20908318
0.47045803
0.03161801
0.08192876
0.20908318
0.04365184
0.00197968
0.09642804
0.28552175
0.20908318
0.20908318
0.20908318
0.20908318
0.45482866
0.02313869
0.08428678
0.20908318
0.20908318
0.07131050
0.20908318
0.22555439
0.11543247
0.13568921
0.20908318
0.20908318
0.11595340
0.20908318
0.52695927
0.20908318
0.20908318
0.20908318
0.33010879
0.36754048
0.20908318
0.25387163
0.20908318
0.20908318
0.02394667
0.48288206
0.37653105
0.22944688
0.28851919
0.20908318
0.22490782
0.21378004
0.20908318
0.17676689
0.20305751
0.20908318
0.20908318
0.36700661
0.20908318
0.20908318
0.23012835
0.20908318
0.00948755
0.20908318
0.41071328
0.20908318
0.20908318
0.41405450
0.00113667
0.46900124
0.20908318
0.20908318
0.20908318
0.20908318
0.06688633
0.09447881
0.20908318
0.20908318
0.38536997
0.20908318
0.20908318
0.20908318
0.22892370
0.07621090
0.05450612
0.12858350
0.03553917
0.17192820
0.04657421
0.52613580
0.20908318
0.08496255
0.17744495
0.02713771
0.20908318
0.20908318
0.20908318
0.23535530
0.02307846
0.20482733
0.05192862
0.20908318
0.02381806
0.17588569
0.51635400
0.11856844
0.20908318
0.51682457
0.20908318
0.20908318
0.50848124
0.20908318
0.20908318
0.03534152
0.06401851
0.20908318
0.47543774
0.24116492
0.20908318
0.20908318
0.23652992
0.20908318
0.03884335
0.13333977
0.20908318
0.12275275
0.28027418
0.49106353
0.20908318
0.24001298
0.27358115
0.22142203
0.32727595
0.22200943
0.41448123
0.20908318
0.20908318
0.06900216
0.20908318
0.02670552
0.20908318
0.16178239
0.03819463
0.20908318
0.20908318
0.20908318
0.11301317
0.20908318
0.20908318
0.20908318
0.20908318
0.20908318
0.20908318
0.20908318
0.46302544
0.24176517
0.20908318
0.20908318
0.49529648
0.23244291
0.08661947
0.41545627
0.51654613
0.42875614
0.00659810
0.20908318
0.16300406
0.20908318
0.20908318
0.13769422
0.36964281
0.20908318
0.49558703
0.30545701
0.20908318
0.03330986
0.52805079
0.20908318
0.53123184
0.48077807
0.07798996
0.20908318
0.41641928
0.40490432
0.41500261
0.38995278
0.20908318
0.20908318
0.04321506
0.20908318
0.20908318
0.20908318
0.11917931
0.20908318
0.40490432
0.47578629
0.50800122
0.20908318
0.20908318
0.00056931
0.20908318
0.53033102
0.13485471
0.20908318
0.15273910
0.53202341
0.44287291
0.33966527
0.06599124
0.20908318
0.48579062
0.20908318
0.20908318
0.34300890
0.08294243
0.19377923
0.20908318
0.20908318
0.24165836
0.04027079
0.02787728
0.20908318
0.20908318
0.20908318
0.20908318
0.40404838
0.02298193
0.20908318
0.20908318
0.20908318
0.18964776
0.05494033
0.53253574
0.20908318
0.10143109
0.08369980
0.20908318
0.05424426
0.09964698
0.28322318
0.20908318
0.42201916
0.20908318
0.20908318
0.07717877
0.03002597
0.20908318
0.20600814
0.27968384
0.15789138
0.23652992
0.44624299
0.20908318
0.20908318
0.03209261
0.07381841
0.20908318
0.20908318
0.18103929
0.02933271
0.52805079
0.20908318
0.20908318
0.20908318
0.12704871
0.01670781
0.20908318
0.20908318
0.17984821
0.20908318
0.37600675
0.47081987
0.50776829
0.04129943
0.20908318
0.02367699
0.20908318
0.16528261
0.07334466
0.30661692
0.20908318
0.03687456
0.07717877
0.20908318
0.03177422
0.20908318
0.32614013
0.53224625
0.20908318
0.11699735
0.10719517
0.20908318
0.34964747
0.48255394
0.42614759
0.07913260
0.18556372
0.53231890
0.43509559
0.02836584
0.49883209
0.13712649
0.22041980
0.20908318
0.20908318
0.20908318
0.20908318
0.20908318
0.50559281
0.11693039
0.20908318
0.49926528
0.15737545
0.20908318
0.20908318
0.05937174
0.09554029
0.02430216
0.20908318
0.23844083
0.46454152
0.02351462
0.33949320
0.49344357
0.20908318
0.20908318
0.20541764
0.43684684
0.12372704
0.20908318
0.20908318
0.20908318
0.34078157
0.43509559
0.28322318
0.20908318
0.21477853
0.20908318
0.20908318
0.41071328
0.20908318
0.10126926
0.52008955
0.20908318
0.51097052
0.34022364
0.00337782
0.10893947
0.52538038
0.03771726
0.20908318
0.15031270
0.20908318
0.33832295
0.20908318
0.20908318
0.24139488
0.20908318
0.20908318
0.02287799
0.20908318
0.31470241
0.26915336
0.02302646
0.17025741
0.17965986
0.20908318
0.53010813
0.52707856
0.20908318
0.01394583
