0.25460848
0.22507046
0.40311674
0.15401045
0.27867729
0.45704584
0.32484111
0.12009832
0.23756163
0.26460286
0.19494170
0.15465739
0.33366437
0.11499588
0.14859011
0.18044623
0.18840003
0.11911951
0.13024275
0.20811251
0.34985677
0.14342564
0.34298623
0.19590068
0.22505551
0.21321789
0.19594207
0.46156410
0.26995549
0.33442942
0.11133111
0.42506888
0.43642868
0.14091717
0.17220890
0.25346162
0.16293942
0.14302348
0.14393435
0.13291992
0.28738692
0.21848800
0.37768156
0.20420790
0.41212277
0.21737265
0.13240844
0.36037062
0.24017746
0.15761866
0.16518999
0.43332927
0.22403767
0.43379574
0.19205537
0.15426147
0.24705957
0.12254948
0.39831178
0.13000824
0.17513940
0.24164411
0.11860283
0.13243285
0.16407320
0.30277804
0.28032778
0.16824171
0.23015302
0.46585165
0.36117149
0.18341751
0.31266888
0.41562196
0.15881659
0.19427585
0.12495251
0.15007796
0.20524472
0.15950562
0.31104378
0.20326095
0.22233499
0.13118492
0.13166648
0.20868933
0.32855025
0.21889215
0.33637981
0.19526332
0.35815457
0.23836381
0.36586364
0.22948481
0.28105151
0.19020626
0.35409895
0.19136014
0.38423253
0.29182835
0.16704285
0.17504221
0.12523100
0.21370335
0.41770775
0.29483745
0.34676984
0.16342913
0.24001187
0.14348487
0.27401406
0.22744322
0.23942329
0.23352004
0.14960891
0.14460613
0.13114019
0.18147815
0.43392705
0.16737282
0.17703603
0.20710214
0.16534202
0.23282274
0.43736151
0.18804302
0.34822765
0.10548369
0.21641659
0.18193915
0.25995241
0.12621353
0.24167693
0.17824415
0.12334884
0.15739652
0.15378168
0.29457121
0.10785782
0.27171368
0.20997087
0.43591163
0.26397984
0.19034082
0.46969882
0.28503173
0.17525578
0.15024254
0.14309830
0.14498458
0.34877995
0.40114254
0.23494601
0.32905492
0.36438767
0.42450435
0.46350666
0.22347107
0.19109934
0.47094727
0.23702133
0.39691091
0.15768762
0.13257526
0.08346130
0.38861328
0.32018019
0.16619544
0.16852474
0.32168311
0.12130646
0.27025256
0.45620462
0.11929251
0.18631133
0.25859205
0.38439122
0.22164906
0.29239607
0.38640484
0.21885087
0.35535471
0.35413298
0.26019802
0.45767058
0.29562509
0.18005930
0.24082639
0.28168278
0.48316479
0.42843905
0.31605398
0.31730267
0.47519625
0.40293545
0.17600892
0.13334046
0.28044748
0.43335043
0.26909767
0.20067165
0.17210299
0.34353212
0.42804862
0.33399677
0.17343899
0.19808932
0.37176667
0.14080478
0.40611796
0.19706664
0.44851746
0.15940651
0.25145136
0.31264572
0.13146963
0.40403549
0.24607247
0.20972113
0.24470505
0.16602617
0.24155885
0.20760954
0.35196923
0.32627762
0.25715849
0.33165373
0.37348147
0.12703566
0.26919424
0.29079478
0.11818906
0.27747609
0.21036533
0.18786916
0.28821094
0.15400526
0.33793606
0.39666278
0.18443124
0.33863346
0.19547616
0.23884081
0.35052639
0.20018230
0.47917029
0.46441772
0.16017489
0.11131683
0.19723563
0.26487921
0.23392834
0.29072333
0.17846124
0.23881899
0.21188994
0.28442063
0.33836994
0.22421106
0.28530238
0.24944513
0.17849746
0.19485176
0.19222397
0.36447090
0.34613047
0.20691010
0.29772133
0.08444520
0.23325211
0.27167600
0.17996694
0.19682868
0.28534777
0.17027219
0.13848825
0.31863940
0.29717710
0.18710844
0.30658838
0.38620769
0.21974912
0.15420569
0.35138547
0.27004378
0.11722126
0.23896179
0.33739940
0.25962531
0.36026914
0.24604585
0.46900594
0.12479051
0.15455467
0.12370930
0.22037022
0.22964266
0.32309452
0.21573191
0.18810384
0.26778341
0.36351632
0.18267412
0.22226832
0.14860778
0.24602519
0.09735355
0.22003337
0.23372320
0.18588494
0.43061148
0.16471005
0.17019744
0.18876885
0.12471078
0.21026238
0.16337871
0.43501526
0.29592510
0.39790372
0.26197085
0.22870084
0.36912177
0.18436302
0.12659586
0.09632373
0.14590330
0.44528393
0.45631407
0.16407670
0.43829171
0.14206475
0.12370424
0.32620542
0.28266921
0.28258062
0.31812532
0.31286094
0.18239189
0.27569889
0.31648492
0.22452745
0.20379556
0.37579378
0.25203995
0.33100956
0.37845824
0.27337105
0.22446337
0.19357399
0.12672851
0.15998920
0.10093201
0.11647236
0.21598660
0.21923608
0.17505028
0.21551621
0.35290951
0.42597121
0.16832692
0.14758171
0.19796839
0.27658654
0.41425187
0.42901811
0.28203368
0.26153822
0.29997694
0.38374528
0.29773361
0.17243550
0.10609778
0.18920526
0.28246389
0.23126392
0.35922796
0.16941615
0.25069797
0.15383509
0.36108129
0.41333975
0.29475317
0.24628969
0.24979600
0.45797498
0.12650693
0.22280804
0.18511274
0.26164809
0.30890394
0.43698410
0.30648828
0.37564101
0.27177338
0.14664137
0.18020602
0.29410591
0.19778049
0.35357778
0.15186971
0.31247915
0.21946352
0.42155209
0.47330264
0.35919809
0.45972417
0.14976851
0.34159775
0.38270555
0.24649469
0.12912846
0.30991079
0.25685995
0.39063130
0.21648255
0.25034644
0.27607857
0.14814302
0.13334702
0.27168661
0.32261779
0.43116577
0.37720029
0.41083782
0.33117780
0.15513951
0.12654366
0.26269458
0.21274875
0.20176022
0.15467965
0.25195150
0.21673892
0.33173194
0.11891027
0.32959297
0.26085385
0.34419312
0.12187247
0.13309554
0.14936511
0.35345903
0.14949693
0.31632671
0.22572697
0.17955177
0.14229389
0.16449960
0.21658716
0.25857652
0.29387173
0.28416946
0.11836741
0.20174498
0.16349255
0.08942067
0.08543757
0.20572631
0.31305811
0.28834501
0.36505588
0.13727225
0.21785208
0.23918338
0.47225114
0.23513768
0.14510475
0.37202453
0.44684944
0.10133201
0.37558978
0.21396512
0.16034029
0.23243679
0.13971345
0.35133747
0.40257153
0.13118028
0.21262763
0.16983584
0.33591771
0.15121210
0.33311440
0.17162392
0.33919959
0.25686320
0.17138105
0.23932831
0.12241771
0.17551536
0.14530952
0.14981604
0.31963637
0.14839546
0.37366386
0.46009035
0.31286589
0.22872704
0.16536391
0.39737023
0.22895412
0.40081489
0.31736343
0.26688001
0.20334337
0.34013314
0.18005301
0.33025268
0.16547577
0.40886267
0.16641281
0.46942448
0.27165592
0.22280830
0.26576586
0.12838596
0.40889537
0.14632270
0.34543781
0.35821653
0.40101572
0.14799637
0.21222538
0.18606302
0.14741743
0.14288095
0.14708700
0.17310732
0.11344448
0.17321691
0.38296657
0.20536732
0.25672166
0.18103011
0.14831640
0.21931947
0.34576059
0.31987490
0.18057387
0.41660545
0.30096055
0.15003424
0.16982404
0.30933639
0.46761014
0.15100963
0.28388447
0.34966409
0.35852642
0.16270869
0.37308511
0.26416707
0.33311470
0.18559352
0.38151004
0.12612540
0.18914559
0.19795971
0.15600538
0.11272234
0.16898193
0.28172625
0.42045033
0.29199535
0.25177358
0.39006332
0.34034941
0.42194655
0.32217052
0.19017248
0.44362314
0.17361973
0.33808871
0.09564310
0.29590065
0.40204877
0.38497991
0.17800231
0.42845538
0.29411411
0.47577449
0.13607477
0.17219820
0.14779857
0.22625284
0.21235857
0.35095115
0.45232897
0.12185457
0.15234171
0.25768612
0.32418856
0.18934432
0.12986406
0.19239533
0.44790268
0.34593015
0.20088262
0.17732828
0.15090666
0.15891929
0.21414930
0.09465067
0.27383319
0.37694626
0.28797533
0.21505073
0.10014523
0.41416260
0.34053033
0.19224047
0.37181797
0.16185694
0.25088018
0.21869922
0.34566434
0.27134515
0.36088557
0.13199507
0.16747968
0.36562068
0.29373532
0.23630550
0.14584926
0.39705392
0.24600641
0.15658568
0.25346791
0.25412713
0.15136789
0.14087768
0.42643636
0.40135019
0.35857578
0.16949117
0.18272661
0.07858316
0.22182279
0.27596103
0.37700643
0.24014940
0.27311975
0.21263568
0.11211078
0.25211645
0.30179721
0.27503460
0.34755346
0.10662671
0.18284255
0.25812613
0.19415345
0.17997655
0.13220932
0.16767475
0.43896917
0.19553201
0.14977166
0.22807303
0.28780463
0.36975712
0.29632451
0.22275450
0.15502316
0.11010654
0.37717398
0.43767069
0.24754174
0.11063704
0.27428011
0.33823120
0.22964734
0.22202258
0.22085374
0.13558286
0.30999822
0.30358304
0.41482884
0.28995802
0.24268053
0.21623934
0.37069672
0.12021728
0.25270150
0.19096599
0.10353317
0.22925789
0.25299404
0.28076717
0.25825817
0.34159661
0.28433116
0.45866272
0.39229761
0.11996271
0.31894362
0.30258917
0.38587810
0.17116918
0.12465851
0.11675254
0.25857539
0.24619065
0.12179953
0.16323278
0.13347445
0.12596784
0.44003797
0.15991226
0.28321896
0.14439671
0.15748356
0.43989639
0.43315762
0.22441875
0.26321648
0.16379685
0.22703792
0.18941677
0.42950334
0.19727473
0.20711517
0.20544811
0.23079740
0.33924503
0.44516394
0.17821117
0.37728583
0.36238444
0.13976243
0.40960860
0.18073900
0.19276372
0.09802292
0.34593963
0.25033863
0.22296080
0.44350036
0.39664723
0.39738864
0.19443450
0.18861151
0.26484533
0.22665168
0.13690934
0.12297120
0.48871881
0.37447624
0.34975060
0.32714822
0.15469429
0.20858468
0.27170210
0.13019605
0.25442048
0.16757832
0.39375848
0.19284085
0.38457916
0.27188646
0.28055188
0.16583751
0.22685607
0.22328528
0.27804487
0.30260321
0.19594175
0.12106723
0.16226548
0.32384377
0.18450027
0.40470315
0.19510423
0.14830280
0.23051772
0.14107583
0.19313376
0.11701114
0.38894083
0.16860259
0.42404840
0.09729461
0.13256242
0.45994357
0.36688332
0.34128205
0.39931557
0.23982420
0.30478260
0.15297946
0.46999681
0.22574261
0.26137411
0.40575948
0.12125910
0.28214331
0.19938809
0.22031228
0.20069700
0.33064391
0.17168732
0.24552524
0.37370112
0.34213405
0.18857031
0.21637237
0.17869563
0.30246905
0.17152245
0.29727599
0.17289170
0.16711441
0.30803002
0.18180859
0.35373905
0.19396181
0.17591656
0.25365355
0.29978014
0.07545456
0.17167338
0.41103315
0.29530031
0.36450967
0.38407749
0.33864399
0.34128708
0.33548368
0.18205750
0.24053042
0.32240192
0.23005280
0.25596264
0.17805245
0.18118479
0.17537919
0.35716061
0.26774866
0.31076631
0.36397454
0.32629317
0.08709489
0.26043239
0.24408933
0.17047721
0.15825069
0.33929740
0.28349832
0.17122271
0.22109704
0.43980765
0.35932508
0.34183783
0.15337318
0.44427925
0.27090580
0.19880174
0.42521418
0.32372517
0.41269727
0.23255157
0.15099873
0.38978137
0.35430305
0.35359218
0.19117348
0.23359953
0.42064080
0.20301863
0.12782021
0.29706579
0.17369995
0.19350028
0.25102451
0.11068456
0.38830939
0.26810020
0.19159775
0.16636118
0.19515904
0.30209731
0.37597158
0.27658287
0.47067626
0.12585684
0.21699434
0.16335346
0.19524235
0.43522343
0.18377644
0.48429062
0.14350793
0.19467766
0.14512482
0.28761663
0.40208389
0.28344773
0.18810137
0.22917499
0.12595018
0.12850619
0.22266475
0.29973568
0.21609235
0.22767025
0.24088848
0.15176530
0.27667482
0.24016128
0.26861594
0.41767947
0.32584739
0.24161157
0.17205578
0.14883043
0.21139997
0.41356517
0.22608185
0.13338874
0.35248195
0.37659521
0.37675931
0.14019399
0.21806275
0.33187172
0.45841029
0.20775466
0.25313817
0.14681938
0.33298755
0.17777838
0.13516761
0.20703895
0.29373825
0.32451600
0.47788881
0.40539060
0.32297417
0.24339332
0.15416589
0.27293128
0.20473773
0.21162977
0.44025511
0.41612148
0.18808893
0.23060281
0.15158307
0.42957499
0.08820446
0.16464689
0.11855571
0.29566748
0.29178838
0.29771318
0.16907505
0.43980549
0.12195288
0.21578751
0.24905122
0.22978654
0.41819671
0.33723188
0.40615020
0.18201909
0.26913072
0.39683726
0.17051727
0.37754164
0.30316364
0.20559416
0.16854225
0.17318096
0.44722325
0.20402684
0.21643415
0.17052504
0.39030787
0.32384262
0.18979804
0.15712154
0.19752946
0.32495203
0.15709400
0.12208456
0.41368953
0.12969512
0.20545901
0.34811988
0.23125862
0.14570617
0.20144664
0.22005873
0.15226357
0.13864217
0.24063431
0.16721279
0.18315957
0.30130174
