0.000	0.00000000
0.010	0.00000000
0.020	0.00160000
0.030	0.00318400
0.040	0.00475209
0.050	0.00630436
0.060	0.00784089
0.070	0.00936178
0.080	0.01086711
0.090	0.01235697
0.100	0.01383146
0.110	0.01529066
0.120	0.01673466
0.130	0.01816354
0.140	0.01957741
0.150	0.02097634
0.160	0.02236042
0.170	0.02372975
0.180	0.02508441
0.190	0.02642449
0.200	0.02775008
0.210	0.02906126
0.220	0.03035814
0.230	0.03164078
0.240	0.03290929
0.250	0.03416375
0.260	0.03540424
0.270	0.03663086
0.280	0.03784370
0.290	0.03904283
0.300	0.04022836
0.310	0.04140036
0.320	0.04255892
0.330	0.04370413
0.340	0.04483608
0.350	0.04595485
0.360	0.04706054
0.370	0.04815322
0.380	0.04923298
0.390	0.05029991
0.400	0.05135410
0.410	0.05239563
0.420	0.05342459
0.430	0.05444105
0.440	0.05544512
0.450	0.05643686
0.460	0.05741638
0.470	0.05838374
0.480	0.05933905
0.490	0.06028237
0.500	0.06121379
0.510	0.06213341
0.520	0.06304130
0.530	0.06393754
0.540	0.06482222
0.550	0.06569542
0.560	0.06655723
0.570	0.06740772
0.580	0.06824698
0.590	0.06907509
0.600	0.06989214
0.610	0.07069820
0.620	0.07149335
0.630	0.07227768
0.640	0.07305127
0.650	0.07381419
0.660	0.07456653
0.670	0.07530837
0.680	0.07603978
0.690	0.07676085
0.700	0.07747166
0.710	0.07817228
0.720	0.07886280
0.730	0.07954328
0.740	0.08021382
0.750	0.08087448
0.760	0.08152535
0.770	0.08216650
0.780	0.08279800
0.790	0.08341995
0.800	0.08403240
0.810	0.08463544
0.820	0.08522914
0.830	0.08581359
0.840	0.08638884
0.850	0.08695498
0.860	0.08751209
0.870	0.08806023
0.880	0.08859949
0.890	0.08912992
0.900	0.08965162
0.910	0.09016465
0.920	0.09066907
0.930	0.09116498
0.940	0.09165243
0.950	0.09213150
0.960	0.09260226
0.970	0.09306478
0.980	0.09351913
0.990	0.09396539
1.000	0.09440361
1.010	0.09483388
1.020	0.09525626
1.030	0.09567082
1.040	0.09607763
1.050	0.09647676
1.060	0.09686827
1.070	0.09725224
1.080	0.09762872
1.090	0.09799780
1.100	0.09835953
1.110	0.09871397
1.120	0.09906121
1.130	0.09940130
1.140	0.09973431
1.150	0.10006029
1.160	0.10037933
1.170	0.10069148
1.180	0.10099681
1.190	0.10129537
1.200	0.10158724
1.210	0.10187247
1.220	0.10215113
1.230	0.10242329
1.240	0.10268899
1.250	0.10294832
1.260	0.10320131
1.270	0.10344805
1.280	0.10368858
1.290	0.10392297
1.300	0.10415128
1.310	0.10437357
1.320	0.10458989
1.330	0.10480031
1.340	0.10500488
1.350	0.10520366
1.360	0.10539672
1.370	0.10558410
1.380	0.10576587
1.390	0.10594208
1.400	0.10611279
1.410	0.10627805
1.420	0.10643792
1.430	0.10659246
1.440	0.10674172
1.450	0.10688576
1.460	0.10702463
1.470	0.10715838
1.480	0.10728707
1.490	0.10741075
1.500	0.10752948
1.510	0.10764330
1.520	0.10775228
1.530	0.10785645
1.540	0.10795589
1.550	0.10805062
1.560	0.10814072
1.570	0.10822622
1.580	0.10830718
1.590	0.10838365
1.600	0.10845567
1.610	0.10852330
1.620	0.10858659
1.630	0.10864559
1.640	0.10870033
1.650	0.10875088
1.660	0.10879728
1.670	0.10883958
1.680	0.10887782
1.690	0.10891205
1.700	0.10894232
1.710	0.10896867
1.720	0.10899115
1.730	0.10900981
1.740	0.10902469
1.750	0.10903583
1.760	0.10904328
1.770	0.10904709
1.780	0.10904729
1.790	0.10904393
1.800	0.10903706
1.810	0.10902672
1.820	0.10901294
1.830	0.10899578
1.840	0.10897528
1.850	0.10895147
1.860	0.10892439
1.870	0.10889410
1.880	0.10886063
1.890	0.10882401
1.900	0.10878430
1.910	0.10874152
1.920	0.10869573
1.930	0.10864695
1.940	0.10859523
1.950	0.10854061
1.960	0.10848312
1.970	0.10842281
1.980	0.10835971
1.990	0.10829385
2.000	0.10822528
2.010	0.10815403
2.020	0.10808014
2.030	0.10800364
2.040	0.10792458
2.050	0.10784298
2.060	0.10775888
2.070	0.10767232
2.080	0.10758333
2.090	0.10749194
2.100	0.10739820
2.110	0.10730213
2.120	0.10720377
2.130	0.10710315
2.140	0.10700031
2.150	0.10689527
2.160	0.10678808
2.170	0.10667875
2.180	0.10656733
2.190	0.10645385
2.200	0.10633833
2.210	0.10622081
2.220	0.10610132
2.230	0.10597990
2.240	0.10585656
2.250	0.10573134
2.260	0.10560427
2.270	0.10547539
2.280	0.10534471
2.290	0.10521227
2.300	0.10507810
2.310	0.10494223
2.320	0.10480468
2.330	0.10466548
2.340	0.10452466
2.350	0.10438225
2.360	0.10423828
2.370	0.10409276
2.380	0.10394574
2.390	0.10379723
2.400	0.10364726
2.410	0.10349586
2.420	0.10334306
2.430	0.10318887
2.440	0.10303333
2.450	0.10287645
2.460	0.10271827
2.470	0.10255881
2.480	0.10239809
2.490	0.10223614
2.500	0.10207299
2.510	0.10190864
2.520	0.10174314
2.530	0.10157649
2.540	0.10140873
2.550	0.10123988
2.560	0.10106996
2.570	0.10089899
2.580	0.10072699
2.590	0.10055399
2.600	0.10038001
2.610	0.10020507
2.620	0.10002919
2.630	0.09985238
2.640	0.09967469
2.650	0.09949611
2.660	0.09931668
2.670	0.09913641
2.680	0.09895532
2.690	0.09877344
2.700	0.09859077
2.710	0.09840736
2.720	0.09822320
2.730	0.09803832
2.740	0.09785274
2.750	0.09766647
2.760	0.09747955
2.770	0.09729197
2.780	0.09710377
2.790	0.09691495
2.800	0.09672555
2.810	0.09653556
2.820	0.09634502
2.830	0.09615393
2.840	0.09596232
2.850	0.09577021
2.860	0.09557760
2.870	0.09538451
2.880	0.09519096
2.890	0.09499697
2.900	0.09480255
2.910	0.09460772
2.920	0.09441249
2.930	0.09421688
2.940	0.09402090
2.950	0.09382457
2.960	0.09362790
2.970	0.09343090
2.980	0.09323360
2.990	0.09303600
3.000	0.09283812
3.010	0.09263997
3.020	0.09244157
3.030	0.09224293
3.040	0.09204406
3.050	0.09184497
3.060	0.09164569
3.070	0.09144622
3.080	0.09124657
3.090	0.09104676
3.100	0.09084679
3.110	0.09064669
3.120	0.09044646
3.130	0.09024612
3.140	0.09004567
3.150	0.08984513
3.160	0.08964451
3.170	0.08944383
3.180	0.08924308
3.190	0.08904229
3.200	0.08884146
3.210	0.08864061
3.220	0.08843974
3.230	0.08823887
3.240	0.08803800
3.250	0.08783715
3.260	0.08763632
3.270	0.08743554
3.280	0.08723479
3.290	0.08703411
3.300	0.08683348
3.310	0.08663294
3.320	0.08643247
3.330	0.08623210
3.340	0.08603183
3.350	0.08583166
3.360	0.08563162
3.370	0.08543170
3.380	0.08523193
3.390	0.08503229
3.400	0.08483281
3.410	0.08463348
3.420	0.08443433
3.430	0.08423535
3.440	0.08403656
3.450	0.08383795
3.460	0.08363955
3.470	0.08344135
3.480	0.08324337
3.490	0.08304560
3.500	0.08284807
3.510	0.08265077
3.520	0.08245371
3.530	0.08225690
3.540	0.08206034
3.550	0.08186405
3.560	0.08166802
3.570	0.08147227
3.580	0.08127679
3.590	0.08108161
3.600	0.08088671
3.610	0.08069212
3.620	0.08049783
3.630	0.08030384
3.640	0.08011018
3.650	0.07991683
3.660	0.07972381
3.670	0.07953112
3.680	0.07933877
3.690	0.07914676
3.700	0.07895510
3.710	0.07876379
3.720	0.07857283
3.730	0.07838224
3.740	0.07819201
3.750	0.07800215
3.760	0.07781267
3.770	0.07762356
3.780	0.07743484
3.790	0.07724651
3.800	0.07705857
3.810	0.07687103
3.820	0.07668389
3.830	0.07649715
3.840	0.07631081
3.850	0.07612489
3.860	0.07593939
3.870	0.07575430
3.880	0.07556964
3.890	0.07538540
3.900	0.07520159
3.910	0.07501822
3.920	0.07483528
3.930	0.07465278
3.940	0.07447072
3.950	0.07428910
3.960	0.07410793
3.970	0.07392722
3.980	0.07374695
3.990	0.07356714
4.000	0.07338780
4.010	0.07320891
4.020	0.07303049
4.030	0.07285253
4.040	0.07267504
4.050	0.07249802
4.060	0.07232148
4.070	0.07214541
4.080	0.07196982
4.090	0.07179471
4.100	0.07162008
4.110	0.07144594
4.120	0.07127228
4.130	0.07109910
4.140	0.07092642
4.150	0.07075423
4.160	0.07058253
4.170	0.07041132
4.180	0.07024061
4.190	0.07007040
4.200	0.06990069
4.210	0.06973147
4.220	0.06956276
4.230	0.06939455
4.240	0.06922685
4.250	0.06905965
4.260	0.06889296
4.270	0.06872677
4.280	0.06856110
4.290	0.06839593
4.300	0.06823127
4.310	0.06806713
4.320	0.06790349
4.330	0.06774037
4.340	0.06757777
4.350	0.06741568
4.360	0.06725410
4.370	0.06709304
4.380	0.06693250
4.390	0.06677247
4.400	0.06661296
4.410	0.06645397
4.420	0.06629550
4.430	0.06613755
4.440	0.06598011
4.450	0.06582320
4.460	0.06566681
4.470	0.06551093
4.480	0.06535558
4.490	0.06520075
4.500	0.06504643
4.510	0.06489264
4.520	0.06473937
4.530	0.06458662
4.540	0.06443439
4.550	0.06428268
4.560	0.06413150
4.570	0.06398083
4.580	0.06383068
4.590	0.06368106
4.600	0.06353195
4.610	0.06338336
4.620	0.06323530
4.630	0.06308775
4.640	0.06294072
4.650	0.06279421
4.660	0.06264822
4.670	0.06250275
4.680	0.06235779
4.690	0.06221335
4.700	0.06206943
4.710	0.06192602
4.720	0.06178313
4.730	0.06164075
4.740	0.06149889
4.750	0.06135754
4.760	0.06121670
4.770	0.06107638
4.780	0.06093657
4.790	0.06079727
4.800	0.06065848
4.810	0.06052019
4.820	0.06038242
4.830	0.06024516
4.840	0.06010840
4.850	0.05997214
4.860	0.05983640
4.870	0.05970116
4.880	0.05956642
4.890	0.05943218
4.900	0.05929845
4.910	0.05916521
4.920	0.05903248
4.930	0.05890024
4.940	0.05876850
4.950	0.05863726
4.960	0.05850652
4.970	0.05837627
4.980	0.05824651
4.990	0.05811724
5.000	0.05798847
5.010	0.05786018
5.020	0.05773239
5.030	0.05760508
5.040	0.05747826
5.050	0.05735193
5.060	0.05722608
5.070	0.05710071
5.080	0.05697582
5.090	0.05685142
5.100	0.05672749
5.110	0.05660404
5.120	0.05648107
5.130	0.05635857
5.140	0.05623655
5.150	0.05611500
5.160	0.05599392
5.170	0.05587331
5.180	0.05575318
5.190	0.05563350
5.200	0.05551430
5.210	0.05539556
5.220	0.05527728
5.230	0.05515946
5.240	0.05504211
5.250	0.05492521
5.260	0.05480878
5.270	0.05469279
5.280	0.05457727
5.290	0.05446219
5.300	0.05434757
5.310	0.05423340
5.320	0.05411967
5.330	0.05400640
5.340	0.05389357
5.350	0.05378118
5.360	0.05366924
5.370	0.05355774
5.380	0.05344668
5.390	0.05333606
5.400	0.05322587
5.410	0.05311612
5.420	0.05300681
5.430	0.05289792
5.440	0.05278947
5.450	0.05268145
5.460	0.05257385
5.470	0.05246668
5.480	0.05235994
5.490	0.05225361
5.500	0.05214771
5.510	0.05204223
5.520	0.05193717
5.530	0.05183252
5.540	0.05172829
5.550	0.05162447
5.560	0.05152107
5.570	0.05141807
5.580	0.05131549
5.590	0.05121331
5.600	0.05111153
5.610	0.05101016
5.620	0.05090920
5.630	0.05080863
5.640	0.05070846
5.650	0.05060869
5.660	0.05050932
5.670	0.05041034
5.680	0.05031175
5.690	0.05021355
5.700	0.05011575
5.710	0.05001833
5.720	0.04992130
5.730	0.04982465
5.740	0.04972839
5.750	0.04963250
5.760	0.04953700
5.770	0.04944188
5.780	0.04934713
5.790	0.04925276
5.800	0.04915876
5.810	0.04906513
5.820	0.04897187
5.830	0.04887898
5.840	0.04878646
5.850	0.04869430
5.860	0.04860251
5.870	0.04851108
5.880	0.04842001
5.890	0.04832930
5.900	0.04823895
5.910	0.04814895
5.920	0.04805930
5.930	0.04797001
5.940	0.04788107
5.950	0.04779248
5.960	0.04770424
5.970	0.04761634
5.980	0.04752879
5.990	0.04744158
6.000	0.04735472
6.010	0.04726819
6.020	0.04718200
6.030	0.04709615
6.040	0.04701063
6.050	0.04692545
6.060	0.04684060
6.070	0.04675608
6.080	0.04667189
6.090	0.04658802
6.100	0.04650449
6.110	0.04642127
6.120	0.04633838
6.130	0.04625581
6.140	0.04617356
6.150	0.04609163
6.160	0.04601002
6.170	0.04592872
6.180	0.04584773
6.190	0.04576706
6.200	0.04568670
6.210	0.04560665
6.220	0.04552690
6.230	0.04544746
6.240	0.04536833
6.250	0.04528949
6.260	0.04521096
6.270	0.04513273
6.280	0.04505480
6.290	0.04497717
6.300	0.04489983
6.310	0.04482279
6.320	0.04474604
6.330	0.04466958
6.340	0.04459341
6.350	0.04451753
6.360	0.04444193
6.370	0.04436663
6.380	0.04429160
6.390	0.04421686
6.400	0.04414240
6.410	0.04406822
6.420	0.04399432
6.430	0.04392070
6.440	0.04384735
6.450	0.04377427
6.460	0.04370147
6.470	0.04362894
6.480	0.04355668
6.490	0.04348469
6.500	0.04341297
6.510	0.04334151
6.520	0.04327032
6.530	0.04319939
6.540	0.04312873
6.550	0.04305832
6.560	0.04298817
6.570	0.04291829
6.580	0.04284865
6.590	0.04277928
6.600	0.04271015
6.610	0.04264128
6.620	0.04257266
6.630	0.04250430
6.640	0.04243618
6.650	0.04236830
6.660	0.04230068
6.670	0.04223330
6.680	0.04216616
6.690	0.04209926
6.700	0.04203261
6.710	0.04196620
6.720	0.04190002
6.730	0.04183408
6.740	0.04176838
6.750	0.04170291
6.760	0.04163768
6.770	0.04157268
6.780	0.04150791
6.790	0.04144337
6.800	0.04137906
6.810	0.04131497
6.820	0.04125112
6.830	0.04118749
6.840	0.04112408
6.850	0.04106089
6.860	0.04099793
6.870	0.04093519
6.880	0.04087266
6.890	0.04081036
6.900	0.04074827
6.910	0.04068640
6.920	0.04062474
6.930	0.04056329
6.940	0.04050206
6.950	0.04044104
6.960	0.04038023
6.970	0.04031963
6.980	0.04025923
6.990	0.04019905
7.000	0.04013907
7.010	0.04007929
7.020	0.04001972
7.030	0.03996035
7.040	0.03990118
7.050	0.03984221
7.060	0.03978344
7.070	0.03972487
7.080	0.03966650
7.090	0.03960832
7.100	0.03955034
7.110	0.03949255
7.120	0.03943495
7.130	0.03937755
7.140	0.03932034
7.150	0.03926332
7.160	0.03920648
7.170	0.03914984
7.180	0.03909338
7.190	0.03903711
7.200	0.03898102
7.210	0.03892511
7.220	0.03886939
7.230	0.03881385
7.240	0.03875850
7.250	0.03870332
7.260	0.03864832
7.270	0.03859350
7.280	0.03853886
7.290	0.03848439
7.300	0.03843010
7.310	0.03837598
7.320	0.03832204
7.330	0.03826827
7.340	0.03821467
7.350	0.03816124
7.360	0.03810798
7.370	0.03805490
7.380	0.03800197
7.390	0.03794922
7.400	0.03789663
7.410	0.03784421
7.420	0.03779195
7.430	0.03773986
7.440	0.03768793
7.450	0.03763616
7.460	0.03758455
7.470	0.03753310
7.480	0.03748181
7.490	0.03743068
7.500	0.03737971
7.510	0.03732890
7.520	0.03727824
7.530	0.03722774
7.540	0.03717739
7.550	0.03712719
7.560	0.03707715
7.570	0.03702726
7.580	0.03697752
7.590	0.03692793
7.600	0.03687849
7.610	0.03682920
7.620	0.03678006
7.630	0.03673106
7.640	0.03668222
7.650	0.03663351
7.660	0.03658496
7.670	0.03653654
7.680	0.03648828
7.690	0.03644015
7.700	0.03639217
7.710	0.03634432
7.720	0.03629662
7.730	0.03624906
7.740	0.03620164
7.750	0.03615435
7.760	0.03610721
7.770	0.03606020
7.780	0.03601332
7.790	0.03596659
7.800	0.03591998
7.810	0.03587352
7.820	0.03582718
7.830	0.03578098
7.840	0.03573491
7.850	0.03568897
7.860	0.03564317
7.870	0.03559749
7.880	0.03555195
7.890	0.03550653
7.900	0.03546124
7.910	0.03541608
7.920	0.03537104
7.930	0.03532613
7.940	0.03528135
7.950	0.03523669
7.960	0.03519216
7.970	0.03514775
7.980	0.03510347
7.990	0.03505930
8.000	0.03501526
8.010	0.03497134
8.020	0.03492755
8.030	0.03488387
8.040	0.03484031
8.050	0.03479687
8.060	0.03475355
8.070	0.03471034
8.080	0.03466726
8.090	0.03462429
8.100	0.03458144
8.110	0.03453870
8.120	0.03449608
8.130	0.03445357
8.140	0.03441117
8.150	0.03436889
8.160	0.03432672
8.170	0.03428467
8.180	0.03424272
8.190	0.03420089
8.200	0.03415917
8.210	0.03411756
8.220	0.03407606
8.230	0.03403466
8.240	0.03399338
8.250	0.03395220
8.260	0.03391113
8.270	0.03387017
8.280	0.03382931
8.290	0.03378856
8.300	0.03374792
8.310	0.03370738
8.320	0.03366695
8.330	0.03362661
8.340	0.03358639
8.350	0.03354626
8.360	0.03350624
8.370	0.03346632
8.380	0.03342650
8.390	0.03338679
8.400	0.03334717
8.410	0.03330766
8.420	0.03326824
8.430	0.03322892
8.440	0.03318971
8.450	0.03315059
8.460	0.03311156
8.470	0.03307264
8.480	0.03303381
8.490	0.03299508
8.500	0.03295645
8.510	0.03291791
8.520	0.03287947
8.530	0.03284112
8.540	0.03280286
8.550	0.03276470
8.560	0.03272664
8.570	0.03268867
8.580	0.03265079
8.590	0.03261300
8.600	0.03257530
8.610	0.03253770
8.620	0.03250018
8.630	0.03246276
8.640	0.03242543
8.650	0.03238819
8.660	0.03235103
8.670	0.03231397
8.680	0.03227699
8.690	0.03224011
8.700	0.03220331
8.710	0.03216660
8.720	0.03212997
8.730	0.03209344
8.740	0.03205699
8.750	0.03202062
8.760	0.03198435
8.770	0.03194815
8.780	0.03191204
8.790	0.03187602
8.800	0.03184008
8.810	0.03180423
8.820	0.03176846
8.830	0.03173277
8.840	0.03169716
8.850	0.03166164
8.860	0.03162620
8.870	0.03159084
8.880	0.03155556
8.890	0.03152037
8.900	0.03148525
8.910	0.03145022
8.920	0.03141526
8.930	0.03138039
8.940	0.03134559
8.950	0.03131088
8.960	0.03127624
8.970	0.03124168
8.980	0.03120720
8.990	0.03117280
9.000	0.03113848
9.010	0.03110423
9.020	0.03107006
9.030	0.03103597
9.040	0.03100195
9.050	0.03096801
9.060	0.03093414
9.070	0.03090035
9.080	0.03086664
9.090	0.03083300
9.100	0.03079943
9.110	0.03076594
9.120	0.03073253
9.130	0.03069918
9.140	0.03066591
9.150	0.03063272
9.160	0.03059959
9.170	0.03056654
9.180	0.03053356
9.190	0.03050066
9.200	0.03046782
9.210	0.03043506
9.220	0.03040237
9.230	0.03036975
9.240	0.03033720
9.250	0.03030472
9.260	0.03027231
9.270	0.03023997
9.280	0.03020770
9.290	0.03017550
9.300	0.03014336
9.310	0.03011130
9.320	0.03007931
9.330	0.03004738
9.340	0.03001552
9.350	0.02998373
9.360	0.02995201
9.370	0.02992036
9.380	0.02988877
9.390	0.02985725
9.400	0.02982579
9.410	0.02979440
9.420	0.02976308
9.430	0.02973183
9.440	0.02970064
9.450	0.02966951
9.460	0.02963845
9.470	0.02960746
9.480	0.02957653
9.490	0.02954566
9.500	0.02951486
9.510	0.02948412
9.520	0.02945345
9.530	0.02942284
9.540	0.02939229
9.550	0.02936181
9.560	0.02933139
9.570	0.02930103
9.580	0.02927074
9.590	0.02924050
9.600	0.02921033
9.610	0.02918022
9.620	0.02915018
9.630	0.02912019
9.640	0.02909026
9.650	0.02906040
9.660	0.02903060
9.670	0.02900086
9.680	0.02897117
9.690	0.02894155
9.700	0.02891199
9.710	0.02888249
9.720	0.02885305
9.730	0.02882366
9.740	0.02879434
9.750	0.02876508
9.760	0.02873587
9.770	0.02870672
9.780	0.02867763
9.790	0.02864860
9.800	0.02861963
9.810	0.02859072
9.820	0.02856186
9.830	0.02853306
9.840	0.02850432
9.850	0.02847563
9.860	0.02844701
9.870	0.02841843
9.880	0.02838992
9.890	0.02836146
9.900	0.02833306
9.910	0.02830471
9.920	0.02827642
9.930	0.02824819
9.940	0.02822001
9.950	0.02819188
9.960	0.02816381
9.970	0.02813580
9.980	0.02810784
9.990	0.02807994
10.000	0.02805209
