0.000	0.99995469
0.020	0.99994980
0.040	0.99988597
0.060	0.99962341
0.080	0.99894966
0.100	0.99760961
0.120	0.99533756
0.140	0.99189588
0.160	0.98705502
0.180	0.98072121
0.200	0.97283004
0.220	0.96345483
0.240	0.95253820
0.260	0.94031844
0.280	0.92708082
0.300	0.91302940
0.320	0.89798376
0.340	0.88255742
0.360	0.86696812
0.380	0.85079001
0.400	0.83485373
0.420	0.81882928
0.440	0.80234439
0.460	0.78652301
0.480	0.77061393
0.500	0.75483510
0.520	0.73950420
0.540	0.72449573
0.560	0.70874310
0.580	0.69470124
0.600	0.68023381
0.620	0.66617553
0.640	0.65281498
0.660	0.63964995
0.680	0.62680317
0.700	0.61557849
0.720	0.60386709
0.740	0.59166508
0.760	0.58101130
0.780	0.57014914
0.800	0.55929986
0.820	0.54964373
0.840	0.53990386
0.860	0.52973807
0.880	0.52069714
0.900	0.51168011
0.920	0.50289211
0.940	0.49480126
0.960	0.48715656
0.980	0.47837649
1.000	0.47173900
1.020	0.46360236
1.040	0.45633422
1.060	0.44775542
1.080	0.44405229
1.100	0.43628145
1.120	0.43021213
1.140	0.42255048
1.160	0.41844695
1.180	0.41154244
1.200	0.40604446
1.220	0.40002718
1.240	0.39634685
1.260	0.39083768
1.280	0.38419311
1.300	0.38000463
1.320	0.37567514
1.340	0.37127741
1.360	0.36566788
1.380	0.36181941
1.400	0.35743930
1.420	0.35276362
1.440	0.34886852
1.460	0.34562370
1.480	0.34126732
1.500	0.33781496
1.520	0.33467177
1.540	0.33064648
1.560	0.32699975
1.580	0.32466752
1.600	0.32016013
1.620	0.31816733
1.640	0.31601029
1.660	0.31049820
1.680	0.30999139
1.700	0.30615214
1.720	0.30488618
1.740	0.30150617
1.760	0.29761587
1.780	0.29678609
1.800	0.29348099
1.820	0.28999944
1.840	0.28861329
1.860	0.28515040
1.880	0.28342674
1.900	0.28022926
1.920	0.27841854
1.940	0.27583203
1.960	0.27396767
1.980	0.27205180
2.000	0.26924018
