0.000	1.00000000
0.020	0.99999855
0.040	0.99997695
0.060	0.99988436
0.080	0.99963743
0.100	0.99914642
0.120	0.99828054
0.140	0.99685764
0.160	0.99502396
0.180	0.99217099
0.200	0.98866465
0.220	0.98391216
0.240	0.97906380
0.260	0.97124778
0.280	0.96559801
0.300	0.95539967
0.320	0.94746501
0.340	0.93446224
0.360	0.92392853
0.380	0.91729445
0.400	0.90062491
0.420	0.89654139
0.440	0.87831900
0.460	0.86703161
0.480	0.84646231
0.500	0.82867486
0.520	0.83079469
0.540	0.82352378
0.560	0.80560672
0.580	0.78891645
0.600	0.78415984
0.620	0.77647138
0.640	0.75436289
0.660	0.77947161
0.680	0.74907090
0.700	0.73936317
0.720	0.72998443
0.740	0.70536264
0.760	0.72110733
0.780	0.72014872
0.800	0.70068184
0.820	0.69755269
0.840	0.70136208
0.860	0.67637669
0.880	0.67682403
0.900	0.68137580
0.920	0.68186670
0.940	0.68308015
0.960	0.68136877
0.980	0.67125498
1.000	0.66796526
1.020	0.67988709
1.040	0.66354432
1.060	0.67874168
1.080	0.66226264
1.100	0.66897591
1.120	0.65018435
1.140	0.65644168
1.160	0.65653315
1.180	0.65319723
1.200	0.63803519
1.220	0.64568013
1.240	0.63633310
1.260	0.65017716
1.280	0.64458570
1.300	0.64791314
1.320	0.63724260
1.340	0.64934293
1.360	0.62889126
1.380	0.63386740
1.400	0.66005590
1.420	0.64645814
1.440	0.62992145
1.460	0.62697203
1.480	0.63435583
1.500	0.65059543
1.520	0.62967172
1.540	0.63198688
1.560	0.64451027
1.580	0.62992389
1.600	0.62384221
1.620	0.63389152
1.640	0.64026829
1.660	0.62865672
1.680	0.60642650
1.700	0.63143530
1.720	0.63085317
1.740	0.62708465
1.760	0.61545591
1.780	0.63580398
1.800	0.63921932
1.820	0.62807665
1.840	0.62737167
1.860	0.63222047
1.880	0.62408789
1.900	0.62041179
1.920	0.63127090
1.940	0.61797866
1.960	0.63633353
1.980	0.60892563
2.000	0.61500441
