0.000	1.00000000
0.040	0.99997630
0.080	0.99962307
0.120	0.99764899
0.160	0.99271743
0.200	0.98464412
0.240	0.96836339
0.280	0.95592019
0.320	0.93924621
0.360	0.91726906
0.400	0.89998963
0.440	0.88377163
0.480	0.87382565
0.520	0.86317757
0.560	0.84283210
0.600	0.82459629
0.640	0.82193098
0.680	0.81087942
0.720	0.81749532
0.760	0.80402038
0.800	0.79309569
0.840	0.78369660
0.880	0.79210006
0.920	0.77988354
0.960	0.77584514
1.000	0.75996774
1.040	0.78165512
1.080	0.76399675
1.120	0.77678261
1.160	0.76235220
1.200	0.76061492
1.240	0.74288160
1.280	0.74774166
1.320	0.75322589
1.360	0.75036252
1.400	0.74408841
1.440	0.76413911
1.480	0.75249695
1.520	0.74689690
1.560	0.75428702
1.600	0.74473252
1.640	0.74583775
1.680	0.73627544
1.720	0.74504096
1.760	0.74014017
1.800	0.73520515
1.840	0.73999876
1.880	0.73112450
1.920	0.73758777
1.960	0.73533396
2.000	0.74107300
