0.000	0.99995669
0.040	0.99988806
0.080	0.99895345
0.120	0.99518137
0.160	0.98687577
0.200	0.97255607
0.240	0.94968161
0.280	0.92405195
0.320	0.89451525
0.360	0.86065696
0.400	0.83340114
0.440	0.80126044
0.480	0.76815871
0.520	0.73443950
0.560	0.70435944
0.600	0.67860346
0.640	0.64657750
0.680	0.62324633
0.720	0.60435212
0.760	0.58778332
0.800	0.56263380
0.840	0.55590762
0.880	0.52717580
0.920	0.51254068
0.960	0.49375642
1.000	0.48574282
1.040	0.46631785
1.080	0.45414428
1.120	0.44579471
1.160	0.43670746
1.200	0.43627718
1.240	0.42540469
1.280	0.40954516
1.320	0.39464312
1.360	0.39752181
1.400	0.38162303
1.440	0.38175234
1.480	0.37417384
1.520	0.36762553
1.560	0.35518788
1.600	0.35515711
1.640	0.34875141
1.680	0.34820765
1.720	0.34474312
1.760	0.33682154
1.800	0.32543447
1.840	0.33808332
1.880	0.32239010
1.920	0.32086177
1.960	0.31551305
2.000	0.31548481
