0.000	0.99995683
0.040	0.99988709
0.080	0.99895960
0.120	0.99534460
0.160	0.98702805
0.200	0.97248311
0.240	0.95236017
0.280	0.92719109
0.320	0.90081894
0.360	0.86943595
0.400	0.83769366
0.440	0.80899124
0.480	0.77768136
0.520	0.74643322
0.560	0.71932921
0.600	0.69243544
0.640	0.66477932
0.680	0.63905423
0.720	0.62535494
0.760	0.60361393
0.800	0.58492621
0.840	0.56801691
0.880	0.54902883
0.920	0.53516548
0.960	0.52601694
1.000	0.50471220
1.040	0.50347514
1.080	0.48781226
1.120	0.47565482
1.160	0.46440398
1.200	0.45339117
1.240	0.45358327
1.280	0.43336176
1.320	0.42302168
1.360	0.41609762
1.400	0.41624020
1.440	0.40288108
1.480	0.39446325
1.520	0.39614194
1.560	0.39405258
1.600	0.38193352
1.640	0.38245756
1.680	0.37191081
1.720	0.36894525
1.760	0.37276430
1.800	0.36343436
1.840	0.35848581
1.880	0.35408406
1.920	0.35658215
1.960	0.34953454
2.000	0.34972445
