0.000	1.00000000
0.020	0.99999855
0.040	0.99997714
0.060	0.99988751
0.080	0.99965794
0.100	0.99920518
0.120	0.99842043
0.140	0.99726281
0.160	0.99561650
0.180	0.99340036
0.200	0.99074244
0.220	0.98753723
0.240	0.98358657
0.260	0.97954479
0.280	0.97471632
0.300	0.96977136
0.320	0.96394048
0.340	0.95933802
0.360	0.95243447
0.380	0.94620918
0.400	0.93800445
0.420	0.93530643
0.440	0.92928859
0.460	0.92080307
0.480	0.91850764
0.500	0.91054900
0.520	0.90117375
0.540	0.89936124
0.560	0.89416432
0.580	0.88402456
0.600	0.88214577
0.620	0.87529468
0.640	0.87426534
0.660	0.86718253
0.680	0.86267507
0.700	0.86039042
0.720	0.84470764
0.740	0.83963907
0.760	0.83731575
0.780	0.83799820
0.800	0.82851869
0.820	0.82284560
0.840	0.82271468
0.860	0.82338493
0.880	0.81488288
0.900	0.82727933
0.920	0.81488842
0.940	0.81805278
0.960	0.82318866
0.980	0.80924878
1.000	0.80384940
1.020	0.79463921
1.040	0.80546094
1.060	0.80056026
1.080	0.79696334
1.100	0.80190074
1.120	0.79852818
1.140	0.79607008
1.160	0.79405092
1.180	0.79136799
1.200	0.79157716
1.220	0.78602773
1.240	0.78559846
1.260	0.78287216
1.280	0.78226855
1.300	0.78757114
1.320	0.77922104
1.340	0.78656188
1.360	0.78036971
1.380	0.77504655
1.400	0.77050185
1.420	0.77890403
1.440	0.78356848
1.460	0.78313144
1.480	0.76218131
1.500	0.77281038
1.520	0.77646141
1.540	0.78644781
1.560	0.77837597
1.580	0.77790030
1.600	0.76520917
1.620	0.77955785
1.640	0.77146614
1.660	0.76731593
1.680	0.78149471
1.700	0.76584428
1.720	0.77366222
1.740	0.77575136
1.760	0.77066435
1.780	0.77554228
1.800	0.77034179
1.820	0.76782524
1.840	0.76364504
1.860	0.77355999
1.880	0.77612268
1.900	0.77711939
1.920	0.77209208
1.940	0.76315424
1.960	0.77373939
1.980	0.77302047
2.000	0.76710258
