0.000	1.00000000
0.020	0.99999853
0.040	0.99997566
0.060	0.99987266
0.080	0.99954843
0.100	0.99878013
0.120	0.99707347
0.140	0.99446818
0.160	0.99005562
0.180	0.98341549
0.200	0.97810630
0.220	0.97061549
0.240	0.96119798
0.260	0.95846883
0.280	0.94881488
0.300	0.94131575
0.320	0.93993958
0.340	0.92522188
0.360	0.92804035
0.380	0.91184122
0.400	0.90812797
0.420	0.90136871
0.440	0.90617180
0.460	0.90235649
0.480	0.89027496
0.500	0.88523550
0.520	0.88977466
0.540	0.88676106
0.560	0.88073168
0.580	0.87186941
0.600	0.86414634
0.620	0.86688879
0.640	0.86901545
0.660	0.86288810
0.680	0.85784704
0.700	0.86368633
0.720	0.85892144
0.740	0.85315712
0.760	0.85880974
0.780	0.85196191
0.800	0.84143010
0.820	0.83910096
0.840	0.84354334
0.860	0.84498336
0.880	0.84468469
0.900	0.83934768
0.920	0.83852365
0.940	0.84426875
0.960	0.83889748
0.980	0.84141213
1.000	0.83069087
1.020	0.83099717
1.040	0.83330107
1.060	0.83589675
1.080	0.82909251
1.100	0.81985437
1.120	0.82957628
1.140	0.83050611
1.160	0.82904547
1.180	0.83296223
1.200	0.81881176
1.220	0.82753725
1.240	0.82947258
1.260	0.82484796
1.280	0.81861331
1.300	0.81774330
1.320	0.80973921
1.340	0.81897314
1.360	0.83009400
1.380	0.82594693
1.400	0.82864419
1.420	0.82298188
1.440	0.81753149
1.460	0.81776303
1.480	0.81964923
1.500	0.81368603
1.520	0.81269207
1.540	0.81600117
1.560	0.82549687
1.580	0.81646598
1.600	0.81682904
1.620	0.81443441
1.640	0.82320347
1.660	0.82041454
1.680	0.80945475
1.700	0.80875156
1.720	0.80944546
1.740	0.82133824
1.760	0.80766337
1.780	0.81381679
1.800	0.80497550
1.820	0.80538233
1.840	0.80652225
1.860	0.80437565
1.880	0.80073204
1.900	0.81052084
1.920	0.80456469
1.940	0.80414574
1.960	0.81323046
1.980	0.81281941
2.000	0.80488045
