0.000	0.00000000
0.020	0.00157257
0.040	0.00621834
0.060	0.01380622
0.080	0.02415034
0.100	0.03628490
0.120	0.05039647
0.140	0.06644387
0.160	0.08181599
0.180	0.09828492
0.200	0.11396740
0.220	0.13201722
0.240	0.14467213
0.260	0.16304513
0.280	0.17155673
0.300	0.19046573
0.320	0.19727313
0.340	0.21084905
0.360	0.21487466
0.380	0.22795791
0.400	0.23749024
0.420	0.23533465
0.440	0.23928698
0.460	0.25481429
0.480	0.25553614
0.500	0.25846591
0.520	0.25780532
0.540	0.26377018
0.560	0.25924444
0.580	0.26100581
0.600	0.25770543
0.620	0.26281986
0.640	0.26945526
0.660	0.27211978
0.680	0.25879877
0.700	0.27310084
0.720	0.27325298
0.740	0.26887286
0.760	0.26209170
0.780	0.27344054
0.800	0.27174172
0.820	0.27459268
0.840	0.27159863
0.860	0.26004031
0.880	0.27315369
0.900	0.27702742
0.920	0.27752153
0.940	0.29851882
0.960	0.27435410
0.980	0.27235638
1.000	0.28034164
1.020	0.27583342
1.040	0.29048939
1.060	0.29153144
1.080	0.28433598
1.100	0.28567277
1.120	0.28819049
1.140	0.27854284
1.160	0.29096954
1.180	0.28920141
1.200	0.28891833
1.220	0.28957491
1.240	0.28317085
1.260	0.29348835
1.280	0.28728755
1.300	0.28021696
1.320	0.28285923
1.340	0.29097844
1.360	0.28354622
1.380	0.27963223
1.400	0.30314615
1.420	0.29071364
1.440	0.28376865
1.460	0.28808972
1.480	0.28780653
1.500	0.28823453
1.520	0.29884560
1.540	0.28910192
1.560	0.30180817
1.580	0.31288434
1.600	0.29553407
1.620	0.29196344
1.640	0.30608150
1.660	0.27515275
1.680	0.29740797
1.700	0.28405193
1.720	0.28897851
1.740	0.29751211
1.760	0.27614354
1.780	0.31023623
1.800	0.30165386
1.820	0.29942459
1.840	0.32067598
1.860	0.29758507
1.880	0.29903354
1.900	0.28169951
1.920	0.30363127
1.940	0.28358319
1.960	0.29214656
1.980	0.30182179
2.000	0.29006535
