0.000	0.00000000
0.020	0.00157182
0.040	0.00620756
0.060	0.01367627
0.080	0.02361701
0.100	0.03557301
0.120	0.04902025
0.140	0.06349883
0.160	0.07838058
0.180	0.09330631
0.200	0.10777343
0.220	0.12170695
0.240	0.13479820
0.260	0.14701945
0.280	0.15802297
0.300	0.16803307
0.320	0.17697083
0.340	0.18470511
0.360	0.19170291
0.380	0.19793228
0.400	0.20295128
0.420	0.20808699
0.440	0.21175854
0.460	0.21496745
0.480	0.21779382
0.500	0.21979112
0.520	0.22056338
0.540	0.22189716
0.560	0.22274242
0.580	0.22345601
0.600	0.22401803
0.620	0.22377935
0.640	0.22410402
0.660	0.22332260
0.680	0.22210752
0.700	0.22334773
0.720	0.22215637
0.740	0.22178533
0.760	0.21972464
0.780	0.21995228
0.800	0.21924341
0.820	0.21587191
0.840	0.21569196
0.860	0.21410199
0.880	0.21220116
0.900	0.21137289
0.920	0.21161300
0.940	0.20949737
0.960	0.21032487
0.980	0.20879874
1.000	0.20684832
1.020	0.20343625
1.040	0.20395620
1.060	0.20187724
1.080	0.20035430
1.100	0.19971170
1.120	0.19914549
1.140	0.19853892
1.160	0.19546289
1.180	0.19684968
1.200	0.19411460
1.220	0.19376314
1.240	0.19318170
1.260	0.18977559
1.280	0.18904816
1.300	0.18773966
1.320	0.18855521
1.340	0.18654308
1.360	0.18695073
1.380	0.18493494
1.400	0.18391903
1.420	0.18556990
1.440	0.18649763
1.460	0.18274684
1.480	0.18127354
1.500	0.18453821
1.520	0.17834455
1.540	0.18025866
1.560	0.17563930
1.580	0.18003157
1.600	0.17721300
1.620	0.17611390
1.640	0.17735784
1.660	0.17646567
1.680	0.17499555
1.700	0.17752604
1.720	0.17281329
1.740	0.16853477
1.760	0.17237599
1.780	0.17416077
1.800	0.17217884
1.820	0.16808427
1.840	0.16967317
1.860	0.16962974
1.880	0.16652959
1.900	0.16815714
1.920	0.16542642
1.940	0.16883185
1.960	0.16775687
1.980	0.16653051
2.000	0.16493897
