0.000	0.00000000
0.020	0.00151099
0.040	0.00597686
0.061	0.01320141
0.081	0.02287419
0.101	0.03459321
0.121	0.04789291
0.141	0.06227500
0.162	0.07723877
0.182	0.09230892
0.202	0.10705829
0.222	0.12112614
0.242	0.13422887
0.263	0.14616490
0.283	0.15681463
0.303	0.16613281
0.323	0.17413903
0.343	0.18090407
0.364	0.18653795
0.384	0.19117165
0.404	0.19494475
0.424	0.19799416
0.444	0.20044355
0.465	0.20239823
0.485	0.20393954
0.505	0.20512751
0.525	0.20599826
0.545	0.20657229
0.566	0.20685524
0.586	0.20684508
0.606	0.20653842
0.626	0.20593416
0.646	0.20503682
0.667	0.20386287
0.687	0.20243468
0.707	0.20078730
0.727	0.19896345
0.747	0.19700957
0.768	0.19497651
0.788	0.19290996
0.808	0.19085293
0.828	0.18883873
0.848	0.18689011
0.869	0.18501944
0.889	0.18322621
0.909	0.18150186
0.929	0.17982858
0.949	0.17818313
0.970	0.17654218
0.990	0.17487993
1.010	0.17317789
1.030	0.17142107
1.051	0.16960237
1.071	0.16772306
1.091	0.16579501
1.111	0.16383179
1.131	0.16185553
1.152	0.15989234
1.172	0.15796460
1.192	0.15609514
1.212	0.15430244
1.232	0.15259854
1.253	0.15098683
1.273	0.14946541
1.293	0.14802683
1.313	0.14664932
1.333	0.14532181
1.354	0.14401900
1.374	0.14272508
1.394	0.14141472
1.414	0.14008240
1.434	0.13871476
1.455	0.13730890
1.475	0.13587219
1.495	0.13441215
1.515	0.13294311
1.535	0.13148172
1.556	0.13004752
1.576	0.12865506
1.596	0.12732204
1.616	0.12605327
1.636	0.12485966
1.657	0.12373412
1.677	0.12267647
1.697	0.12167356
1.717	0.12071102
1.737	0.11977491
1.758	0.11884405
1.778	0.11790777
1.798	0.11695258
1.818	0.11596923
1.838	0.11495536
1.859	0.11390977
1.879	0.11284342
1.899	0.11176163
1.919	0.11067886
1.939	0.10960967
1.960	0.10856874
1.980	0.10756653
2.000	0.10661529
