0.000	0.00000000
0.020	0.00157362
0.040	0.00622434
0.060	0.01375641
0.080	0.02378691
0.100	0.03602987
0.120	0.04990154
0.140	0.06421968
0.160	0.07969693
0.180	0.09405874
0.200	0.10855998
0.220	0.12237384
0.240	0.13565202
0.260	0.14721583
0.280	0.15689469
0.300	0.16584083
0.320	0.17383026
0.340	0.18076127
0.360	0.18715327
0.380	0.19156542
0.400	0.19486890
0.420	0.19875140
0.440	0.20199943
0.460	0.20522225
0.480	0.20874860
0.500	0.20945063
0.520	0.21038750
0.540	0.21165106
0.560	0.21012817
0.580	0.21070156
0.600	0.21380611
0.620	0.21036813
0.640	0.21060484
0.660	0.20895983
0.680	0.21022151
0.700	0.20915146
0.720	0.20599507
0.740	0.20918167
0.760	0.20918581
0.780	0.20532804
0.800	0.20541079
0.820	0.20151935
0.840	0.20446850
0.860	0.20310282
0.880	0.19956800
0.900	0.19828558
0.920	0.20098605
0.940	0.20013152
0.960	0.19607190
0.980	0.19359222
1.000	0.19914848
1.020	0.19092327
1.040	0.19257053
1.060	0.19362150
1.080	0.18926237
1.100	0.18679273
1.120	0.18802087
1.140	0.18585175
1.160	0.18605222
1.180	0.18381024
1.200	0.18524160
1.220	0.18107914
1.240	0.18413908
1.260	0.17980210
1.280	0.18063594
1.300	0.17842357
1.320	0.17880562
1.340	0.17606802
1.360	0.18452996
1.380	0.17735613
1.400	0.17281623
1.420	0.17632802
1.440	0.17612343
1.460	0.17094859
1.480	0.17264899
1.500	0.17166555
1.520	0.17048790
1.540	0.17049690
1.560	0.16558175
1.580	0.16592315
1.600	0.16888139
1.620	0.16999892
1.640	0.16314996
1.660	0.17126361
1.680	0.17141920
1.700	0.17199940
1.720	0.16595703
1.740	0.16694925
1.760	0.15968347
1.780	0.16671855
1.800	0.16632928
1.820	0.15623963
1.840	0.16577347
1.860	0.16033695
1.880	0.16274573
1.900	0.16144226
1.920	0.15880341
1.940	0.15726455
1.960	0.15549864
1.980	0.15897369
2.000	0.15575685
