0.000	0.00000000
0.020	0.00157098
0.040	0.00620988
0.060	0.01368496
0.080	0.02362596
0.100	0.03566471
0.120	0.04881346
0.140	0.06329916
0.160	0.07780863
0.180	0.09246804
0.200	0.10750520
0.220	0.12072763
0.240	0.13415918
0.260	0.14513826
0.280	0.15634946
0.300	0.16622281
0.320	0.17431298
0.340	0.18129537
0.360	0.18807534
0.380	0.19367031
0.400	0.19808705
0.420	0.20109328
0.440	0.20793606
0.460	0.20602263
0.480	0.20910020
0.500	0.21138542
0.520	0.21201620
0.540	0.21225716
0.560	0.21307948
0.580	0.21152215
0.600	0.20899148
0.620	0.20935723
0.640	0.21014679
0.660	0.20806380
0.680	0.20680742
0.700	0.20337293
0.720	0.20415989
0.740	0.20277269
0.760	0.20270274
0.780	0.19876305
0.800	0.19962741
0.820	0.19606825
0.840	0.19690159
0.860	0.19363413
0.880	0.18996056
0.900	0.18604021
0.920	0.18651182
0.940	0.18722723
0.960	0.18361056
0.980	0.18104409
1.000	0.17576890
1.020	0.17788887
1.040	0.17630022
1.060	0.17208553
1.080	0.17376322
1.100	0.17081373
1.120	0.16749307
1.140	0.17055856
1.160	0.16619237
1.180	0.16077649
1.200	0.16472611
1.220	0.16041160
1.240	0.16047423
1.260	0.16107816
1.280	0.15735213
1.300	0.15236547
1.320	0.15095461
1.340	0.15436542
1.360	0.15425417
1.380	0.14893962
1.400	0.14781511
1.420	0.14719375
1.440	0.14968538
1.460	0.14490586
1.480	0.14556676
1.500	0.14105002
1.520	0.14166425
1.540	0.13876952
1.560	0.14423366
1.580	0.13992523
1.600	0.13640364
1.620	0.13869755
1.640	0.13546479
1.660	0.13308079
1.680	0.13160913
1.700	0.13117521
1.720	0.13241875
1.740	0.13102645
1.760	0.12659392
1.780	0.12529643
1.800	0.12568914
1.820	0.12671283
1.840	0.12379740
1.860	0.12472365
1.880	0.12536963
1.900	0.12266556
1.920	0.12228182
1.940	0.11807991
1.960	0.12230865
1.980	0.11420255
2.000	0.11662707
