0.000	0.00000000
0.040	0.00622870
0.080	0.02393167
0.120	0.05045481
0.160	0.08268134
0.200	0.11694036
0.240	0.14960762
0.280	0.18044195
0.320	0.20818911
0.360	0.23072714
0.400	0.25133066
0.440	0.26685664
0.480	0.27894176
0.520	0.29170836
0.560	0.30617148
0.600	0.31317429
0.640	0.31628784
0.680	0.31855100
0.720	0.32558859
0.760	0.33022877
0.800	0.33029019
0.840	0.33245056
0.880	0.33882308
0.920	0.35125431
0.960	0.34925268
1.000	0.34353460
1.040	0.35903104
1.080	0.35024586
1.120	0.35247217
1.160	0.34952458
1.200	0.35632616
1.240	0.35323716
1.280	0.36184847
1.320	0.35677100
1.360	0.35682936
1.400	0.36034256
1.440	0.36114130
1.480	0.36021672
1.520	0.34879688
1.560	0.35983344
1.600	0.36217727
1.640	0.36795134
1.680	0.36149275
1.720	0.37343915
1.760	0.36558727
1.800	0.36512032
1.840	0.36756691
1.880	0.36575430
1.920	0.36215086
1.960	0.36965710
2.000	0.36926483
