0.000	0.00016774
0.020	0.00168304
0.040	0.00618603
0.061	0.01354995
0.081	0.02357052
0.101	0.03597613
0.121	0.05044025
0.141	0.06659743
0.162	0.08405971
0.182	0.10243360
0.202	0.12133616
0.222	0.14040980
0.242	0.15933529
0.263	0.17783955
0.283	0.19570326
0.303	0.21276313
0.323	0.22891070
0.343	0.24408726
0.364	0.25828211
0.384	0.27151979
0.404	0.28385306
0.424	0.29535378
0.444	0.30610130
0.465	0.31617887
0.485	0.32566184
0.505	0.33461546
0.525	0.34309262
0.545	0.35113106
0.566	0.35875337
0.586	0.36597128
0.606	0.37278728
0.626	0.37919878
0.646	0.38520158
0.667	0.39079593
0.687	0.39598359
0.707	0.40077570
0.727	0.40519076
0.747	0.40925762
0.768	0.41300832
0.788	0.41648155
0.808	0.41971947
0.828	0.42276302
0.848	0.42565061
0.869	0.42841463
0.889	0.43108166
0.909	0.43366909
0.929	0.43618720
0.949	0.43863442
0.970	0.44100760
0.990	0.44329604
1.010	0.44548434
1.030	0.44756151
1.051	0.44951313
1.071	0.45133069
1.091	0.45301154
1.111	0.45455631
1.131	0.45597236
1.152	0.45727453
1.172	0.45848033
1.192	0.45960719
1.212	0.46067763
1.232	0.46171223
1.253	0.46272708
1.273	0.46373699
1.293	0.46475033
1.313	0.46576824
1.333	0.46679063
1.354	0.46781039
1.374	0.46881790
1.394	0.46979762
1.414	0.47074078
1.434	0.47163259
1.455	0.47246211
1.475	0.47322320
1.495	0.47391755
1.515	0.47454262
1.535	0.47510691
1.556	0.47562017
1.576	0.47609467
1.596	0.47654638
1.616	0.47698580
1.636	0.47742981
1.657	0.47788267
1.677	0.47835631
1.697	0.47885118
1.717	0.47936571
1.737	0.47989545
1.758	0.48043085
1.778	0.48096360
1.798	0.48148202
1.818	0.48197455
1.838	0.48243361
1.859	0.48285100
1.879	0.48322355
1.899	0.48355168
1.919	0.48383749
1.939	0.48408942
1.960	0.48431486
1.980	0.48452494
2.000	0.48473076
